,date,open,high,low,close,volume,pattern1,pattern2,pattern3,nasdaq
0,2012-01-02,5160,5410,5050,5160,5980,K00,,,
1,2012-01-03,5100,5280,5100,5200,11530,P03,K00P03,,
2,2012-01-04,5160,5300,5110,5230,6350,P05,P00P05,P10P05,U04
3,2012-01-05,5180,5340,5180,5270,590,P03,P00P03,P10P03,T01
4,2012-01-06,5210,5250,5000,5250,6450,P02,P00P02,P10P02,U04
5,2012-01-09,5200,5250,5030,5210,2480,K01,P00K01,P10K01,U02
6,2012-01-10,5180,5300,5120,5160,6830,M05,K00M05,S04M05,U01
7,2012-01-11,5120,5190,5010,5150,5580,P05,M00P05,S04P05,U04
8,2012-01-12,5150,5200,5050,5170,7194,K01,P00K01,S08K01,U04
9,2012-01-13,5100,5250,4960,5100,24031,K00,K00K00,S04K00,U04
10,2012-01-16,5010,5090,4975,5050,4470,P05,K00P05,P10P05,U04
11,2012-01-17,4980,5150,4980,5060,7361,P03,P00P03,P10P03,D04
12,2012-01-18,5000,5070,4960,4970,13871,M05,P00M05,P10M05,U04
13,2012-01-19,4970,5050,4960,5050,8487,P01,M00P01,S07P01,U04
14,2012-01-20,5010,5120,4935,5090,13104,P05,P00P05,S02P05,U04
15,2012-01-25,5020,5140,4940,5070,4150,P05,P00P05,P10P05,U01
16,2012-01-26,5030,5170,5020,5080,5190,P05,P00P05,P10P05,U04
17,2012-01-27,5050,5080,4970,5080,27710,P02,P00P02,P10P02,D04
18,2012-01-30,5080,5240,5020,5130,12999,P05,P00P05,S04P05,U04
19,2012-01-31,5130,5220,5030,5050,20090,M05,P00M05,P10M05,T01
20,2012-02-01,5010,5100,4970,5100,23601,P01,M00P01,S07P01,U01
21,2012-02-02,5020,5180,5010,5180,28650,P01,P00P01,S00P01,U04
22,2012-02-03,5140,5670,5140,5480,38021,P03,P00P03,P10P03,U04
23,2012-02-06,5480,5550,5400,5460,7390,M05,P00M05,P10M05,U04
24,2012-02-07,5400,5490,5310,5360,8853,M05,M00M05,S03M05,T01
25,2012-02-08,5320,5500,5320,5370,12861,P04,M00P04,M10P04,U01
26,2012-02-09,5400,5640,5360,5370,17956,M05,P00M05,S00M05,U04
27,2012-02-10,5370,5480,5330,5420,15702,P05,M00P05,S03P05,U04
28,2012-02-13,5360,6200,5360,6010,88532,P13,P00P13,S04P13,D04
29,2012-02-14,5930,6190,5920,6150,35269,P05,P10P05,P10P05,U04
30,2012-02-15,6200,6510,6200,6430,42906,P03,P00P03,P10P03,T01
31,2012-02-16,6530,6710,6410,6710,38832,P01,P00P01,P10P01,D04
32,2012-02-17,6700,6860,6530,6800,23421,P05,P00P05,P10P05,U04
33,2012-02-20,6610,6820,6580,6650,21752,P05,P00P05,P10P05,U04
34,2012-02-21,6700,6740,6480,6600,15160,M05,P00M05,P10M05,T01
35,2012-02-22,6700,6700,6370,6560,15191,M01,M00M01,S07M01,T01
36,2012-02-23,6670,6670,6300,6480,17966,M01,M00M01,M10M01,D04
37,2012-02-24,6690,7370,6490,7200,93451,P05,M00P05,M10P05,U04
38,2012-02-27,7400,7500,7110,7280,43272,M05,P00M05,S01M05,U03
39,2012-02-28,7290,7290,6900,7190,17310,M02,M00M02,S05M02,U01
40,2012-02-29,7280,7280,7090,7200,11790,M01,M00M01,M10M01,U04
41,2012-03-02,7550,7550,7090,7190,12780,M01,M00M01,M10M01,U04
42,2012-03-05,7190,7190,6910,6980,10210,M01,M00M01,M10M01,D04
43,2012-03-06,6980,6980,6650,6650,11202,M00,M00M00,M10M00,D04
44,2012-03-07,6360,6610,6360,6570,16180,P03,M00P03,M10P03,D04
45,2012-03-08,6500,6640,6450,6450,16050,M04,P00M04,S08M04,U04
46,2012-03-09,6450,6620,6300,6550,12370,P05,M00P05,S06P05,U04
47,2012-03-12,6500,6560,6370,6380,8430,M05,P00M05,S02M05,U04
48,2012-03-13,6310,6520,6310,6380,16338,P04,M00P04,S07P04,T01
49,2012-03-14,6650,7100,6500,6700,38990,P05,P00P05,S08P05,U04
50,2012-03-15,6710,6790,6400,6780,15500,P05,P00P05,P10P05,T01
51,2012-03-16,6850,6900,6600,6830,15333,M05,P00M05,P10M05,U04
52,2012-03-19,6900,6900,6590,6700,17623,M01,M00M01,S05M01,T01
53,2012-03-20,6740,6850,6600,6660,12490,M05,M00M05,M10M05,U04
54,2012-03-21,6690,6790,6620,6730,3713,P05,M00P05,M10P05,T01
55,2012-03-22,6650,6670,6400,6640,5190,M05,P00M05,S01M05,U01
56,2012-03-23,6520,6590,6360,6360,9108,M03,M00M03,S07M03,D04
57,2012-03-26,6440,6440,6120,6260,28570,M01,M00M01,M10M01,U02
58,2012-03-27,6360,6360,6100,6260,7990,M01,M00M01,M10M01,U04
59,2012-03-28,6350,6350,6080,6100,5210,M01,M00M01,M10M01,T01
60,2012-03-29,6010,6010,5800,5870,17031,M01,M00M01,M10M01,D04
61,2012-03-30,5890,6230,5820,6080,7161,P05,M00P05,M10P05,D04
62,2012-04-02,6410,6410,6120,6360,15300,M02,P00M02,S01M02,T01
63,2012-04-03,6360,6360,6130,6280,8700,M01,M00M01,S05M01,U04
64,2012-04-04,6280,6290,5900,5930,10322,M05,M00M05,M10M05,T01
65,2012-04-05,5890,6150,5890,6090,6782,P03,M00P03,M10P03,D04
66,2012-04-06,6000,6000,5870,5980,2620,M02,P00M02,S00M02,D04
67,2012-04-09,5880,5990,5810,5980,4860,P05,M00P05,S06P05,U04
68,2012-04-10,5900,6100,5750,5850,11925,M05,P00M05,S08M05,D04
69,2012-04-12,5850,5890,5660,5870,20284,K01,M00K01,S07K01,U04
70,2012-04-13,5860,6120,5800,5840,21830,M05,K00M05,S04M05,U04
71,2012-04-16,5700,5840,5700,5800,4240,P03,M00P03,S04P03,D04
72,2012-04-17,5800,6090,5790,5920,10210,P05,P00P05,S08P05,D04
73,2012-04-18,5850,6140,5850,5910,1089,P04,P00P04,P10P04,U04
74,2012-04-19,5900,5900,5660,5680,21760,M01,P00M01,P10M01,D04
75,2012-04-20,5670,5780,5660,5670,6610,K02,M00K02,S07K02,D04
76,2012-04-23,5660,6240,5350,5350,23390,M03,K00M03,M10M03,T01
77,2012-04-24,5310,5460,5040,5400,30799,P05,M00P05,S07P05,D04
78,2012-04-25,5430,5700,5200,5220,10136,M05,P00M05,S00M05,D04
79,2012-04-26,5300,5440,5100,5300,8641,K00,M00K00,S07K00,U04
80,2012-04-27,5230,5390,5220,5280,5512,P05,K00P05,M10P05,U04
81,2012-04-30,5310,5440,5100,5410,6700,P05,P00P05,P10P05,U04
82,2012-05-02,5500,5590,5290,5430,6104,M05,P00M05,P10M05,U02
83,2012-05-03,5500,5500,5360,5400,4754,M01,M00M01,S05M01,U04
84,2012-05-04,5550,5580,5400,5480,3880,M05,M00M05,M10M05,D04
85,2012-05-07,5510,5590,5210,5210,26088,M03,M00M03,M10M03,D04
86,2012-05-08,5380,5380,5180,5270,4304,M01,M00M01,M10M01,U01
87,2012-05-09,5230,5300,5180,5260,6150,P05,M00P05,M10P05,D04
88,2012-05-10,5200,6040,5200,5680,218090,P03,P00P03,S08P03,D04
89,2012-05-11,5600,5620,5260,5610,64770,K01,P00K01,P10K01,T01
90,2012-05-14,5690,5690,5220,5350,16284,M01,K00M01,P10M01,T01
91,2012-05-15,5470,5480,4950,5230,11083,M05,M00M05,S07M05,D04
92,2012-05-16,5240,5240,4900,4970,39782,M01,M00M01,M10M01,D04
93,2012-05-17,4985,5200,4925,5120,5810,P05,M00P05,M10P05,D04
94,2012-05-18,5110,5110,4700,5000,4822,M02,P00M02,S01M02,D04
95,2012-05-21,5040,5040,4990,5020,1252,M01,M00M01,S06M01,D04
96,2012-05-22,4885,5230,4885,5080,3136,P03,M00P03,M10P03,U04
97,2012-05-23,5100,5100,5000,5060,1820,M01,P00M01,S02M01,D04
98,2012-05-24,5170,5170,4910,5140,6684,M02,M00M02,S03M02,U04
99,2012-05-25,4975,5250,4975,5170,5420,P03,M00P03,M10P03,D04
100,2012-05-29,5200,5200,5010,5170,2600,M02,P00M02,S02M02,T01
101,2012-05-30,5170,5260,5000,5070,7780,M05,M00M05,S03M05,U04
102,2012-05-31,5040,5250,4920,5220,5240,P05,M00P05,M10P05,D04
103,2012-06-01,5220,5690,5220,5420,29910,P03,P00P03,S02P03,D04
104,2012-06-04,5160,5280,4900,4945,12603,M05,P00M05,P10M05,D04
105,2012-06-05,5100,5150,4980,5150,5190,P02,M00P02,S07P02,U04
106,2012-06-07,5180,5390,5100,5280,8710,P05,P00P05,S01P05,U04
107,2012-06-08,5490,5490,5000,5030,18361,M01,P00M01,P10M01,D04
108,2012-06-11,5080,5120,5040,5060,7860,M05,M00M05,S07M05,U04
109,2012-06-12,5080,5200,5000,5190,6856,P05,M00P05,M10P05,D04
110,2012-06-13,5200,5400,5100,5330,12294,P05,P00P05,S01P05,U04
111,2012-06-14,5220,5310,4995,5170,58260,M05,P00M05,P10M05,D04
112,2012-06-15,5150,5150,4980,4980,35532,M00,M00M00,S07M00,U04
113,2012-06-18,5010,5140,5010,5080,13770,P03,M00P03,M10P03,U04
114,2012-06-19,5210,5210,5090,5150,8600,M01,P00M01,S01M01,U04
115,2012-06-20,5190,5190,5080,5140,13385,M01,M00M01,S05M01,U04
116,2012-06-21,5220,5220,5100,5210,6960,M02,M00M02,M10M02,T01
117,2012-06-22,5050,5170,4995,5040,29630,M05,M00M05,M10M05,D04
118,2012-06-25,5090,5130,5010,5080,5890,M05,M00M05,M10M05,U04
119,2012-06-26,5050,5170,5010,5050,4676,K00,M00K00,S04K00,D04
120,2012-06-27,5050,5150,5050,5090,2510,P03,K00P03,S04P03,U04
121,2012-06-28,5120,5260,5000,5070,12950,M05,P00M05,S04M05,U04
122,2012-06-29,5060,5130,5060,5110,2260,P03,M00P03,S03P03,D04
123,2012-07-02,5090,5200,5090,5160,4670,P03,P00P03,S00P03,U04
124,2012-07-03,5190,5200,5090,5190,7160,K01,P00K01,P10K01,U04
125,2012-07-04,5200,5340,5180,5290,16120,P05,K00P05,P10P05,U04
126,2012-07-05,5300,5380,5250,5330,3150,P05,P00P05,P10P05,U04
127,2012-07-06,5270,5420,5240,5310,12890,P05,P00P05,P10P05,T01
128,2012-07-09,5400,5480,5270,5360,3820,M05,P00M05,P10M05,D04
129,2012-07-10,5400,5400,5220,5340,3070,M02,M00M02,S05M02,T01
130,2012-07-11,5370,5380,5200,5260,7700,M05,M00M05,M10M05,D04
131,2012-07-12,5310,5310,5050,5090,10900,M01,M00M01,M10M01,D04
132,2012-07-13,5160,5160,5000,5100,12090,M01,M00M01,M10M01,D04
133,2012-07-16,5150,5150,4995,5000,6380,M01,M00M01,M10M01,U04
134,2012-07-17,4980,5060,4950,5060,4570,P01,M00P01,M10P01,D04
135,2012-07-18,5000,5100,4950,5020,15640,K00,P00K00,S00K00,U04
136,2012-07-19,5070,5070,4905,4940,16930,M01,K00M01,P10M01,U04
137,2012-07-20,4960,4985,4870,4940,16480,M05,M00M05,S07M05,U04
138,2012-07-23,4900,4900,4780,4820,9170,M01,M00M01,M10M01,D04
139,2012-07-24,4795,4840,4745,4790,3010,M05,M00M05,M10M05,D04
140,2012-07-25,4790,4790,4560,4560,16430,M00,M00M00,M10M00,D04
141,2012-07-26,4560,4670,4540,4660,7031,P05,M00P05,M10P05,D04
142,2012-07-27,4700,4740,4620,4640,6731,M05,P00M05,S00M05,U04
143,2012-07-30,4640,4790,4640,4690,1720,P04,M00P04,S03P04,U04
144,2012-07-31,4670,4850,4670,4720,5002,P04,P00P04,S00P04,D04
145,2012-08-01,4720,4800,4715,4765,12000,P05,P00P05,P10P05,T01
146,2012-08-02,4765,4780,4710,4720,2827,M05,P00M05,P10M05,D04
147,2012-08-03,4710,4720,4675,4690,1970,M05,M00M05,S04M05,D04
148,2012-08-06,4720,4760,4710,4745,1745,P05,M00P05,M10P05,U04
149,2012-08-07,4745,4785,4730,4785,6970,P01,P00P01,S01P01,U04
150,2012-08-08,4760,4900,4760,4780,2241,K02,P00K02,P10K02,U04
151,2012-08-09,4780,4860,4750,4800,14990,K00,K00K00,S04K00,T01
152,2012-08-10,4800,4830,4670,4830,8951,P02,K00P02,S04P02,U03
153,2012-08-13,4800,4970,4800,4950,2930,P03,P00P03,P10P03,U01
154,2012-08-14,4890,5000,4870,4980,2410,P05,P00P05,P10P05,U01
155,2012-08-16,5010,5260,5010,5180,27710,P03,P00P03,P10P03,U04
156,2012-08-17,5200,5260,4990,5200,43576,K01,P00K01,P10K01,U04
157,2012-08-20,5150,5250,5150,5240,8112,P03,K00P03,P10P03,U04
158,2012-08-21,5100,5270,5100,5180,10100,P03,P00P03,P10P03,T01
159,2012-08-22,5120,5300,5120,5260,7750,P03,P00P03,P10P03,D04
160,2012-08-23,5210,5540,5160,5370,62420,P05,P00P05,P10P05,U03
161,2012-08-24,5400,5400,5300,5320,19025,M01,P00M01,P10M01,D04
162,2012-08-27,5270,5400,5240,5400,9360,P01,M00P01,S03P01,U04
163,2012-08-28,5380,5420,5300,5420,4942,P01,P00P01,S02P01,U02
164,2012-08-29,5440,5490,5380,5470,7232,P05,P00P05,P10P05,U02
165,2012-08-30,5540,5540,5400,5460,5521,M01,P00M01,P10M01,U02
166,2012-08-31,5410,5550,5410,5430,6901,K02,M00K02,S03K02,D04
167,2012-09-03,5450,5540,5260,5340,15751,M05,K00M05,S08M05,D04
168,2012-09-04,5360,5450,5360,5420,21533,P03,M00P03,S07P03,U04
169,2012-09-05,5420,5420,5330,5410,3350,M02,P00M02,S01M02,U03
170,2012-09-06,5440,5550,5280,5400,18122,M05,M00M05,S03M05,T01
171,2012-09-07,5360,5420,5300,5320,32862,M05,M00M05,S04M05,U04
172,2012-09-10,5320,5400,5180,5200,25343,M05,M00M05,M10M05,T01
173,2012-09-11,5200,5300,5190,5280,16460,P05,M00P05,M10P05,D04
174,2012-09-12,5340,5340,5200,5290,12453,M01,P00M01,S00M01,T01
175,2012-09-13,5240,5310,5190,5250,20520,K00,M00K00,S05K00,U04
176,2012-09-14,5300,5420,5200,5240,76677,M05,K00M05,S08M05,U04
177,2012-09-17,5240,5260,5150,5240,47380,K01,M00K01,S07K01,U04
178,2012-09-18,5260,5400,5190,5350,54180,P05,K00P05,M10P05,T01
179,2012-09-19,5370,5410,5300,5350,17410,M05,P00M05,P10M05,T01
180,2012-09-20,5400,5510,5380,5500,39210,P05,M00P05,S03P05,U02
181,2012-09-21,5520,5580,5450,5500,11722,M05,P00M05,S01M05,T01
182,2012-09-24,5500,5610,5450,5470,16661,M05,M00M05,S03M05,U02
183,2012-09-25,5460,5560,5440,5550,8112,P05,M00P05,S04P05,D04
184,2012-09-26,5550,5790,5500,5700,40361,P05,P00P05,S02P05,D04
185,2012-09-27,5720,5770,5530,5550,20081,M05,P00M05,P10M05,D04
186,2012-09-28,5580,5590,5400,5500,18710,M05,M00M05,S07M05,U04
187,2012-10-02,5530,5600,5440,5500,12430,M05,M00M05,M10M05,T01
188,2012-10-04,5500,5560,5400,5560,9760,P01,M00P01,M10P01,U04
189,2012-10-05,5600,5600,5470,5560,25140,M02,P00M02,S02M02,U04
190,2012-10-08,5600,5600,5470,5470,10240,M00,M00M00,S03M00,D04
191,2012-10-09,5420,5500,5360,5430,18901,K00,M00K00,M10K00,D04
192,2012-10-10,5400,5400,5290,5290,19930,M00,K00M00,S08M00,D04
193,2012-10-11,5290,5330,5100,5150,84021,M05,M00M05,S07M05,D04
194,2012-10-12,5180,5330,5160,5330,50956,P01,M00P01,M10P01,T01
195,2012-10-15,5350,5450,5230,5300,22780,M05,P00M05,S01M05,T01
196,2012-10-16,5300,5370,5250,5370,15640,P01,M00P01,S03P01,U04
197,2012-10-17,5380,5410,5300,5390,22621,K01,P00K01,S02K01,U04
198,2012-10-18,5390,5390,5270,5340,10740,M01,K00M01,P10M01,U02
199,2012-10-19,5260,5350,5210,5350,7480,P01,M00P01,S04P01,D04
200,2012-10-22,6150,6150,6150,6150,39580,K00,P00K00,S00K00,D04
201,2012-10-23,6300,6510,5800,5800,688731,M03,K00M03,P10M03,U04
202,2012-10-24,5620,5800,5520,5700,167869,P05,M00P05,S07P05,D04
203,2012-10-25,5800,5830,5540,5600,85300,M05,P00M05,S08M05,D04
204,2012-10-26,5530,5630,5390,5460,86438,M05,M00M05,S07M05,U02
205,2012-10-29,5600,6270,5480,6000,532390,P05,M00P05,M10P05,U02
206,2012-10-30,5990,6390,5850,6200,141906,P05,P00P05,S01P05,U02
207,2012-10-31,6280,6470,6110,6280,69846,K00,P00K00,P10K00,U01
208,2012-11-01,6280,6300,6150,6250,45468,M05,K00M05,P10M05,D04
209,2012-11-02,6180,6240,6000,6190,55160,K01,M00K01,S04K01,U04
210,2012-11-05,6200,6250,6020,6200,39432,K01,K00K01,S08K01,D04
211,2012-11-06,6240,6240,6000,6190,31411,M02,K00M02,S04M02,U04
212,2012-11-07,6200,6200,6000,6160,18418,M02,M00M02,S04M02,U04
213,2012-11-08,6100,6100,5850,6000,71084,M01,M00M01,M10M01,D04
214,2012-11-09,5970,6350,5970,6350,50276,P00,M00P00,M10P00,D04
215,2012-11-12,6370,6860,6340,6660,78566,P05,P00P05,S02P05,U04
216,2012-11-13,6680,6750,6510,6600,32775,M05,P00M05,P10M05,T01
217,2012-11-14,6600,6950,6530,6950,65204,P01,M00P01,S03P01,D04
218,2012-11-15,6850,7100,6850,6980,70032,P03,P00P03,S02P03,D04
219,2012-11-16,7100,7100,6720,6970,29452,M01,P00M01,P10M01,D04
220,2012-11-19,6910,6950,6630,6810,39560,M05,M00M05,S03M05,U04
221,2012-11-20,6820,6990,6630,6710,17160,M05,M00M05,M10M05,U04
222,2012-11-21,6850,6860,6620,6800,28940,M05,M00M05,M10M05,T01
223,2012-11-22,6840,7190,6840,7140,71801,P03,M00P03,M10P03,T01
224,2012-11-23,7250,7490,7190,7460,95522,P05,P00P05,S01P05,U04
225,2012-11-26,7540,7550,7240,7530,53190,M05,P00M05,P10M05,U04
226,2012-11-27,7530,7530,7360,7450,20809,M01,M00M01,S05M01,U04
227,2012-11-28,7400,7530,7260,7450,38471,P05,M00P05,M10P05,D04
228,2012-11-29,7550,7840,7400,7780,66635,P05,P00P05,S08P05,U04
229,2012-11-30,7860,8150,7780,7990,68521,P05,P00P05,P10P05,U04
230,2012-12-03,7880,8160,7790,7790,31350,M04,P00M04,P10M04,T01
231,2012-12-04,7760,7940,7600,7880,31644,P05,M00P05,S07P05,T01
232,2012-12-05,7960,8160,7830,7830,53090,M03,P00M03,S02M03,T01
233,2012-12-06,7830,8050,7670,7950,40995,P05,M00P05,S03P05,D04
234,2012-12-07,8090,8170,7830,8120,50520,K01,P00K01,S00K01,U04
235,2012-12-10,8060,8190,8000,8120,28971,P05,K00P05,P10P05,D04
236,2012-12-11,8050,8190,7970,8140,23785,P05,P00P05,S04P05,U04
237,2012-12-12,7880,7880,7510,7630,112193,M01,P00M01,P10M01,U04
238,2012-12-13,7480,7660,7100,7600,71710,P05,M00P05,S07P05,D04
239,2012-12-14,7610,7670,7400,7480,12290,M05,P00M05,S08M05,D04
240,2012-12-17,7490,7530,7310,7310,19636,M03,M00M03,S07M03,D04
241,2012-12-18,7250,7800,7250,7680,57182,P03,M00P03,M10P03,U04
242,2012-12-20,7620,7800,7550,7680,14489,P05,P00P05,S02P05,D04
243,2012-12-21,7750,7760,7400,7680,15800,M05,P00M05,P10M05,U03
244,2012-12-24,7600,7660,7290,7660,42030,P02,M00P02,S03P02,D04
245,2012-12-26,7660,7670,7480,7660,12710,K01,P00K01,S08K01,D04
246,2012-12-27,7660,7900,7560,7750,25420,P05,K00P05,S04P05,D04
247,2012-12-28,7560,7790,7560,7770,16900,P03,P00P03,P10P03,T01
248,2013-01-02,7780,7840,7680,7700,7380,M05,P00M05,P10M05,U04
249,2013-01-03,7660,8150,7600,8050,126013,P05,M00P05,S03P05,U04
250,2013-01-04,8040,8450,7950,8400,96662,P05,P00P05,S02P05,D04
251,2013-01-07,8490,8490,8290,8380,39249,M01,P00M01,P10M01,U01
252,2013-01-08,8290,8930,8290,8770,103797,P03,M00P03,S03P03,T01
253,2013-01-09,8800,8960,8780,8880,49054,P05,P00P05,S02P05,T01
254,2013-01-10,8970,9010,8890,8970,23113,K00,P00K00,P10K00,U04
255,2013-01-11,9180,9180,8890,8980,30601,M01,K00M01,P10M01,U04
256,2013-01-14,9120,9120,8550,8620,52175,M01,M00M01,S05M01,U02
257,2013-01-15,8560,8700,8500,8660,26797,P05,M00P05,M10P05,T01
258,2013-01-16,8610,8770,8320,8550,35454,M05,P00M05,S00M05,T01
259,2013-01-17,8610,8610,8450,8560,14440,M02,M00M02,S07M02,U03
260,2013-01-18,8550,8680,8530,8650,25973,P05,M00P05,S04P05,U04
261,2013-01-21,8650,8980,8550,8800,32442,P05,P00P05,S02P05,U04
262,2013-01-22,8850,8890,8650,8820,15999,M05,P00M05,P10M05,T01
263,2013-01-23,8700,8780,8130,8370,151563,M05,M00M05,S05M05,U03
264,2013-01-24,8390,8390,8180,8300,10417,M01,M00M01,M10M01,U04
265,2013-01-25,8300,8390,8180,8300,18032,K00,M00K00,M10K00,D04
266,2013-01-28,8300,8340,8180,8290,8040,M05,K00M05,M10M05,U04
267,2013-01-29,8290,8290,8050,8200,33334,M01,M00M01,S04M01,U02
268,2013-01-30,8200,8290,8000,8150,18513,M05,M00M05,M10M05,T01
269,2013-01-31,8180,8280,8060,8260,14504,P05,M00P05,M10P05,D04
270,2013-02-01,8330,8330,8090,8190,8114,M01,P00M01,S01M01,T01
271,2013-02-04,8160,8280,8000,8000,10430,M03,M00M03,S03M03,U04
272,2013-02-05,8000,8000,7610,7840,37330,M01,M00M01,M10M01,D04
273,2013-02-06,7880,7880,7660,7740,21607,M01,M00M01,M10M01,U04
274,2013-02-07,7730,7910,7610,7870,15640,P05,M00P05,M10P05,T01
275,2013-02-08,7850,8200,7810,8130,25192,P05,P00P05,S00P05,T01
276,2013-02-12,8140,8190,8070,8100,9285,M05,P00M05,P10M05,T01
277,2013-02-13,8150,8150,7970,7980,25132,M01,M00M01,S03M01,T01
278,2013-02-14,8020,8040,7830,7830,12860,M03,M00M03,M10M03,U04
279,2013-02-15,7870,8230,7830,8230,31401,P01,M00P01,M10P01,U01
280,2013-02-18,8260,8320,8050,8230,29300,M05,P00M05,S01M05,U01
281,2013-02-19,8230,8300,8100,8250,18114,K00,M00K00,S03K00,T01
282,2013-02-20,8250,8260,8100,8240,28901,M05,K00M05,S04M05,U04
283,2013-02-21,8290,8290,8130,8220,14681,M01,M00M01,S04M01,D04
284,2013-02-22,8200,8270,7950,8180,45140,M05,M00M05,S04M05,D04
285,2013-02-25,8180,8180,7900,8100,34679,M02,M00M02,M10M02,U04
286,2013-02-26,8020,8100,7900,8070,24460,P05,M00P05,M10P05,D04
287,2013-02-27,8070,8070,7850,8000,34032,M02,P00M02,S08M02,U04
288,2013-02-28,7890,8180,7890,8180,65810,P00,M00P00,S04P00,U04
289,2013-03-04,8180,8270,8100,8270,28403,P01,P00P01,S02P01,U04
290,2013-03-05,8250,8420,8200,8410,68721,P05,P00P05,P10P05,U04
291,2013-03-06,8410,8500,8240,8390,46181,M05,P00M05,P10M05,U04
292,2013-03-07,8290,8330,8040,8070,43732,M05,M00M05,S03M05,T01
293,2013-03-08,7980,8170,7940,8060,41411,P05,M00P05,M10P05,U04
294,2013-03-11,8060,8170,7960,8140,23470,P05,P00P05,S08P05,U04
295,2013-03-12,8140,8140,7830,7970,25432,M01,P00M01,P10M01,U03
296,2013-03-13,7970,8100,7850,8100,23640,P01,M00P01,S07P01,D04
297,2013-03-14,8100,8260,8100,8240,69713,P03,P00P03,S00P03,U01
298,2013-03-15,8250,8940,8220,8860,262473,P05,P00P05,P10P05,U04
299,2013-03-18,8890,9100,8800,8810,133469,M05,P00M05,P10M05,D04
300,2013-03-19,8810,8900,8750,8890,86222,P05,M00P05,S03P05,D04
301,2013-03-20,8910,9120,8870,9040,95314,P05,P00P05,S04P05,T01
302,2013-03-21,9110,9400,9000,9080,86128,M05,P00M05,P10M05,U04
303,2013-03-22,9200,9200,8900,9040,53062,M01,M00M01,S05M01,D04
304,2013-03-25,9000,9120,8980,9010,35341,K02,M00K02,M10K02,U04
305,2013-03-26,9010,9200,8760,8870,49179,M05,K00M05,S08M05,D04
306,2013-03-27,8980,9150,8900,8940,49978,M05,M00M05,S07M05,U04
307,2013-03-28,9090,9200,8810,8920,35239,M05,M00M05,M10M05,U02
308,2013-03-29,8940,9160,8800,9110,34950,P05,M00P05,M10P05,U02
309,2013-04-01,9220,9240,9070,9200,28860,M05,P00M05,S01M05,U04
310,2013-04-02,9280,9290,9100,9150,27106,M05,M00M05,S05M05,D04
311,2013-04-03,9230,9230,9000,9110,30419,M01,M00M01,M10M01,U04
312,2013-04-04,9100,9150,8580,8840,43510,M05,M00M05,M10M05,D04
313,2013-04-05,8840,8840,8500,8540,56822,M01,M00M01,M10M01,U03
314,2013-04-08,8600,8840,8440,8560,42573,M05,M00M05,M10M05,D04
315,2013-04-09,8550,8750,8200,8650,19520,P05,M00P05,M10P05,U04
316,2013-04-10,8750,8920,8610,8800,32771,P05,P00P05,S02P05,U04
317,2013-04-11,8850,9280,8800,9270,73117,P05,P00P05,P10P05,U04
318,2013-04-12,9240,9380,9080,9280,49370,K00,P00K00,P10K00,U01
319,2013-04-15,9370,10400,9370,10350,400340,P13,K00P13,P10P13,T01
320,2013-04-16,10300,10700,10200,10550,153076,P05,P10P05,P10P05,D04
321,2013-04-17,10700,11450,10550,11300,253299,P05,P00P05,P10P05,U04
322,2013-04-18,11250,12050,11200,11800,265704,P05,P00P05,P10P05,D04
323,2013-04-19,11800,12250,11600,11800,126956,K00,P00K00,P10K00,D04
324,2013-04-22,11850,12600,11450,12250,168230,P05,K00P05,P10P05,U04
325,2013-04-23,12500,12700,12250,12600,99281,P05,P00P05,P10P05,U04
326,2013-04-24,12500,13500,12500,13400,142631,P03,P00P03,P10P03,U04
327,2013-04-25,13450,13800,12800,13050,169192,M05,P00M05,P10M05,T01
328,2013-04-26,13250,13350,12850,13050,108978,M05,M00M05,S03M05,U04
329,2013-04-29,13400,13400,12700,13100,144840,M01,M00M01,M10M01,D04
330,2013-04-30,13100,13150,12850,13050,84454,M05,M00M05,M10M05,U04
331,2013-05-02,13200,13200,12750,12850,39656,M01,M00M01,M10M01,D04
332,2013-05-03,13000,13500,12600,13300,75443,P05,M00P05,M10P05,U04
333,2013-05-06,13400,13600,12950,13150,62590,M05,P00M05,S01M05,U04
334,2013-05-07,13150,14050,12750,14050,132360,P01,M00P01,S03P01,U04
335,2013-05-08,13850,14100,13700,13950,52037,P05,P00P05,S02P05,U02
336,2013-05-09,14050,14100,13550,13800,57556,M05,P00M05,P10M05,U04
337,2013-05-10,13750,13750,12750,12750,129419,M00,M00M00,S07M00,T01
338,2013-05-13,12850,12950,12300,12450,98412,M05,M00M05,M10M05,U04
339,2013-05-14,12450,12900,11650,12300,153970,M05,M00M05,M10M05,U01
340,2013-05-15,12350,12850,12000,12750,52173,P05,M00P05,M10P05,U04
341,2013-05-16,12750,12750,12300,12500,55728,M01,P00M01,S01M01,U03
342,2013-05-20,12500,12950,12000,12700,61463,P05,M00P05,S03P05,U04
343,2013-05-21,12850,12950,12450,12450,37122,M03,P00M03,S00M03,T01
344,2013-05-22,12750,13400,12450,13250,135044,P05,M00P05,S07P05,U02
345,2013-05-23,13200,13400,12850,12900,44466,M05,P00M05,S01M05,D04
346,2013-05-24,12950,13100,12350,12800,56561,M05,M00M05,S06M05,T01
347,2013-05-27,12600,12850,12250,12800,76391,P05,M00P05,M10P05,T01
348,2013-05-28,12950,13200,12550,13150,49943,P05,P00P05,S08P05,T01
349,2013-05-29,13150,13250,12800,13000,27565,M05,P00M05,P10M05,U04
350,2013-05-30,12950,12950,12700,12850,37970,M01,M00M01,S03M01,D04
351,2013-05-31,12950,13250,12550,13200,55474,P05,M00P05,M10P05,U04
352,2013-06-03,13150,13450,12900,12950,34434,M05,P00M05,S01M05,D04
353,2013-06-04,13150,13150,12400,12800,47050,M01,M00M01,S07M01,U03
354,2013-06-05,13000,13000,12500,12650,12900,M01,M00M01,M10M01,D04
355,2013-06-07,12650,12800,12200,12600,37450,M05,M00M05,M10M05,U04
356,2013-06-10,12700,12700,12150,12150,29310,M00,M00M00,M10M00,U04
357,2013-06-11,12150,12250,11250,11950,194390,M05,M00M05,M10M05,U02
358,2013-06-12,11950,12050,11700,12050,34811,P02,M00P02,M10P02,D04
359,2013-06-13,11850,12050,11550,11850,44311,K00,P00K00,S00K00,D04
360,2013-06-14,11800,12000,11650,11850,17533,K00,K00K00,P10K00,U04
361,2013-06-17,11650,12000,11500,11850,52920,P05,K00P05,S04P05,D04
362,2013-06-18,11900,11900,11500,11900,34563,K01,P00K01,P10K01,U04
363,2013-06-19,12000,12000,11600,11600,25421,M00,K00M00,P10M00,U04
364,2013-06-20,11500,11700,11250,11600,35583,P05,M00P05,S07P05,D04
365,2013-06-21,11150,11500,11000,11450,40560,P05,P00P05,S08P05,D04
366,2013-06-24,11450,11550,11150,11300,24920,M05,P00M05,P10M05,T01
367,2013-06-25,11300,11300,9840,9900,120962,M11,M00M11,S03M11,D04
368,2013-06-26,10000,10250,9400,9650,136145,M05,M10M05,M10M05,U04
369,2013-06-27,9850,10700,9850,10500,83437,P03,M00P03,M10P03,U04
370,2013-06-28,10550,10550,10150,10450,48588,M02,P00M02,S01M02,U04
371,2013-07-01,10450,10650,10150,10600,54340,P05,M00P05,S03P05,U01
372,2013-07-02,10650,11600,10600,11250,186302,P05,P00P05,S02P05,U04
373,2013-07-03,11400,11700,11150,11450,128217,K00,P00K00,P10K00,T01
374,2013-07-04,11550,11650,11050,11350,36353,M05,K00M05,P10M05,T01
375,2013-07-05,11550,12050,11550,11800,134877,P03,M00P03,S07P03,U04
376,2013-07-08,11650,12000,11350,12000,77543,P01,P00P01,S01P01,U04
377,2013-07-09,12000,12400,11650,12400,86436,P01,P00P01,P10P01,U02
378,2013-07-10,12400,12700,12200,12200,53270,M03,P00M03,P10M03,U04
379,2013-07-11,12300,12600,11700,11750,113020,M05,M00M05,S03M05,U04
380,2013-07-12,11850,12000,11450,11500,79000,M05,M00M05,M10M05,U04
381,2013-07-15,11700,12200,11450,12200,77827,P01,M00P01,M10P01,U04
382,2013-07-16,12200,12300,11650,11800,67838,M05,P00M05,S01M05,U03
383,2013-07-17,11900,12050,11500,11800,63660,M05,M00M05,S03M05,T01
384,2013-07-18,12000,12050,11650,11900,17085,M05,M00M05,M10M05,U04
385,2013-07-19,11950,12300,11800,12000,37401,K00,M00K00,M10K00,U01
386,2013-07-22,12100,12400,11900,12050,54752,M05,K00M05,S04M05,D04
387,2013-07-23,11950,12300,11850,12200,44628,P05,M00P05,S05P05,U04
388,2013-07-24,12050,12800,12050,12500,116969,P03,P00P03,S02P03,D04
389,2013-07-25,12650,12750,12250,12500,48495,M05,P00M05,P10M05,T01
390,2013-07-26,12650,12750,12400,12550,42136,M05,M00M05,S03M05,U04
391,2013-07-29,12700,12700,12300,12450,44296,M01,M00M01,M10M01,U03
392,2013-07-30,12550,12700,12100,12150,47861,M05,M00M05,M10M05,D04
393,2013-07-31,12250,12400,11800,11850,70043,M05,M00M05,M10M05,U04
394,2013-08-01,11900,12100,11700,11800,47242,M05,M00M05,M10M05,U03
395,2013-08-02,11950,12100,11600,11900,31330,M05,M00M05,M10M05,U04
396,2013-08-05,12100,12200,11850,11850,34846,M03,M00M03,M10M03,U04
397,2013-08-06,11900,12100,11850,12100,31883,P01,M00P01,M10P01,U01
398,2013-08-07,12000,12250,11850,12200,39930,P05,P00P05,S01P05,D04
399,2013-08-08,12300,12500,12150,12200,38390,M05,P00M05,P10M05,D04
400,2013-08-09,12100,12350,12000,12000,39950,M04,M00M04,S03M04,U04
401,2013-08-12,12000,12200,11850,11950,34970,M05,M00M05,M10M05,T01
402,2013-08-13,11950,12100,11950,11950,27800,K02,M00K02,M10K02,U03
403,2013-08-14,11850,12100,11800,11800,44430,M04,K00M04,S04M04,U04
404,2013-08-16,11750,12100,11650,11900,50024,P05,M00P05,S07P05,D04
405,2013-08-19,11950,11950,11400,11600,81420,M01,P00M01,S02M01,T01
406,2013-08-20,11650,11800,10850,11000,65024,M05,M00M05,S07M05,D04
407,2013-08-21,10950,11100,10450,10600,67884,M05,M00M05,M10M05,U04
408,2013-08-22,10350,10950,10000,10800,116788,P05,M00P05,M10P05,D04
409,2013-08-23,11000,11050,10650,10650,42880,M03,P00M03,S00M03,U04
410,2013-08-26,10600,10900,10550,10650,22432,K00,M00K00,S03K00,U04
411,2013-08-27,10700,10700,10250,10700,36712,K01,K00K01,S08K01,T01
412,2013-08-28,10500,10650,10250,10250,30995,M03,K00M03,S04M03,D04
413,2013-08-29,10300,10750,10250,10450,32787,P05,M00P05,S07P05,U04
414,2013-08-30,10450,11000,10450,11000,33357,P00,P00P00,S01P00,U04
415,2013-09-02,10800,11100,10750,10950,26890,P05,P00P05,P10P05,U04
416,2013-09-03,10800,11100,10800,10950,14935,P03,P00P03,P10P03,D04
417,2013-09-04,10950,11050,10750,11000,17550,K01,P00K01,P10K01,U04
418,2013-09-05,10900,11100,10700,10950,41380,K00,K00K00,P10K00,U04
419,2013-09-06,11000,11050,10750,10900,33680,M05,K00M05,S04M05,U03
420,2013-09-09,11000,11000,10600,10750,18344,M01,M00M01,S04M01,T01
421,2013-09-10,10800,10950,10350,10500,31106,M05,M00M05,M10M05,U04
422,2013-09-11,10650,10650,10400,10500,23933,M01,M00M01,M10M01,U04
423,2013-09-12,10700,10700,10300,10500,76210,M01,M00M01,M10M01,T01
424,2013-09-13,10650,10700,10350,10500,15991,M05,M00M05,M10M05,T01
425,2013-09-16,10600,10600,10350,10450,15736,M01,M00M01,M10M01,U03
426,2013-09-17,10500,10550,10300,10450,20100,M05,M00M05,M10M05,T01
427,2013-09-23,10300,10600,10300,10350,15920,K02,M00K02,M10K02,D04
428,2013-09-24,10400,10400,9980,10400,43766,K01,K00K01,S08K01,T01
429,2013-09-25,10350,10400,9990,10350,38907,K01,K00K01,S04K01,U01
430,2013-09-26,10450,11150,10350,10750,108357,P05,K00P05,S04P05,T01
431,2013-09-27,11000,11450,10750,11300,84442,P05,P00P05,P10P05,U04
432,2013-09-30,11300,11500,11100,11450,42220,P05,P00P05,P10P05,T01
433,2013-10-01,11400,11550,11100,11450,37654,K01,P00K01,P10K01,T01
434,2013-10-02,11400,11650,11100,11150,28192,M05,K00M05,P10M05,U04
435,2013-10-04,11150,11150,10650,11150,47551,K01,M00K01,S07K01,D04
436,2013-10-07,11150,11300,10850,11200,26030,K01,K00K01,M10K01,U04
437,2013-10-08,11200,11200,10850,11150,10420,M02,K00M02,S04M02,D04
438,2013-10-10,11150,11150,10750,10750,19101,M00,M00M00,S04M00,D04
439,2013-10-11,10950,11150,10800,11150,27810,P01,M00P01,M10P01,U04
440,2013-10-14,11150,11250,10900,10950,17020,M05,P00M05,S01M05,U04
441,2013-10-15,10950,11200,10800,10800,10772,M03,M00M03,S07M03,U04
442,2013-10-16,11150,11150,10550,10650,30145,M01,M00M01,M10M01,D04
443,2013-10-17,10800,10800,10200,10600,48486,M02,M00M02,M10M02,U04
444,2013-10-18,10700,11000,10450,10800,21970,P05,M00P05,M10P05,U04
445,2013-10-21,10900,10900,10550,10750,24250,M01,P00M01,S01M01,U04
446,2013-10-22,10950,10950,10550,10800,50342,M01,M00M01,S03M01,U02
447,2013-10-23,10950,11950,10900,11950,238643,P01,M00P01,M10P01,U03
448,2013-10-24,11950,12500,11850,11850,185057,M04,P00M04,S01M04,D04
449,2013-10-25,11950,12100,11700,11850,124280,M05,M00M05,S03M05,U04
450,2013-10-28,12200,12850,11950,11950,307101,M04,M00M04,S04M04,U04
451,2013-10-29,11950,12500,11650,12350,121167,P05,M00P05,M10P05,T01
452,2013-10-30,12500,12850,12150,12850,127647,P01,P00P01,S02P01,U04
453,2013-10-31,12750,13200,12700,12900,166153,P05,P00P05,P10P05,D04
454,2013-11-01,12800,13250,12700,13100,137016,P05,P00P05,P10P05,D04
455,2013-11-04,13200,13200,12850,13000,108854,M01,P00M01,P10M01,U01
456,2013-11-05,12900,13100,12650,12800,74330,M05,M00M05,S03M05,U04
457,2013-11-06,12950,13400,12900,13050,88411,P05,M00P05,M10P05,U01
458,2013-11-07,13000,13200,12750,13100,41332,P05,P00P05,S01P05,T01
459,2013-11-08,12900,13150,12400,12500,71250,M05,P00M05,P10M05,D04
460,2013-11-11,12550,12700,12300,12550,64866,K00,M00K00,S07K00,U04
461,2013-11-12,12450,12800,12400,12600,44771,P05,K00P05,M10P05,T01
462,2013-11-13,12600,12650,12100,12500,98953,M05,P00M05,P10M05,T01
463,2013-11-14,12550,12750,12400,12600,69712,K00,M00K00,S03K00,U04
464,2013-11-15,12750,13050,12500,12750,91876,K00,K00K00,S04K00,U03
465,2013-11-18,12850,13300,12800,13250,117638,P05,K00P05,P10P05,U04
466,2013-11-19,13400,13400,13000,13000,75992,M00,P00M00,P10M00,D04
467,2013-11-20,13000,13350,12650,12800,93260,M05,M00M05,S03M05,D04
468,2013-11-21,12750,12750,12000,12300,162294,M01,M00M01,M10M01,T01
469,2013-11-22,12400,12450,12000,12000,63176,M03,M00M03,M10M03,U04
470,2013-11-25,12150,12450,12000,12250,72142,P05,M00P05,M10P05,U04
471,2013-11-26,12300,12350,12000,12250,47705,M05,P00M05,S01M05,U01
472,2013-11-27,12300,12500,12000,12350,45640,K00,M00K00,S03K00,U04
473,2013-11-28,12400,12450,12200,12400,37221,K01,K00K01,S04K01,U04
474,2013-11-29,12400,12900,12350,12900,81868,P01,K00P01,S04P01,U04
475,2013-12-02,12900,13100,12750,13000,96958,P05,P00P05,P10P05,U04
476,2013-12-03,12850,12950,12600,12850,67390,K00,P00K00,P10K00,D04
477,2013-12-04,12950,12950,12550,12550,40535,M00,K00M00,P10M00,T01
478,2013-12-05,12400,12650,12400,12450,25763,K02,M00K02,S07K02,T01
479,2013-12-06,12450,12700,12350,12600,27078,P05,K00P05,S08P05,T01
480,2013-12-09,12900,12900,12650,12750,37150,M01,P00M01,P10M01,U04
481,2013-12-10,12700,12700,12150,12400,44993,M01,M00M01,S05M01,U02
482,2013-12-11,12250,12450,12100,12150,37690,M05,M00M05,M10M05,T01
483,2013-12-12,12200,12250,11750,12150,28530,M05,M00M05,M10M05,D04
484,2013-12-13,12000,12150,11850,11850,26650,M03,M00M03,S04M03,T01
485,2013-12-16,11850,11950,11150,11150,104591,M03,M00M03,M10M03,U01
486,2013-12-17,11200,11450,10950,11000,61270,M05,M00M05,M10M05,U04
487,2013-12-18,11050,11350,11000,11250,44063,P05,M00P05,M10P05,T01
488,2013-12-19,11650,11850,11350,11600,85764,M05,P00M05,S01M05,U04
489,2013-12-20,11800,12550,11750,12450,155975,P05,M00P05,S05P05,D04
490,2013-12-23,12600,12750,12400,12600,71116,K00,P00K00,S01K00,U04
491,2013-12-24,12650,12650,12250,12450,52253,M01,K00M01,P10M01,U04
492,2013-12-26,12450,12700,12400,12500,41783,K00,M00K00,S07K00,U02
493,2013-12-27,12550,12650,12250,12350,67596,M05,K00M05,S00M05,U04
494,2013-12-30,12400,12900,12400,12700,98320,P03,M00P03,S07P03,T01
495,2014-01-02,12650,13100,12550,12850,118183,P05,P00P05,S01P05,U04
496,2014-01-03,13000,14200,12850,14200,361871,P01,P00P01,P10P01,D04
497,2014-01-06,14350,15550,14200,15550,436161,P01,P00P01,P10P01,T01
498,2014-01-07,15450,15650,15250,15550,149116,P05,P00P05,P10P05,D04
499,2014-01-08,15700,15800,15250,15800,140607,P02,P00P02,P10P02,U04
500,2014-01-09,15700,16000,15300,15300,149332,M03,P00M03,P10M03,U04
501,2014-01-10,15200,15350,14700,15100,228328,M05,M00M05,S07M05,T01
502,2014-01-13,15000,15900,14950,15900,197444,P01,M00P01,M10P01,U04
503,2014-01-14,15700,16350,15700,15900,179536,P04,P00P04,S02P04,D04
504,2014-01-15,15950,16150,15650,15900,108935,M05,P00M05,P10M05,U04
505,2014-01-16,15900,16050,15750,15950,58356,K00,M00K00,S03K00,U04
506,2014-01-17,15900,16150,14850,15050,248243,M05,K00M05,S04M05,U01
507,2014-01-20,15000,15200,14900,15100,88578,P05,M00P05,S07P05,U01
508,2014-01-21,15150,15750,15000,15500,101994,P05,P00P05,S00P05,D04
509,2014-01-22,15550,15550,15000,15300,83646,M01,P00M01,P10M01,U04
510,2014-01-23,15200,15500,15150,15350,66536,P05,M00P05,S03P05,U04
511,2014-01-24,15300,15750,15000,15600,119226,P05,P00P05,S00P05,D04
512,2014-01-27,15300,15300,15000,15000,77758,M00,P00M00,P10M00,D04
513,2014-01-28,15000,15400,14700,15200,76480,P05,M00P05,S07P05,D04
514,2014-01-29,15200,15500,15100,15400,63546,P05,P00P05,S00P05,U04
515,2014-02-03,15400,15400,14900,15100,74876,M01,P00M01,P10M01,D04
516,2014-02-04,14850,15150,14450,14950,130458,P05,M00P05,S07P05,D04
517,2014-02-05,14950,15200,14700,14950,79399,K00,P00K00,S08K00,U04
518,2014-02-06,14950,15200,14850,15100,36303,P05,K00P05,S04P05,D04
519,2014-02-07,15250,15400,15050,15250,48661,K00,P00K00,S04K00,U04
520,2014-02-10,15250,16200,14950,16150,147873,P05,K00P05,P10P05,U04
521,2014-02-11,16000,16350,15950,16050,96004,K00,P00K00,P10K00,U04
522,2014-02-12,16050,16800,15900,16750,163034,P05,K00P05,P10P05,U04
523,2014-02-13,16750,16800,16400,16400,83239,M03,P00M03,P10M03,U03
524,2014-02-14,16600,16750,16150,16500,60472,M05,M00M05,S03M05,U04
525,2014-02-17,16600,16700,16050,16300,45898,M05,M00M05,M10M05,U04
526,2014-02-18,16300,16700,16000,16700,74131,P01,M00P01,M10P01,U01
527,2014-02-19,16750,16750,16250,16250,69458,M00,P00M00,S02M00,U04
528,2014-02-20,16300,16450,15900,16250,97280,M05,M00M05,S07M05,D04
529,2014-02-21,16300,16300,15450,15850,202445,M01,M00M01,M10M01,U04
530,2014-02-24,15750,15850,15400,15400,87415,M03,M00M03,M10M03,T01
531,2014-02-25,15500,15700,15200,15650,104130,P05,M00P05,M10P05,U04
532,2014-02-26,15700,16450,15550,16350,129489,P05,P00P05,S01P05,T01
533,2014-02-27,16400,16450,16050,16250,61391,M05,P00M05,P10M05,U02
534,2014-02-28,16200,16500,15750,16450,110841,P05,M00P05,S03P05,U04
535,2014-03-03,16400,16450,16000,16250,61124,M05,P00M05,S02M05,T01
536,2014-03-04,16100,16200,15550,15750,104209,M05,M00M05,S06M05,D04
537,2014-03-05,15900,16050,15550,15900,79328,K00,M00K00,M10K00,U04
538,2014-03-06,15950,16800,15700,16450,208164,P05,K00P05,M10P05,U02
539,2014-03-07,16500,17250,16200,17250,177656,P01,P00P01,P10P01,T01
540,2014-03-10,17350,17700,17100,17650,161404,P05,P00P05,P10P05,D04
541,2014-03-11,17800,17850,17350,17550,87985,M05,P00M05,P10M05,T01
542,2014-03-12,17550,17600,17000,17250,73694,M05,M00M05,S03M05,D04
543,2014-03-13,17500,17600,17150,17400,76136,M05,M00M05,M10M05,U04
544,2014-03-14,17200,17750,17050,17400,95281,P05,M00P05,M10P05,D04
545,2014-03-17,17500,17700,17050,17150,65807,M05,P00M05,S08M05,D04
546,2014-03-18,17300,18600,17100,18550,284953,P05,M00P05,S07P05,U04
547,2014-03-19,18600,18750,18350,18500,78007,M05,P00M05,S01M05,U04
548,2014-03-20,18400,18550,18150,18150,78286,M03,M00M03,S03M03,D04
549,2014-03-21,18400,19150,18100,18200,207984,M05,M00M05,M10M05,U03
550,2014-03-24,18100,18550,17800,17800,98512,M03,M00M03,M10M03,D04
551,2014-03-25,17950,18450,17450,17700,101648,M05,M00M05,M10M05,D04
552,2014-03-26,18000,18000,17450,17700,58258,M01,M00M01,M10M01,U03
553,2014-03-27,17800,17850,17500,17650,30380,M05,M00M05,M10M05,D04
554,2014-03-28,17750,18150,17400,17750,108401,K00,M00K00,M10K00,D04
555,2014-03-31,17600,17850,16650,16700,119484,M05,K00M05,S04M05,U02
556,2014-04-01,16800,17800,16500,17750,186135,P05,M00P05,S07P05,U04
557,2014-04-02,17900,18250,17600,18200,92445,P05,P00P05,S01P05,U04
558,2014-04-03,18000,18350,17800,17850,53822,M05,P00M05,P10M05,U03
559,2014-04-04,17850,18400,17750,18300,53540,P05,M00P05,S07P05,D04
560,2014-04-07,18300,18300,17850,17850,52942,M00,P00M00,S02M00,D04
561,2014-04-08,17800,18050,17200,17450,98091,M05,M00M05,S07M05,D04
562,2014-04-09,17500,17600,16900,16900,63335,M03,M00M03,M10M03,U04
563,2014-04-10,17050,18250,16900,17800,123483,P05,M00P05,M10P05,U04
564,2014-04-11,17600,18100,17500,17950,74808,P05,P00P05,S01P05,D04
565,2014-04-14,18150,18700,18000,18600,144870,P05,P00P05,P10P05,D04
566,2014-04-15,18650,18650,18100,18450,53394,M01,P00M01,P10M01,U04
567,2014-04-16,18450,18500,17950,18350,60743,M05,M00M05,S03M05,U04
568,2014-04-17,18450,18450,18100,18250,31675,M01,M00M01,M10M01,U04
569,2014-04-18,18250,18600,18100,18150,71751,M05,M00M05,M10M05,U04
570,2014-04-21,18200,18650,18150,18150,71939,M04,M00M04,M10M04,U03
571,2014-04-22,18300,18850,18100,18800,116312,P05,M00P05,S04P05,U04
572,2014-04-23,18850,19150,18450,18500,123893,M05,P00M05,S01M05,U04
573,2014-04-24,18550,18700,18150,18550,40260,K00,M00K00,S03K00,D04
574,2014-04-25,18800,18800,17950,18150,59137,M01,K00M01,M10M01,U04
575,2014-04-28,18150,18300,17600,17600,53707,M03,M00M03,S07M03,D04
576,2014-04-29,17750,17900,17300,17500,42753,M05,M00M05,M10M05,T01
577,2014-04-30,17500,17850,17500,17700,36908,P03,M00P03,M10P03,U04
578,2014-05-02,17650,17850,17250,17300,31834,M05,P00M05,S00M05,U04
579,2014-05-07,17150,17400,16400,16600,136520,M05,M00M05,S07M05,D04
580,2014-05-08,16550,16750,16350,16700,49221,P05,M00P05,M10P05,D04
581,2014-05-09,16600,17200,16600,17000,77355,P03,P00P03,S00P03,D04
582,2014-05-12,17100,17300,16750,17200,64121,P05,P00P05,P10P05,U04
583,2014-05-13,17300,18250,17100,18000,184354,P05,P00P05,P10P05,U04
584,2014-05-14,18100,18450,17800,18300,87882,P05,P00P05,P10P05,D04
585,2014-05-15,18250,18450,17700,17800,61618,M05,P00M05,P10M05,D04
586,2014-05-16,17500,17700,16800,17300,200399,M05,M00M05,S07M05,D04
587,2014-05-19,17300,17400,16500,16500,141024,M03,M00M03,M10M03,U04
588,2014-05-20,16300,16450,16050,16100,124139,M05,M00M05,M10M05,U04
589,2014-05-21,16250,17050,16150,16950,100253,P05,M00P05,M10P05,D04
590,2014-05-22,16950,17100,16500,16600,51917,M05,P00M05,S01M05,U04
591,2014-05-23,16800,16800,16250,16350,52001,M01,M00M01,S03M01,U04
592,2014-05-26,16400,16950,16250,16700,64840,P05,M00P05,M10P05,U04
593,2014-05-27,16550,16900,16150,16600,63680,K00,P00K00,S01K00,U04
594,2014-05-28,16650,17250,16650,17200,69511,P03,K00P03,P10P03,U04
595,2014-05-29,17200,17550,16900,17450,53281,P05,P00P05,P10P05,D04
596,2014-05-30,17550,17600,17000,17350,46499,M05,P00M05,P10M05,U04
597,2014-06-02,17350,17550,17100,17500,48809,P05,M00P05,S03P05,T01
598,2014-06-03,17500,17600,16700,17100,76277,M05,P00M05,S00M05,T01
599,2014-06-05,17100,17100,16200,16400,91916,M01,M00M01,S07M01,U04
600,2014-06-09,16450,16650,15600,15600,102273,M03,M00M03,M10M03,U04
601,2014-06-10,15550,15950,15200,15500,112391,M05,M00M05,M10M05,U04
602,2014-06-11,15350,15750,15350,15650,48545,P03,M00P03,M10P03,U01
603,2014-06-12,15550,15800,15500,15700,23366,P05,P00P05,S02P05,T01
604,2014-06-13,15750,16250,15650,16250,62846,P01,P00P01,P10P01,D04
605,2014-06-16,16200,16750,16000,16600,87228,P05,P00P05,P10P05,U04
606,2014-06-17,16600,16900,16600,16700,91652,P04,P00P04,P10P04,U03
607,2014-06-18,16850,17050,16700,16800,63776,M05,P00M05,P10M05,U04
608,2014-06-19,16900,16900,16400,16400,50218,M00,M00M00,S05M00,U04
609,2014-06-20,16400,16500,16100,16100,43981,M03,M00M03,M10M03,T01
610,2014-06-23,16250,16600,16000,16000,46148,M03,M00M03,M10M03,U03
611,2014-06-24,16050,16550,15900,16550,45762,P01,M00P01,M10P01,T01
612,2014-06-25,16400,16700,16250,16550,44143,P05,P00P05,S01P05,D04
613,2014-06-26,16550,16750,16350,16600,41411,K00,P00K00,P10K00,U04
614,2014-06-27,16700,16700,16350,16450,14372,M01,K00M01,P10M01,T01
615,2014-06-30,16450,16700,16300,16350,30908,M05,M00M05,S07M05,U04
616,2014-07-01,16350,16550,16300,16550,30214,P01,M00P01,M10P01,U03
617,2014-07-02,16550,17100,16550,16800,95800,P03,P00P03,S02P03,U04
618,2014-07-03,16800,17000,16750,16900,49867,P05,P00P05,P10P05,T01
619,2014-07-04,17050,17150,16750,16850,44900,M05,P00M05,P10M05,T01
620,2014-07-07,16750,16950,16100,16200,86144,M05,M00M05,S03M05,U04
621,2014-07-08,16200,16400,15800,15800,74802,M03,M00M03,M10M03,D04
622,2014-07-09,15750,15850,15250,15650,148108,M05,M00M05,M10M05,D04
623,2014-07-10,15700,15800,15500,15550,66977,M05,M00M05,M10M05,U04
624,2014-07-11,15400,16100,15300,15850,84789,P05,M00P05,M10P05,D04
625,2014-07-14,15950,16050,15450,15500,69250,M05,P00M05,S02M05,U04
626,2014-07-15,15600,15600,15000,15000,98142,M00,M00M00,S03M00,U04
627,2014-07-16,14950,15300,14700,15200,58889,P05,M00P05,M10P05,D04
628,2014-07-17,15150,15300,14700,14850,93910,M05,P00M05,S00M05,U03
629,2014-07-18,14650,15200,14650,15050,42391,P03,M00P03,S07P03,D04
630,2014-07-21,15100,15350,15000,15050,30833,M05,P00M05,S00M05,U04
631,2014-07-22,15050,15150,14650,14900,50341,M05,M00M05,S03M05,T01
632,2014-07-23,14850,15150,14300,14300,95950,M03,M00M03,M10M03,U04
633,2014-07-24,14400,14500,14050,14300,82725,M05,M00M05,M10M05,U04
634,2014-07-25,14200,14550,14150,14500,35390,P05,M00P05,M10P05,T01
635,2014-07-28,14550,14550,13950,14300,49099,M01,P00M01,S02M01,D04
636,2014-07-29,14200,14350,13450,13750,104126,M05,M00M05,S03M05,T01
637,2014-07-30,13750,13900,13150,13300,96424,M05,M00M05,M10M05,T01
638,2014-07-31,13250,13350,12000,12250,366977,M05,M00M05,M10M05,U04
639,2014-08-01,12150,13600,12050,13550,198984,P15,M00P15,M10P15,D04
640,2014-08-04,13450,13500,12600,12600,185809,M03,P10M03,S02M03,D04
641,2014-08-05,12800,12800,12050,12300,111032,M01,M00M01,S06M01,U04
642,2014-08-06,12200,12550,11850,12100,83432,M05,M00M05,M10M05,D04
643,2014-08-07,12200,12350,11650,11900,127794,M05,M00M05,M10M05,U01
644,2014-08-08,11800,11900,11350,11550,134764,M05,M00M05,M10M05,D04
645,2014-08-11,11650,11700,11150,11200,154724,M05,M00M05,M10M05,U04
646,2014-08-12,11200,11950,11150,11800,122767,P05,M00P05,M10P05,U04
647,2014-08-13,11850,12050,11600,11750,53808,M05,P00M05,S02M05,T01
648,2014-08-14,11800,12550,11650,12200,111605,P05,M00P05,S03P05,U04
649,2014-08-18,12350,12500,12000,12200,59405,M05,P00M05,S01M05,U03
650,2014-08-19,12300,12350,11950,12150,104213,M05,M00M05,S03M05,U04
651,2014-08-20,12150,12300,12000,12250,46217,P05,M00P05,M10P05,U04
652,2014-08-21,12250,12650,12150,12300,85197,K00,P00K00,S00K00,T01
653,2014-08-22,12300,12500,12150,12250,55185,M05,K00M05,P10M05,U02
654,2014-08-25,12350,12350,12000,12000,64023,M00,M00M00,S04M00,U02
655,2014-08-26,11950,12300,11950,12200,39612,P03,M00P03,M10P03,U04
656,2014-08-27,12300,14000,12150,13600,751930,P15,P00P15,S00P15,U04
657,2014-08-28,13300,14500,13250,14400,461478,P05,P10P05,P10P05,T01
658,2014-08-29,14400,14400,13750,14100,221790,M01,P00M01,P10M01,T01
659,2014-09-01,14000,14450,13650,14400,153162,P05,M00P05,S03P05,T01
660,2014-09-02,14400,14650,14100,14500,148414,P05,P00P05,S02P05,U04
661,2014-09-03,14550,15100,14250,15050,194445,P05,P00P05,P10P05,U04
662,2014-09-04,14950,15250,14700,15150,122485,P05,P00P05,P10P05,D04
663,2014-09-05,15100,15500,14800,15350,120740,P05,P00P05,P10P05,T01
664,2014-09-11,15350,15600,15250,15350,91958,K00,P00K00,P10K00,U04
665,2014-09-12,15350,15450,15150,15350,62532,K00,K00K00,P10K00,U02
666,2014-09-15,15350,15500,15000,15300,60505,M05,K00M05,S04M05,D04
667,2014-09-16,15100,15600,15100,15450,71889,P03,M00P03,S04P03,D04
668,2014-09-17,15600,16400,15500,16400,184047,P01,P00P01,S02P01,U04
669,2014-09-18,16500,16800,16100,16700,113090,P05,P00P05,P10P05,U03
670,2014-09-19,16650,17200,16550,17100,112949,P05,P00P05,P10P05,U04
671,2014-09-22,17100,17250,16500,16950,119643,M05,P00M05,P10M05,D04
672,2014-09-23,16900,17100,16400,16950,70172,K01,M00K01,S03K01,D04
673,2014-09-24,16800,17100,16550,16850,96184,K00,K00K00,S08K00,D04
674,2014-09-25,16850,17050,16500,16800,51096,M05,K00M05,S04M05,U04
675,2014-09-26,16600,17400,16300,16400,116573,M05,M00M05,S04M05,D04
676,2014-09-29,16400,17000,15800,16300,128878,M05,M00M05,M10M05,U04
677,2014-09-30,16150,16750,16150,16650,61188,P03,M00P03,M10P03,T01
678,2014-10-01,16750,16750,15850,15950,65417,M01,P00M01,S02M01,D04
679,2014-10-02,15800,16300,15550,16000,67893,P05,M00P05,S07P05,D04
680,2014-10-06,16100,16450,15950,16200,45451,P05,P00P05,S00P05,U04
681,2014-10-07,16400,16400,15800,16200,36934,M02,P00M02,P10M02,D04
682,2014-10-08,15950,16300,15900,16000,43570,K00,M00K00,S03K00,D04
683,2014-10-10,15750,16000,15150,15650,96231,M05,K00M05,S08M05,D04
684,2014-10-13,15650,15900,15250,15500,45287,M05,M00M05,S07M05,D04
685,2014-10-14,15250,16400,15250,16300,68624,P03,M00P03,M10P03,D04
686,2014-10-15,16350,16750,16100,16500,72933,P05,P00P05,S02P05,U04
687,2014-10-16,16500,17350,16150,16800,125181,P05,P00P05,P10P05,D04
688,2014-10-17,17000,17300,16650,17000,63916,K00,P00K00,P10K00,U01
689,2014-10-20,17100,17150,16550,16900,58008,M05,K00M05,P10M05,U04
690,2014-10-21,17000,17200,16600,16600,59177,M03,M00M03,S07M03,U04
691,2014-10-22,16750,17100,16550,17050,51137,P05,M00P05,M10P05,U04
692,2014-10-23,17150,18200,16900,17500,117375,P05,P00P05,S01P05,D04
693,2014-10-24,17650,17900,16750,17100,63980,M05,P00M05,P10M05,U04
694,2014-10-27,16950,17200,16500,16750,58740,M05,M00M05,S07M05,U04
695,2014-10-28,16750,17100,16700,16900,27095,P05,M00P05,M10P05,U01
696,2014-10-29,16900,16950,16550,16650,48219,M05,P00M05,S00M05,U04
697,2014-10-30,16550,16600,15750,16200,72807,M05,M00M05,S07M05,D04
698,2014-10-31,16150,16500,16000,16350,43354,P05,M00P05,M10P05,U04
699,2014-11-03,16200,16400,15950,16100,21745,M05,P00M05,S00M05,U04
700,2014-11-04,16000,16250,15450,15600,43572,M05,M00M05,S07M05,U03
701,2014-11-05,15650,16400,15650,16200,47002,P03,M00P03,M10P03,D04
702,2014-11-06,16400,16450,15850,15950,26184,M05,P00M05,S01M05,T01
703,2014-11-07,15950,16200,15800,16050,27738,P05,M00P05,S03P05,U04
704,2014-11-10,16050,16500,15400,15600,78704,M05,P00M05,S00M05,T01
705,2014-11-11,15400,15750,15350,15600,21314,P05,M00P05,S07P05,U04
706,2014-11-12,15550,15850,15450,15700,51869,P05,P00P05,S08P05,U03
707,2014-11-13,15800,15900,15400,15850,38831,K01,P00K01,P10K01,U04
708,2014-11-14,15800,15900,15450,15500,19842,M05,K00M05,P10M05,U02
709,2014-11-17,15700,15750,14950,15100,45633,M05,M00M05,S07M05,U03
710,2014-11-18,15100,15200,14700,15050,33037,M05,M00M05,M10M05,D04
711,2014-11-19,15050,15700,15000,15700,26939,P01,M00P01,M10P01,U04
712,2014-11-20,15700,15900,15550,15650,20038,M05,P00M05,S02M05,D04
713,2014-11-21,15650,16400,15650,16350,46482,P03,M00P03,S03P03,U04
714,2014-11-24,16500,16900,16150,16350,55643,M05,P00M05,S02M05,U03
715,2014-11-25,16250,16600,16000,16300,33642,K00,M00K00,S03K00,U04
716,2014-11-26,16300,16450,16000,16300,27316,K00,K00K00,S08K00,U01
717,2014-11-27,16450,16450,16050,16300,13118,M01,K00M01,S04M01,U01
718,2014-11-28,16400,16400,15900,16000,24149,M01,M00M01,S04M01,U04
719,2014-12-01,16000,16200,15850,16000,16831,K00,M00K00,M10K00,U01
720,2014-12-02,15900,16150,15750,15800,23839,M05,K00M05,M10M05,D04
721,2014-12-03,15800,16050,15550,15850,51921,K00,M00K00,S07K00,U04
722,2014-12-04,15900,15900,15400,15400,52778,M00,K00M00,S04M00,U04
723,2014-12-05,15500,15600,15250,15300,24273,M05,M00M05,S07M05,T01
724,2014-12-08,15300,15450,14700,15050,61894,M05,M00M05,M10M05,U03
725,2014-12-09,15050,15050,14550,14800,34630,M01,M00M01,M10M01,D04
726,2014-12-10,14800,14850,14400,14700,35685,M05,M00M05,M10M05,U04
727,2014-12-11,14500,14700,14200,14450,16855,M05,M00M05,M10M05,D04
728,2014-12-12,14600,14600,14150,14450,29644,M02,M00M02,M10M02,U04
729,2014-12-15,14450,14450,13800,13850,31610,M01,M00M01,M10M01,D04
730,2014-12-16,14000,14050,13150,13550,51704,M05,M00M05,M10M05,D04
731,2014-12-17,13350,14500,13350,14400,31242,P03,M00P03,M10P03,D04
732,2014-12-18,14400,14500,13500,13900,33740,M05,P00M05,S02M05,U04
733,2014-12-19,14050,14050,13700,14000,14222,M02,M00M02,S03M02,U04
734,2014-12-22,13900,14150,13700,14100,21039,P05,M00P05,M10P05,U04
735,2014-12-23,14100,14150,13850,13950,13818,M05,P00M05,S02M05,U04
736,2014-12-24,13950,14000,13700,13900,23385,M05,M00M05,S03M05,D04
737,2014-12-26,13950,14600,13900,14400,32016,P05,M00P05,M10P05,U03
738,2014-12-29,14550,14700,14250,14350,34601,M05,P00M05,S01M05,U04
739,2014-12-30,14250,14550,13900,14550,26507,P01,M00P01,S03P01,T01
740,2015-01-02,14550,14550,14050,14250,14252,M01,P00M01,S02M01,D04
741,2015-01-05,14500,14600,13750,13850,44946,M05,M00M05,S07M05,T01
742,2015-01-06,13700,13700,12950,13100,81760,M01,M00M01,M10M01,D04
743,2015-01-07,12950,13100,12700,12950,63521,K00,M00K00,M10K00,D04
744,2015-01-08,12900,13150,12900,13150,28781,P00,K00P00,M10P00,U04
745,2015-01-09,13250,13250,12650,12800,82696,M01,P00M01,P10M01,U04
746,2015-01-12,12950,14350,12850,13800,203050,P05,M00P05,S07P05,D04
747,2015-01-13,14000,14350,13400,13550,110764,M05,P00M05,S01M05,D04
748,2015-01-14,13650,14700,13550,14500,122101,P05,M00P05,S03P05,T01
749,2015-01-15,14500,14700,14150,14600,73109,P05,P00P05,S01P05,D04
750,2015-01-16,14550,14550,14200,14250,44591,M01,P00M01,P10M01,D04
751,2015-01-19,14200,14650,14150,14400,58269,P05,M00P05,S07P05,D04
752,2015-01-20,14150,14400,14050,14300,37618,P05,P00P05,S00P05,U04
753,2015-01-21,14300,16000,14300,15850,248836,P13,P00P13,P10P13,U04
754,2015-01-22,16050,16700,15850,16300,306138,P05,P10P05,P10P05,U03
755,2015-01-23,16550,16750,16150,16600,133249,K00,P00K00,P10K00,U04
756,2015-01-26,16650,16700,15950,16100,64475,M05,K00M05,P10M05,U02
757,2015-01-27,16050,16300,15050,15650,174864,M05,M00M05,S07M05,U04
758,2015-01-28,15700,15800,15300,15650,66443,M05,M00M05,M10M05,D04
759,2015-01-29,15800,15800,15100,15450,82267,M01,M00M01,M10M01,D04
760,2015-01-30,15600,15800,14950,15600,102914,K01,M00K01,M10K01,U04
761,2015-02-02,15500,15500,15000,15400,70983,M02,K00M02,M10M02,D04
762,2015-02-03,15450,16850,15150,16700,183349,P05,M00P05,S07P05,U04
763,2015-02-04,16650,17300,16550,17000,139255,P05,P00P05,S01P05,U04
764,2015-02-05,16900,18100,16700,17650,161207,P05,P00P05,P10P05,T01
765,2015-02-06,17700,18100,17450,18000,113755,P05,P00P05,P10P05,U04
766,2015-02-09,17800,18100,17250,17300,113134,M05,P00M05,P10M05,D04
767,2015-02-10,17150,17450,16750,17250,63830,P05,M00P05,S07P05,D04
768,2015-02-11,17250,17850,17000,17000,89369,M04,P00M04,S08M04,U04
769,2015-02-12,17250,17950,16750,17950,117213,P01,M00P01,S07P01,U04
770,2015-02-13,17800,19300,17600,18000,331381,P05,P00P05,S01P05,U04
771,2015-02-16,18100,18700,18050,18300,141078,P05,P00P05,P10P05,U04
772,2015-02-17,18150,18650,17850,18550,116537,P05,P00P05,P10P05,U04
773,2015-02-23,18550,18900,17850,18100,88012,M05,P00M05,P10M05,U04
774,2015-02-24,17900,18400,17600,18250,108180,P05,M00P05,S07P05,U02
775,2015-02-25,18450,18900,18050,18550,151135,P05,P00P05,S00P05,U02
776,2015-02-26,18750,21300,18450,21300,668975,P11,P00P11,P10P11,T01
777,2015-02-27,21800,22150,21100,21750,387160,M05,P10M05,P10M05,U04
778,2015-03-02,21800,22400,21500,22000,302995,P05,M00P05,S05P05,D04
779,2015-03-03,22250,24650,21850,23300,632822,P05,P00P05,S01P05,U04
780,2015-03-04,23300,23400,22350,22350,176661,M03,P00M03,P10M03,D04
781,2015-03-05,22300,23050,21100,21350,405079,M05,M00M05,S03M05,T01
782,2015-03-06,21400,21800,21350,21750,134525,P05,M00P05,M10P05,U04
783,2015-03-09,21500,21600,20700,20850,166944,M05,P00M05,S01M05,D04
784,2015-03-10,21050,21700,20600,21450,186677,P05,M00P05,S07P05,U04
785,2015-03-11,21250,22000,20800,21750,168508,P05,P00P05,S01P05,D04
786,2015-03-12,21900,22350,21000,21200,176414,M05,P00M05,P10M05,T01
787,2015-03-13,21450,22300,21050,22000,186130,P05,M00P05,S07P05,U04
788,2015-03-16,22000,22300,21100,21700,143687,M05,P00M05,S01M05,D04
789,2015-03-17,21700,22200,20650,20850,227672,M05,M00M05,S03M05,U04
790,2015-03-18,21000,21250,19950,19950,242775,M03,M00M03,M10M03,U02
791,2015-03-19,20300,21150,20050,20800,192546,P05,M00P05,M10P05,U04
792,2015-03-20,20900,21350,20350,20750,81834,M05,P00M05,S01M05,U03
793,2015-03-23,21000,22850,20800,21850,361641,P05,M00P05,S03P05,U04
794,2015-03-24,21900,24150,21750,23900,459659,P05,P00P05,S01P05,D04
795,2015-03-25,24000,27450,23550,27450,716529,P11,P00P11,P10P11,D04
796,2015-03-26,27250,27850,26650,27450,406649,P05,P10P05,P10P05,D04
797,2015-03-27,27450,28050,25700,26000,468873,M05,P00M05,P10M05,T01
798,2015-03-30,25850,28000,25400,27500,426866,P05,M00P05,S07P05,U04
799,2015-03-31,27800,27800,26000,27250,339361,M02,P00M02,S02M02,U04
800,2015-04-01,27000,28900,26250,27850,322249,P05,M00P05,S03P05,D04
801,2015-04-02,27900,29800,26650,27000,252681,M05,P00M05,S02M05,D04
802,2015-04-03,27000,27400,25900,26400,243239,M05,M00M05,S07M05,D04
803,2015-04-06,26600,27150,25950,26500,159121,M05,M00M05,M10M05,U02
804,2015-04-07,26850,26850,25550,26500,171930,M02,M00M02,M10M02,U04
805,2015-04-08,26600,26650,25650,26000,120985,M05,M00M05,M10M05,T01
806,2015-04-09,25950,27150,25750,26000,155244,K02,M00K02,M10K02,U04
807,2015-04-10,26750,29000,26100,26800,418522,K02,K00K02,S08K02,U04
808,2015-04-13,26800,26900,25600,26000,200356,M05,K00M05,P10M05,U04
809,2015-04-14,26100,28000,25300,28000,426785,P01,M00P01,S07P01,T01
810,2015-04-15,28000,28500,26800,26950,261585,M05,P00M05,S01M05,T01
811,2015-04-16,27000,27000,26050,26050,142181,M00,M00M00,S03M00,U04
812,2015-04-17,25950,26600,25050,26500,268840,P05,M00P05,M10P05,T01
813,2015-04-20,25450,25800,24000,24800,493203,M05,P00M05,S00M05,D04
814,2015-04-21,25300,25450,24000,24100,290837,M05,M00M05,S07M05,U04
815,2015-04-22,24100,24250,22500,23400,376483,M05,M00M05,M10M05,U04
816,2015-04-23,23500,23550,22400,22450,181860,M05,M00M05,M10M05,U04
817,2015-04-24,22550,23700,22350,23000,191883,P05,M00P05,M10P05,U04
818,2015-04-27,22800,24300,22800,24000,142276,P03,P00P03,S01P03,U04
819,2015-04-28,24150,24300,22950,23500,140020,M05,P00M05,P10M05,D04
820,2015-04-29,23750,23750,22000,22900,107344,M01,M00M01,S03M01,T01
821,2015-04-30,22600,23650,22000,23050,141416,P05,M00P05,M10P05,D04
822,2015-05-04,22950,23850,22950,23350,58415,P03,P00P03,S00P03,U04
823,2015-05-06,23000,23750,21350,21400,152638,M05,P00M05,P10M05,D04
824,2015-05-07,21800,22500,19950,22450,328514,P05,M00P05,S07P05,D04
825,2015-05-08,22800,22800,21750,22550,71972,M02,P00M02,S01M02,U04
826,2015-05-11,22800,23850,22500,23800,123680,P05,M00P05,S05P05,U04
827,2015-05-12,23800,24100,23050,24100,108302,P02,P00P02,S01P02,T01
828,2015-05-13,24100,24450,23050,23050,105781,M03,P00M03,P10M03,D04
829,2015-05-14,23050,23650,22700,23200,83227,P05,M00P05,S07P05,U02
830,2015-05-15,23600,23600,21950,21950,255503,M00,P00M00,S00M00,U04
831,2015-05-18,22400,24850,21900,24250,362765,P05,M00P05,S07P05,T01
832,2015-05-19,24600,24750,23500,23600,177684,M05,P00M05,S01M05,U04
833,2015-05-20,23900,25350,23900,25350,289097,P00,M00P00,S03P00,T01
834,2015-05-21,25600,25650,24700,25450,198886,M05,P00M05,S01M05,T01
835,2015-05-22,25500,26250,25150,25650,153493,P05,M00P05,S05P05,U04
836,2015-05-26,25400,25650,23650,24250,184090,M05,P00M05,S04M05,T01
837,2015-05-27,23800,24050,22000,23100,262049,M05,M00M05,S07M05,D04
838,2015-05-28,23300,24400,22650,24000,186083,P05,M00P05,M10P05,U04
839,2015-05-29,24400,24400,23400,24400,113991,K01,P00K01,S01K01,T01
840,2015-06-01,24000,24100,23000,23800,164626,M05,K00M05,P10M05,D04
841,2015-06-02,24000,24000,22350,22500,191937,M01,M00M01,S07M01,U03
842,2015-06-03,22750,22750,21200,21750,229556,M01,M00M01,M10M01,T01
843,2015-06-04,21750,22550,21500,21800,120479,K00,M00K00,M10K00,U04
844,2015-06-05,21600,21950,20500,21750,183468,P05,K00P05,S00P05,D04
845,2015-06-08,21650,21650,20500,20600,159876,M01,P00M01,S04M01,U03
846,2015-06-09,20600,21850,20600,21500,207606,P03,M00P03,S07P03,D04
847,2015-06-10,21500,22050,20800,21900,167668,P05,P00P05,S00P05,T01
848,2015-06-11,22150,22200,21350,21950,224820,M05,P00M05,P10M05,U04
849,2015-06-12,21950,22100,20950,21450,164740,M05,M00M05,S05M05,U02
850,2015-06-15,21400,21750,20650,20850,103900,M05,M00M05,M10M05,D04
851,2015-06-16,20650,20900,19100,20550,265308,M05,M00M05,M10M05,D04
852,2015-06-17,20550,22900,20550,22150,285564,P03,M00P03,M10P03,U04
853,2015-06-18,22600,22950,22000,22000,152275,M03,P00M03,S02M03,U03
854,2015-06-19,22150,23400,22050,22850,143549,P05,M00P05,S03P05,U04
855,2015-06-22,22650,23550,22100,22500,144835,M05,P00M05,S01M05,D04
856,2015-06-23,23000,23200,22200,22400,133988,M05,M00M05,S06M05,U04
857,2015-06-24,22450,23750,22150,23600,190611,P05,M00P05,M10P05,U02
858,2015-06-25,23500,23750,22850,23150,140340,M05,P00M05,S01M05,D04
859,2015-06-26,23050,23350,21650,22250,162183,M05,M00M05,S06M05,T01
860,2015-06-29,21200,22100,20900,21700,121816,P05,M00P05,M10P05,D04
861,2015-06-30,21750,22650,20950,22650,129202,P01,P00P01,S08P01,D04
862,2015-07-01,22750,22800,22350,22800,74749,K01,P00K01,P10K01,U04
863,2015-07-02,22900,23550,22800,23100,166369,P05,K00P05,P10P05,U04
864,2015-07-03,23100,23650,22650,23200,103597,K00,P00K00,P10K00,U04
865,2015-07-06,22900,23500,21650,22350,120786,M05,K00M05,P10M05,T01
866,2015-07-07,22550,24100,22250,23700,272837,P05,M00P05,S07P05,D04
867,2015-07-08,24000,25350,23300,24500,561621,P05,P00P05,S01P05,U02
868,2015-07-09,24000,25400,23700,25250,305067,P05,P00P05,P10P05,D04
869,2015-07-10,25500,25950,24500,25600,221933,K01,P00K01,P10K01,U03
870,2015-07-13,26200,27500,25900,27100,574719,P05,K00P05,P10P05,U04
871,2015-07-14,27550,29050,26700,28850,516958,P05,P00P05,P10P05,U04
872,2015-07-15,29250,29850,27950,29600,370824,P05,P00P05,P10P05,U04
873,2015-07-16,29900,30350,28950,29800,267043,M05,P00M05,P10M05,T01
874,2015-07-17,30050,30200,28550,28800,261085,M05,M00M05,S05M05,U04
875,2015-07-20,29250,30200,28450,30100,273816,P05,M00P05,M10P05,U04
876,2015-07-21,30600,30600,28050,29750,233302,M02,P00M02,S01M02,U03
877,2015-07-22,29850,30900,27250,27400,329138,M05,M00M05,S03M05,T01
878,2015-07-23,27600,28700,26300,28300,320679,P05,M00P05,M10P05,D04
879,2015-07-24,28100,28650,27200,27650,74420,M05,P00M05,S01M05,D04
880,2015-07-27,27250,27650,26000,26200,139749,M05,M00M05,S06M05,D04
881,2015-07-28,25500,27200,25200,27100,153679,P05,M00P05,M10P05,D04
882,2015-07-29,27150,27650,26050,26050,125525,M03,P00M03,S00M03,U04
883,2015-07-30,26450,26950,25400,26300,117752,M05,M00M05,S03M05,U04
884,2015-07-31,26300,26850,25300,26750,114014,P05,M00P05,M10P05,U04
885,2015-08-03,26700,27200,24400,24900,197841,M05,P00M05,S02M05,T01
886,2015-08-04,24750,25950,24450,25600,147202,P05,M00P05,S07P05,T01
887,2015-08-05,25950,27250,25100,27000,210739,P05,P00P05,S00P05,T01
888,2015-08-06,27000,27050,25300,26200,232543,M05,P00M05,P10M05,U04
889,2015-08-07,25700,26300,25150,25150,100734,M03,M00M03,S03M03,D04
890,2015-08-10,24800,25250,22750,22750,253420,M03,M00M03,M10M03,T01
891,2015-08-11,23200,24500,22950,23150,148612,M05,M00M05,M10M05,U04
892,2015-08-12,23000,23100,20750,21700,303083,M05,M00M05,M10M05,D04
893,2015-08-13,21950,22400,21250,22300,127348,P05,M00P05,M10P05,U02
894,2015-08-17,22550,22550,21700,21850,120228,M01,P00M01,S01M01,U04
895,2015-08-18,22400,22400,19800,20600,401207,M01,M00M01,S07M01,U04
896,2015-08-19,20100,20400,18450,19200,371014,M05,M00M05,M10M05,D04
897,2015-08-20,18750,19550,18200,18800,183397,K00,M00K00,M10K00,D04
898,2015-08-21,17700,18250,16850,17950,216162,P05,K00P05,S08P05,D04
899,2015-08-24,17500,18200,17050,17250,117304,M05,P00M05,P10M05,D04
900,2015-08-25,17500,18200,17350,18050,151002,P05,M00P05,S07P05,D04
901,2015-08-26,18200,18600,17550,18500,183310,P05,P00P05,S01P05,D04
902,2015-08-27,18750,18800,17500,17800,276567,M05,P00M05,P10M05,U04
903,2015-08-28,18000,18600,17800,18450,243988,P05,M00P05,S07P05,U04
904,2015-08-31,18450,18500,17650,17800,168045,M05,P00M05,S01M05,U04
905,2015-09-01,17800,18050,16900,16900,182396,M03,M00M03,S07M03,D04
906,2015-09-02,16500,17000,16150,16950,130282,P05,M00P05,M10P05,D04
907,2015-09-03,17200,17400,16400,16600,170746,M05,P00M05,S00M05,U04
908,2015-09-04,16650,16900,15000,15450,319505,M05,M00M05,S03M05,D04
909,2015-09-07,15400,16700,15350,16200,316456,P05,M00P05,M10P05,D04
910,2015-09-08,16200,16300,15250,15550,138263,M05,P00M05,S00M05,D04
911,2015-09-09,16000,16400,15800,16400,147491,P01,M00P01,S03P01,U04
912,2015-09-10,16150,16650,16000,16550,120840,P05,P00P05,S01P05,D04
913,2015-09-11,16600,17350,16150,17350,253377,P01,P00P01,P10P01,U04
914,2015-09-14,17350,17400,16200,16500,230931,M05,P00M05,P10M05,U04
915,2015-09-15,16350,16700,16250,16450,68354,P05,M00P05,S07P05,D04
916,2015-09-16,16700,17650,16600,17650,245108,P01,P00P01,S08P01,U04
917,2015-09-17,17850,18150,17050,17450,213478,M05,P00M05,P10M05,U04
918,2015-09-18,17650,18750,17300,18750,304752,P01,M00P01,S03P01,U02
919,2015-09-21,18300,18750,18250,18550,156978,P05,P00P05,S01P05,D04
920,2015-09-22,18800,18900,18400,18600,110779,M05,P00M05,P10M05,U01
921,2015-09-23,18150,18250,17050,17400,185772,M05,M00M05,S05M05,D04
922,2015-09-24,17500,17650,16400,16750,257320,M05,M00M05,M10M05,T01
923,2015-09-25,16700,16700,15950,16200,172404,M01,M00M01,M10M01,D04
924,2015-09-30,15800,16050,15650,15800,155029,K00,M00K00,M10K00,D04
925,2015-10-01,15950,16450,15800,16300,175777,P05,K00P05,M10P05,U04
926,2015-10-02,16300,16550,16050,16200,98555,M05,P00M05,P10M05,U02
927,2015-10-05,16400,17100,16150,16950,254424,P05,M00P05,S03P05,U04
928,2015-10-06,17350,18050,17300,17900,375118,P05,P00P05,S01P05,U04
929,2015-10-07,18050,18100,17400,17850,186908,M05,P00M05,P10M05,D04
930,2015-10-08,17950,18050,17500,18000,106254,K01,M00K01,S03K01,U04
931,2015-10-12,18150,18200,17400,17800,146488,M05,K00M05,S01M05,U04
932,2015-10-13,17850,18000,17550,17650,94422,M05,M00M05,S07M05,U03
933,2015-10-14,17600,17750,17100,17600,143228,K01,M00K01,M10K01,D04
934,2015-10-15,17500,18550,17500,18550,377770,P00,K00P00,M10P00,D04
935,2015-10-16,18550,19400,18200,19200,378375,P05,P00P05,P10P05,U04
936,2015-10-19,19150,19800,18700,19050,254078,M05,P00M05,P10M05,U04
937,2015-10-20,19300,19400,18900,19050,130543,M05,M00M05,S06M05,U04
938,2015-10-21,19100,20200,19000,20200,269663,P01,M00P01,M10P01,D04
939,2015-10-22,20000,20350,19550,20250,182166,P05,P00P05,S01P05,D04
940,2015-10-23,20200,20350,19000,19450,305253,M05,P00M05,P10M05,U04
941,2015-10-26,19400,19600,18450,18650,186477,M05,M00M05,S07M05,U04
942,2015-10-27,18600,18800,18250,18500,114834,M05,M00M05,M10M05,U01
943,2015-10-28,18400,18500,17900,18200,186607,M05,M00M05,M10M05,T01
944,2015-10-29,18250,18500,17900,18500,123224,P01,M00P01,M10P01,U04
945,2015-10-30,18650,18800,16550,17000,383540,M05,P00M05,S01M05,D04
946,2015-11-02,17000,17050,16000,16200,208545,M05,M00M05,S07M05,D04
947,2015-11-03,16400,16400,15900,16100,158426,M01,M00M01,M10M01,U04
948,2015-11-04,16250,16650,16150,16550,95876,P05,M00P05,M10P05,U04
949,2015-11-05,16550,16550,16150,16450,100679,M02,P00M02,S01M02,T01
950,2015-11-06,16450,16650,16050,16050,98281,M03,M00M03,S03M03,D04
951,2015-11-09,15900,16050,14700,14700,202259,M03,M00M03,M10M03,U04
952,2015-11-10,14800,15100,14300,14950,151732,P05,M00P05,M10P05,D04
953,2015-11-11,14950,15150,14750,14950,64167,K00,P00K00,S01K00,T01
954,2015-11-12,15050,15100,14600,14950,55096,M05,K00M05,P10M05,D04
955,2015-11-13,14800,14800,13500,13600,189918,M01,M00M01,S04M01,D04
956,2015-11-16,12800,12900,12200,12550,509176,M05,M00M05,M10M05,D04
957,2015-11-17,12850,13000,12650,12900,238978,K00,M00K00,M10K00,U04
958,2015-11-18,13000,13300,12800,13000,176689,K00,K00K00,S01K00,T01
959,2015-11-19,13100,13300,13000,13200,123124,P05,K00P05,P10P05,U04
960,2015-11-20,13200,13950,12950,13500,211659,P05,P00P05,P10P05,T01
961,2015-11-23,13500,13600,13050,13100,84657,M05,P00M05,P10M05,U04
962,2015-11-24,13100,13450,12950,13200,82091,P05,M00P05,S07P05,T01
963,2015-11-25,13200,13200,12800,13000,106838,M01,P00M01,S00M01,T01
964,2015-11-26,13150,13200,12950,13100,72036,M05,M00M05,S07M05,T01
965,2015-11-27,13100,13200,12900,12950,56874,M05,M00M05,M10M05,U03
966,2015-11-30,13000,13000,12400,12600,120026,M01,M00M01,M10M01,U03
967,2015-12-01,12500,12800,12350,12400,90582,M05,M00M05,M10M05,D04
968,2015-12-02,12400,12600,12300,12400,82042,K00,M00K00,M10K00,U04
969,2015-12-03,12250,12500,12100,12500,95780,P01,K00P01,S04P01,D04
970,2015-12-04,12300,12650,12250,12400,100108,P05,P00P05,P10P05,D04
971,2015-12-07,12450,12550,11850,11900,96582,M05,P00M05,P10M05,U04
972,2015-12-08,11950,12150,11250,11400,177792,M05,M00M05,S07M05,D04
973,2015-12-09,11250,11500,10900,11100,168100,M05,M00M05,M10M05,T01
974,2015-12-10,11100,12200,11100,11750,600729,P03,M00P03,M10P03,D04
975,2015-12-11,11950,12400,11700,11950,240987,K00,P00K00,S02K00,U04
976,2015-12-14,11700,12200,11650,11700,144755,K02,K00K02,P10K02,D04
977,2015-12-15,11700,12150,11700,12100,66941,P03,K00P03,P10P03,U04
978,2015-12-16,12150,12700,12050,12400,109602,P05,P00P05,P10P05,U04
979,2015-12-17,12500,12750,12050,12700,99867,P05,P00P05,P10P05,U04
980,2015-12-18,12600,12800,12400,12500,93069,M05,P00M05,P10M05,D04
981,2015-12-21,12400,12700,12000,12550,125734,P05,M00P05,S07P05,D04
982,2015-12-22,12600,12700,12150,12250,90170,M05,P00M05,S00M05,U04
983,2015-12-23,12250,12650,12250,12300,76274,K02,M00K02,S07K02,U04
984,2015-12-24,12500,12500,12200,12300,44780,M01,K00M01,S00M01,U04
985,2015-12-28,12250,12450,12200,12300,39516,K00,M00K00,S03K00,U01
986,2015-12-29,12200,12900,12200,12850,78536,P03,K00P03,S08P03,T01
987,2015-12-30,12850,12950,12600,12650,54018,M05,P00M05,P10M05,U04
988,2016-01-04,12500,12750,12300,12300,57830,M03,M00M03,S03M03,D04
989,2016-01-05,12000,12450,12000,12200,49046,P03,M00P03,M10P03,D04
990,2016-01-06,12200,12250,11800,11900,81227,M05,P00M05,S08M05,T01
991,2016-01-07,11900,12000,11350,11350,101938,M03,M00M03,S07M03,D04
992,2016-01-08,11150,11500,10900,11450,98847,P05,M00P05,M10P05,D04
993,2016-01-11,11300,11350,10900,10900,96137,M03,P00M03,S00M03,D04
994,2016-01-12,10900,11200,10450,10450,146693,M03,M00M03,S07M03,T01
995,2016-01-13,10500,11300,10500,11100,171338,P03,M00P03,M10P03,U04
996,2016-01-14,10850,11000,10550,10800,92871,M05,P00M05,S01M05,D04
997,2016-01-15,11150,11650,10850,10950,113065,M05,M00M05,S06M05,U04
998,2016-01-18,10700,11150,10700,11000,86032,P03,M00P03,M10P03,U04
999,2016-01-19,10900,11300,10650,10800,112550,M05,P00M05,S00M05,D04
1000,2016-01-20,10750,10900,10000,10000,217769,M03,M00M03,S06M03,T01
1001,2016-01-21,9950,10200,9770,9950,149170,K00,M00K00,M10K00,T01
1002,2016-01-22,10000,10400,9990,10400,105892,P01,K00P01,M10P01,T01
1003,2016-01-25,10500,10800,10200,10450,99057,M05,P00M05,P10M05,U04
1004,2016-01-26,10400,10400,10100,10250,58542,M01,M00M01,S05M01,D04
1005,2016-01-27,10350,10800,10300,10700,124288,P05,M00P05,M10P05,U04
1006,2016-01-28,10650,10650,10350,10550,81589,M02,P00M02,S01M02,D04
1007,2016-01-29,10550,10750,10250,10300,71893,M05,M00M05,S06M05,U04
1008,2016-02-01,10500,10600,10350,10500,60930,K00,M00K00,M10K00,U04
1009,2016-02-02,10500,10700,10350,10650,44769,P05,K00P05,M10P05,U02
1010,2016-02-03,10500,10650,10150,10400,66454,M05,P00M05,P10M05,D04
1011,2016-02-04,10400,11400,10300,11400,307310,P01,M00P01,S07P01,D04
1012,2016-02-05,11400,11900,11250,11450,173551,K00,P00K00,S02K00,U02
1013,2016-02-11,10800,11150,10650,10750,140153,M05,K00M05,P10M05,U04
1014,2016-02-12,10550,10700,9790,9950,186792,M05,M00M05,S07M05,D04
1015,2016-02-15,10100,10400,10000,10200,80370,P05,M00P05,M10P05,D04
1016,2016-02-16,10350,10550,10300,10300,83564,M04,P00M04,S01M04,U04
1017,2016-02-17,10250,10500,9990,10050,110524,M05,M00M05,S05M05,U04
1018,2016-02-18,10300,11150,10250,10950,196838,P05,M00P05,M10P05,U04
1019,2016-02-19,10850,11400,10700,11300,151584,P05,P00P05,S01P05,D04
1020,2016-02-22,11300,11350,11100,11300,61064,K01,P00K01,P10K01,U04
1021,2016-02-23,11300,11500,11000,11050,77615,M05,K00M05,P10M05,U04
1022,2016-02-24,10950,11750,10800,11450,171709,P05,M00P05,S07P05,D04
1023,2016-02-25,11500,11600,11100,11150,90769,M05,P00M05,S02M05,U04
1024,2016-02-26,11000,11250,10600,10700,210639,M05,M00M05,S03M05,U04
1025,2016-02-29,10650,10850,10350,10550,94855,M05,M00M05,M10M05,U03
1026,2016-03-02,10800,10800,10400,10550,129155,M01,M00M01,M10M01,U04
1027,2016-03-03,10600,11000,10450,10800,139596,P05,M00P05,M10P05,U04
1028,2016-03-04,10900,11150,10850,11000,135527,P05,P00P05,S01P05,U01
1029,2016-03-07,11100,11700,10950,11600,302642,P05,P00P05,P10P05,U03
1030,2016-03-08,11750,12150,11650,11700,234575,M05,P00M05,P10M05,T01
1031,2016-03-09,11800,12000,11600,11750,97233,M05,M00M05,S05M05,D04
1032,2016-03-10,11800,11950,11400,11450,120079,M05,M00M05,S04M05,U04
1033,2016-03-11,11400,12200,11300,12200,294657,P01,M00P01,M10P01,T01
1034,2016-03-14,12250,12400,11950,12050,135533,M05,P00M05,S02M05,U04
1035,2016-03-15,12200,12250,11700,12050,153021,M05,M00M05,S03M05,U01
1036,2016-03-16,12100,12300,11800,11900,117865,M05,M00M05,M10M05,D04
1037,2016-03-17,11900,12200,11900,11900,105361,K02,M00K02,M10K02,U04
1038,2016-03-18,12100,12200,11850,12000,97821,M05,K00M05,M10M05,U03
1039,2016-03-21,12000,12100,11600,11600,116524,M03,M00M03,S05M03,U04
1040,2016-03-22,11500,11800,11500,11700,64184,P03,M00P03,M10P03,U04
1041,2016-03-23,11650,11800,11300,11350,92061,M05,P00M05,S00M05,U03
1042,2016-03-24,11350,11450,11100,11200,110581,M05,M00M05,S07M05,D04
1043,2016-03-25,11300,11300,10800,10900,162578,M01,M00M01,M10M01,D04
1044,2016-03-28,10950,11000,10700,10750,73830,M05,M00M05,M10M05,U02
1045,2016-03-29,10800,11150,10800,10950,62755,P03,M00P03,M10P03,T01
1046,2016-03-30,11000,11200,10950,11000,46480,K02,P00K02,S01K02,U04
1047,2016-03-31,11150,11500,11050,11150,102932,K02,K00K02,P10K02,U04
1048,2016-04-01,11300,12150,11300,12000,432987,P03,K00P03,P10P03,T01
1049,2016-04-04,12150,13050,12150,13000,618088,P03,P00P03,P10P03,U04
1050,2016-04-05,13150,13500,12800,13000,416236,M05,P00M05,P10M05,D04
1051,2016-04-06,13000,13150,12850,13100,140453,P05,M00P05,S03P05,D04
1052,2016-04-07,13150,13150,12400,12650,223164,M01,P00M01,S00M01,U04
1053,2016-04-08,12600,12950,12350,12950,163044,P01,M00P01,S07P01,D04
1054,2016-04-11,13000,13300,12700,12800,160359,M05,P00M05,S00M05,U01
1055,2016-04-12,12800,12800,12350,12700,166003,M02,M00M02,S03M02,D04
1056,2016-04-14,12700,12850,12450,12500,84709,M05,M00M05,M10M05,U04
1057,2016-04-15,12500,12900,12500,12750,88375,P03,M00P03,M10P03,T01
1058,2016-04-18,12700,12700,12350,12500,105362,M01,P00M01,S02M01,T01
1059,2016-04-19,12400,12750,12300,12450,97934,K00,M00K00,S07K00,U04
1060,2016-04-20,12550,12600,12150,12250,128506,M05,K00M05,S08M05,D04
1061,2016-04-21,12300,12350,11800,12000,235032,M05,M00M05,S07M05,U02
1062,2016-04-22,11900,12300,11800,12000,113718,P05,M00P05,M10P05,T01
1063,2016-04-25,12250,12450,12100,12350,135558,P05,P00P05,S08P05,D04
1064,2016-04-26,12350,12600,11950,11950,146484,M03,P00M03,P10M03,T01
1065,2016-04-27,12000,12150,11900,12050,59211,K00,M00K00,S07K00,T01
1066,2016-04-28,12100,12200,11900,12200,65169,P01,K00P01,S01P01,D04
1067,2016-04-29,12150,12200,11900,12050,63131,M05,P00M05,P10M05,D04
1068,2016-05-02,12050,12100,11450,11600,99721,M05,M00M05,S07M05,D04
1069,2016-05-03,11550,11650,11100,11200,169752,M05,M00M05,M10M05,U04
1070,2016-05-04,11200,11250,11050,11200,60947,K00,M00K00,M10K00,D04
1071,2016-05-09,11200,11250,10950,10950,64754,M03,K00M03,M10M03,U04
1072,2016-05-10,10900,11450,10900,11400,98589,P03,M00P03,S07P03,U04
1073,2016-05-11,11400,11500,11200,11350,41943,M05,P00M05,S02M05,U04
1074,2016-05-12,11250,11500,11200,11500,58630,P01,M00P01,S03P01,D04
1075,2016-05-13,11550,11700,11350,11350,61961,M03,P00M03,S02M03,D04
1076,2016-05-16,11550,12500,11550,12450,477368,P03,M00P03,S03P03,D04
1077,2016-05-17,12550,12600,12100,12250,219500,M05,P00M05,S01M05,U04
1078,2016-05-18,12050,12150,11700,11850,164443,M05,M00M05,S03M05,D04
1079,2016-05-19,11800,11950,11150,11250,209618,M05,M00M05,M10M05,U04
1080,2016-05-20,11350,11350,11050,11150,94618,M01,M00M01,M10M01,D04
1081,2016-05-23,11200,11450,11000,11300,106239,P05,M00P05,M10P05,U04
1082,2016-05-24,11400,11400,11050,11100,57781,M01,P00M01,S01M01,T01
1083,2016-05-25,11300,11550,11200,11300,77108,K00,M00K00,S07K00,U04
1084,2016-05-26,11350,11500,11150,11400,65172,K00,K00K00,M10K00,U04
1085,2016-05-27,11500,11800,11350,11700,128866,P05,K00P05,S04P05,U02
1086,2016-05-30,11700,11850,11450,11600,56007,M05,P00M05,P10M05,U02
1087,2016-05-31,11550,11750,11400,11450,75296,M05,M00M05,S03M05,U04
1088,2016-06-01,11500,11900,11450,11900,126702,P01,M00P01,M10P01,U04
1089,2016-06-02,11900,12150,11650,12100,144625,P05,P00P05,S01P05,U01
1090,2016-06-03,12150,12150,11800,11900,72002,M01,P00M01,P10M01,U04
1091,2016-06-07,11900,12000,11800,11950,83713,K00,M00K00,S07K00,U04
1092,2016-06-08,11950,12150,11850,11950,104564,K00,K00K00,S00K00,T01
1093,2016-06-09,11950,12250,11800,11900,95097,M05,K00M05,S04M05,U03
1094,2016-06-10,11950,12500,11750,12350,223362,P05,M00P05,S04P05,D04
1095,2016-06-13,12250,12450,11800,11900,147957,M05,P00M05,S01M05,D04
1096,2016-06-14,11800,11900,11500,11700,121741,M05,M00M05,S07M05,D04
1097,2016-06-15,11550,11700,11450,11500,78033,M05,M00M05,M10M05,T01
1098,2016-06-16,11550,11650,11050,11300,98760,M05,M00M05,M10M05,T01
1099,2016-06-17,11350,11450,11000,11150,75153,M05,M00M05,M10M05,U03
1100,2016-06-20,11250,11500,11200,11500,57938,P01,M00P01,M10P01,D04
1101,2016-06-21,11450,11700,11250,11600,70457,P05,P00P05,S01P05,U04
1102,2016-06-22,11600,11750,11500,11650,47997,K00,P00K00,P10K00,U02
1103,2016-06-23,11650,11650,11350,11350,51541,M00,K00M00,P10M00,T01
1104,2016-06-24,11500,11600,10250,10650,258219,M05,M00M05,S07M05,U04
1105,2016-06-27,10300,10900,10300,10800,95066,P03,M00P03,M10P03,D04
1106,2016-06-28,10650,11200,10550,11200,83300,P01,P00P01,S00P01,D04
1107,2016-06-29,11350,11800,11300,11600,125329,P05,P00P05,P10P05,U04
1108,2016-06-30,11600,13250,11600,12800,906865,P13,P00P13,P10P13,U04
1109,2016-07-01,13000,13800,12900,13650,867836,P05,P10P05,P10P05,U04
1110,2016-07-04,13850,13950,13400,13650,313555,M05,P00M05,P10M05,U04
1111,2016-07-05,13900,14700,13500,14600,500474,P05,M00P05,S03P05,U04
1112,2016-07-06,14500,14700,13900,14700,426513,P02,P00P02,S01P02,D04
1113,2016-07-07,14700,14800,14250,14400,222178,M05,P00M05,P10M05,U04
1114,2016-07-08,14250,14350,13650,13850,318096,M05,M00M05,S07M05,U04
1115,2016-07-11,14050,14400,13900,14150,237900,P05,M00P05,M10P05,U04
1116,2016-07-12,14300,14300,13750,13950,146381,M01,P00M01,S01M01,U04
1117,2016-07-13,14100,14950,13950,14850,424269,P05,M00P05,S07P05,U04
1118,2016-07-14,14750,15000,14500,14500,227726,M03,P00M03,S01M03,D04
1119,2016-07-15,14500,14600,13650,13700,244764,M05,M00M05,S06M05,U04
1120,2016-07-18,13800,14000,13350,13500,207453,M05,M00M05,M10M05,T01
1121,2016-07-19,13650,14050,13500,13700,164420,K00,M00K00,M10K00,U04
1122,2016-07-20,13650,13700,13300,13450,141757,M05,K00M05,S01M05,D04
1123,2016-07-21,13550,13550,12800,13100,273313,M01,M00M01,S07M01,U04
1124,2016-07-22,13200,13750,12950,13500,147222,P05,M00P05,M10P05,D04
1125,2016-07-25,13600,13700,13000,13300,93096,M05,P00M05,S01M05,U04
1126,2016-07-26,13250,13300,12950,13250,78388,K01,M00K01,S03K01,T01
1127,2016-07-27,13150,13600,13150,13250,60118,P04,K00P04,M10P04,U03
1128,2016-07-28,13250,13550,13200,13400,62883,P05,P00P05,S04P05,U04
1129,2016-07-29,13500,13500,12900,13050,103665,M01,P00M01,P10M01,U04
1130,2016-08-01,13000,13350,12950,13200,109047,P05,M00P05,S07P05,U02
1131,2016-08-02,13300,13300,12750,13100,115197,M01,P00M01,S00M01,U04
1132,2016-08-03,12900,13050,12700,12700,86840,M03,M00M03,S03M03,D04
1133,2016-08-04,12700,13000,12650,12800,73791,P05,M00P05,M10P05,U04
1134,2016-08-05,12650,12750,12300,12550,138285,M05,P00M05,S00M05,U02
1135,2016-08-08,12700,12950,12550,12950,65524,P01,M00P01,S07P01,U04
1136,2016-08-09,12900,13150,12650,13000,88307,P05,P00P05,S01P05,T01
1137,2016-08-10,13050,13100,12850,13000,46863,M05,P00M05,P10M05,U03
1138,2016-08-11,13050,13800,13050,13700,213592,P03,M00P03,S03P03,D04
1139,2016-08-12,13800,13850,13500,13750,96598,M05,P00M05,S01M05,U04
1140,2016-08-16,13650,13850,13250,13400,116190,M05,M00M05,S05M05,U04
1141,2016-08-17,12950,12950,12250,12550,331563,M01,M00M01,M10M01,D04
1142,2016-08-18,12550,12600,12250,12250,103002,M03,M00M03,M10M03,T01
1143,2016-08-19,12250,12500,12000,12050,103387,M05,M00M05,M10M05,U03
1144,2016-08-22,12000,12450,11950,11950,59818,M04,M00M04,M10M04,T01
1145,2016-08-23,11950,12250,11950,12050,47707,P04,M00P04,M10P04,U02
1146,2016-08-24,12150,12300,11700,12150,105614,K00,P00K00,S04K00,U04
1147,2016-08-25,12150,12200,11750,11750,105455,M03,K00M03,P10M03,D04
1148,2016-08-26,11650,11800,11450,11600,77347,M05,M00M05,S07M05,T01
1149,2016-08-29,11600,11650,11100,11300,110117,M05,M00M05,M10M05,U02
1150,2016-08-30,11350,11600,11250,11550,47587,P05,M00P05,M10P05,U03
1151,2016-08-31,11350,11450,11150,11450,85866,P01,P00P01,S01P01,T01
1152,2016-09-01,11400,11450,11100,11450,72058,K01,P00K01,P10K01,T01
1153,2016-09-02,11450,11850,11450,11800,84700,P03,K00P03,S04P03,U03
1154,2016-09-05,11850,11900,11550,11750,71954,M05,P00M05,P10M05,U03
1155,2016-09-06,11750,11800,11500,11700,51354,M05,M00M05,S03M05,U04
1156,2016-09-07,11750,11800,11450,11450,58400,M03,M00M03,M10M03,U04
1157,2016-09-08,11450,11700,11350,11500,80458,K00,M00K00,M10K00,U02
1158,2016-09-09,11400,11550,11150,11250,43843,M05,K00M05,S00M05,D04
1159,2016-09-12,11000,11250,10950,10950,56881,M04,M00M04,S07M04,D04
1160,2016-09-13,11000,11450,11000,11400,31989,P03,M00P03,M10P03,U04
1161,2016-09-19,11300,12400,11300,12300,105881,P03,P00P03,S01P03,T01
1162,2016-09-20,12250,12250,11850,11900,79777,M01,P00M01,P10M01,T01
1163,2016-09-21,11850,12100,11750,11800,44700,M05,M00M05,S06M05,U02
1164,2016-09-22,11900,12300,11850,11950,68861,K02,M00K02,M10K02,U04
1165,2016-09-23,12000,12000,11800,11850,53533,M01,K00M01,S01M01,U04
1166,2016-09-26,11850,11900,11550,11700,28535,M05,M00M05,S07M05,D04
1167,2016-09-27,11550,11950,11500,11750,46164,P05,M00P05,M10P05,D04
1168,2016-09-28,11850,12000,11700,11800,33522,M05,P00M05,S00M05,U04
1169,2016-09-29,11850,12000,11750,11900,53360,K00,M00K00,S05K00,U03
1170,2016-09-30,11900,11900,11600,11600,47954,M00,K00M00,S04M00,D04
1171,2016-10-04,11600,11900,11550,11850,52354,P05,M00P05,S07P05,T01
1172,2016-10-05,11750,12100,11750,11850,62356,P04,P00P04,S00P04,T01
1173,2016-10-06,11850,11950,11750,11850,27732,K00,P00K00,P10K00,U04
1174,2016-10-07,11850,11950,11650,11650,37579,M03,K00M03,S04M03,T01
1175,2016-10-10,11650,11900,11650,11800,33932,P03,M00P03,S07P03,T01
1176,2016-10-11,11800,12050,11750,11950,63381,P05,P00P05,S00P05,U04
1177,2016-10-12,11950,12000,11800,11900,47970,M05,P00M05,P10M05,D04
1178,2016-10-13,11900,11950,11500,11600,50660,M05,M00M05,S03M05,T01
1179,2016-10-14,11600,11750,11550,11650,29133,K00,M00K00,M10K00,D04
1180,2016-10-17,11700,12150,11550,11800,90806,P05,K00P05,S00P05,T01
1181,2016-10-18,11900,12150,11800,11800,81599,M04,P00M04,P10M04,D04
1182,2016-10-19,11850,11950,11750,11750,45973,M03,M00M03,S03M03,U04
1183,2016-10-20,11750,11850,11550,11700,41615,M05,M00M05,M10M05,U01
1184,2016-10-21,11700,11700,11550,11550,27465,M00,M00M00,M10M00,T01
1185,2016-10-24,11500,11650,11400,11400,47223,M03,M00M03,M10M03,U04
1186,2016-10-25,11350,11550,11250,11500,42583,P05,M00P05,M10P05,U04
1187,2016-10-26,11500,11550,11100,11500,60965,K01,P00K01,S02K01,D04
1188,2016-10-27,11500,11750,11400,11700,48776,P05,K00P05,P10P05,D04
1189,2016-10-28,11600,11750,11550,11600,41345,K00,P00K00,P10K00,D04
1190,2016-10-31,11500,11700,11250,11350,38958,M05,K00M05,P10M05,D04
1191,2016-11-01,11350,11500,11200,11300,22299,M05,M00M05,S07M05,T01
1192,2016-11-02,11150,11250,10750,10850,76790,M05,M00M05,M10M05,D04
1193,2016-11-03,10650,11050,10650,10950,56073,P03,M00P03,M10P03,D04
1194,2016-11-04,10950,11000,10800,10900,21937,M05,P00M05,S00M05,D04
1195,2016-11-07,10950,11300,10850,11300,26461,P01,M00P01,S03P01,T01
1196,2016-11-08,11300,11400,11150,11250,40873,M05,P00M05,S01M05,U04
1197,2016-11-09,11250,11400,10250,10700,127536,M05,M00M05,S03M05,U04
1198,2016-11-10,11000,11300,10850,11150,48330,P05,M00P05,M10P05,U04
1199,2016-11-11,11200,11300,11000,11250,46868,K01,P00K01,S01K01,D04
1200,2016-11-14,11250,11400,11250,11300,40937,K00,K00K00,P10K00,U04
1201,2016-11-15,11250,11450,11150,11200,49942,M05,K00M05,S04M05,D04
1202,2016-11-16,11300,11500,11300,11450,78506,P03,M00P03,S04P03,U04
1203,2016-11-17,11400,11500,11300,11400,30572,K00,P00K00,S01K00,U04
1204,2016-11-18,11400,11500,11200,11350,19618,M05,K00M05,P10M05,U04
1205,2016-11-21,11300,11400,11100,11100,18829,M03,M00M03,S04M03,T01
1206,2016-11-22,11250,11250,11100,11100,22558,M00,M00M00,M10M00,U04
1207,2016-11-23,11050,11200,10650,10700,42031,M05,M00M05,M10M05,U04
1208,2016-11-24,10700,10900,10400,10600,44264,M05,M00M05,M10M05,U04
1209,2016-11-25,10600,10750,10450,10600,26790,K00,M00K00,M10K00,T01
1210,2016-11-28,10650,10650,10400,10400,18215,M00,K00M00,S04M00,U04
1211,2016-11-29,10350,10500,10200,10350,34943,K00,M00K00,S07K00,D04
1212,2016-11-30,10350,10450,10300,10400,21313,K00,K00K00,M10K00,U03
1213,2016-12-01,10500,10550,10300,10500,18093,K01,K00K01,S04K01,D04
1214,2016-12-02,10550,10550,10150,10250,26400,M01,K00M01,P10M01,D04
1215,2016-12-05,10100,10350,10000,10250,34986,P05,M00P05,S07P05,U01
1216,2016-12-06,10200,10500,10200,10350,20125,P03,P00P03,S08P03,U04
1217,2016-12-07,10450,10450,10300,10400,15323,M02,P00M02,P10M02,U04
1218,2016-12-08,10300,10600,10300,10450,19554,P03,M00P03,S05P03,U04
1219,2016-12-09,10400,10950,10400,10800,32281,P03,P00P03,S02P03,U04
1220,2016-12-12,10800,11050,10800,10950,19852,P03,P00P03,P10P03,U04
1221,2016-12-13,11000,11100,10550,10950,33759,M05,P00M05,P10M05,D04
1222,2016-12-14,11000,11100,10850,11000,17619,K00,M00K00,S03K00,U04
1223,2016-12-15,11000,11350,10950,11300,49012,P05,K00P05,S04P05,D04
1224,2016-12-16,11350,11450,11150,11300,32009,M05,P00M05,P10M05,U04
1225,2016-12-19,11350,11400,11100,11200,26566,M05,M00M05,S03M05,D04
1226,2016-12-20,11250,11300,11100,11300,20488,K01,M00K01,M10K01,U04
1227,2016-12-21,11250,11350,11100,11100,30880,M03,K00M03,S01M03,U04
1228,2016-12-22,11200,11300,10900,11000,39872,M05,M00M05,S07M05,T01
1229,2016-12-23,11000,11100,10900,11100,27683,P01,M00P01,M10P01,D04
1230,2016-12-26,11100,11150,10950,10950,16535,M03,P00M03,S00M03,D04
1231,2016-12-27,11050,11050,10900,10950,28141,M01,M00M01,S07M01,U04
1232,2016-12-28,10950,11050,10950,11000,28378,K00,M00K00,M10K00,U04
1233,2016-12-29,11100,11400,10950,11350,78046,P05,K00P05,S04P05,D04
1234,2017-01-02,11350,11400,11100,11250,32026,M05,P00M05,P10M05,D04
1235,2017-01-03,11200,11400,11150,11350,46631,P05,M00P05,S03P05,D04
1236,2017-01-04,11400,11700,11350,11700,90982,P01,P00P01,S02P01,U04
1237,2017-01-05,11700,11850,11650,11750,43382,K00,P00K00,P10K00,U04
1238,2017-01-06,11750,11800,11550,11650,27143,M05,K00M05,P10M05,U03
1239,2017-01-09,11700,11700,11400,11550,27043,M01,M00M01,S04M01,U04
1240,2017-01-10,11450,11550,11350,11350,22345,M03,M00M03,M10M03,U03
1241,2017-01-11,11350,11500,11300,11350,28617,K00,M00K00,M10K00,U04
1242,2017-01-12,11300,11500,11300,11350,32970,K00,K00K00,S04K00,U03
1243,2017-01-13,11350,11450,11200,11200,25471,M03,K00M03,S04M03,D04
1244,2017-01-16,11250,11250,10900,10950,34189,M01,M00M01,S07M01,D04
1245,2017-01-17,11050,11050,10850,10850,30539,M00,M00M00,M10M00,U04
1246,2017-01-18,10850,11050,10700,10900,52873,K00,M00K00,M10K00,D04
1247,2017-01-19,10900,10950,10750,10750,20089,M03,K00M03,S00M03,U04
1248,2017-01-20,10900,10900,10650,10700,28327,M01,M00M01,S07M01,D04
1249,2017-01-23,10800,11250,10650,11000,54701,P05,M00P05,M10P05,U04
1250,2017-01-24,11050,11050,10500,10700,47753,M01,P00M01,S01M01,T01
1251,2017-01-25,10800,11000,10650,10650,28221,M03,M00M03,S07M03,U04
1252,2017-01-26,10800,10950,10500,10850,13237,K01,M00K01,M10K01,U04
1253,2017-01-31,10850,10850,10600,10850,13159,K01,K00K01,S01K01,D04
1254,2017-02-01,10900,11200,10800,10950,21768,K00,K00K00,S04K00,T01
1255,2017-02-02,10850,11000,10800,10900,17613,K00,K00K00,S04K00,U04
1256,2017-02-03,10900,11000,10650,10800,25780,M05,K00M05,S04M05,T01
1257,2017-02-06,10850,10950,10650,10900,25694,K01,M00K01,S04K01,U04
1258,2017-02-07,10900,11000,10750,11000,34356,P01,K00P01,S04P01,T01
1259,2017-02-08,11150,11150,10750,10900,29554,M01,P00M01,P10M01,U03
1260,2017-02-09,10900,11050,10750,11050,25183,P01,M00P01,S07P01,U02
1261,2017-02-10,11050,11100,10900,11100,27129,K01,P00K01,S00K01,U04
1262,2017-02-13,11100,11250,10950,11000,35868,M05,K00M05,P10M05,U04
1263,2017-02-14,11050,11500,10900,11350,46385,P05,M00P05,S04P05,U04
1264,2017-02-15,11400,11550,11200,11450,54960,K00,P00K00,S01K00,U04
1265,2017-02-16,11450,11450,11200,11200,25726,M00,K00M00,P10M00,U04
1266,2017-02-17,11100,11200,11050,11100,19284,K00,M00K00,S07K00,T01
1267,2017-02-20,11000,11150,11000,11150,14461,P00,K00P00,M10P00,T01
1268,2017-02-21,11150,11300,11000,11200,30448,K00,P00K00,P10K00,U04
1269,2017-02-22,11150,11600,11150,11500,51610,P03,K00P03,P10P03,U04
1270,2017-02-23,11550,11550,11100,11150,57157,M01,P00M01,P10M01,T01
1271,2017-02-24,11150,11300,11000,11100,59887,M05,M00M05,S07M05,D04
1272,2017-02-27,11250,11250,11000,11100,17993,M01,M00M01,M10M01,U03
1273,2017-02-28,11150,11200,10950,10950,24225,M03,M00M03,M10M03,U04
1274,2017-03-02,11050,11100,10800,10950,32637,M05,M00M05,M10M05,U04
1275,2017-03-03,10800,10950,10450,10700,69536,M05,M00M05,M10M05,D04
1276,2017-03-06,10700,10750,10450,10750,16525,K01,M00K01,M10K01,U02
1277,2017-03-07,10850,10950,10650,10950,22804,P01,K00P01,S04P01,D04
1278,2017-03-08,11050,11200,10950,11100,42805,K00,P00K00,P10K00,T01
1279,2017-03-09,11100,11200,11000,11100,15184,K00,K00K00,P10K00,U01
1280,2017-03-10,11100,11100,10750,11000,50159,M02,K00M02,S04M02,T01
1281,2017-03-13,11100,11100,10700,10800,36194,M01,M00M01,S04M01,U04
1282,2017-03-14,10750,10900,10650,10650,23147,M03,M00M03,M10M03,U03
1283,2017-03-15,10800,10800,10450,10550,56060,M01,M00M01,M10M01,D04
1284,2017-03-16,10600,10700,10500,10650,54402,K00,M00K00,M10K00,U04
1285,2017-03-17,10600,10700,10450,10500,33438,M05,K00M05,S01M05,T01
1286,2017-03-20,10550,10550,10200,10200,69788,M00,M00M00,S07M00,T01
1287,2017-03-21,10200,10450,10200,10450,30240,P00,M00P00,M10P00,T01
1288,2017-03-22,10400,10400,10200,10350,58497,M02,P00M02,S00M02,D04
1289,2017-03-23,10350,10400,10150,10400,40757,K01,M00K01,S06K01,U04
1290,2017-03-24,10400,10450,10200,10350,39224,M05,K00M05,S04M05,T01
1291,2017-03-27,10350,10350,10250,10250,15546,M00,M00M00,S04M00,U03
1292,2017-03-28,10250,10350,10200,10250,20634,K00,M00K00,M10K00,U03
1293,2017-03-29,10300,10400,10200,10350,17851,K00,K00K00,S04K00,U04
1294,2017-03-30,10400,10400,10200,10200,19118,M00,K00M00,S04M00,U04
1295,2017-03-31,10250,10350,10200,10350,22785,P01,M00P01,S07P01,U04
1296,2017-04-03,10400,10600,10300,10550,39322,P05,P00P05,S01P05,T01
1297,2017-04-04,10550,10600,10450,10450,24443,M03,P00M03,P10M03,D04
1298,2017-04-05,10400,10550,10250,10300,54196,M05,M00M05,S03M05,U01
1299,2017-04-06,10350,10450,10150,10250,35633,M05,M00M05,M10M05,D04
1300,2017-04-07,10250,10300,10150,10300,31112,K01,M00K01,M10K01,U03
1301,2017-04-10,10250,10300,10000,10000,49243,M03,K00M03,S04M03,T01
1302,2017-04-11,10000,10150,9970,10000,57491,K02,M00K02,S07K02,U01
1303,2017-04-12,9990,10100,9950,9960,31534,M05,K00M05,M10M05,T01
1304,2017-04-13,9960,10200,9920,10150,30497,P05,M00P05,S04P05,D04
1305,2017-04-14,10150,10200,9990,10050,24673,M05,P00M05,S02M05,D04
1306,2017-04-17,10100,10250,10000,10100,26945,K00,M00K00,S03K00,D04
1307,2017-04-18,10150,10200,10050,10200,36613,K01,K00K01,S04K01,U04
1308,2017-04-19,10200,10250,10050,10150,21623,M05,K00M05,S04M05,T01
1309,2017-04-20,10150,10200,10100,10100,18825,M03,M00M03,S04M03,U03
1310,2017-04-21,10150,10200,10050,10100,20814,M05,M00M05,S04M05,U04
1311,2017-04-24,10050,10150,10000,10100,15639,K00,M00K00,S04K00,T01
1312,2017-04-25,10100,10250,10050,10250,17572,P01,K00P01,S04P01,U04
1313,2017-04-26,10250,10600,10200,10450,68172,P05,P00P05,P10P05,U04
1314,2017-04-27,10400,10450,10300,10350,20269,M05,P00M05,P10M05,T01
1315,2017-04-28,10300,10400,10200,10200,14162,M03,M00M03,S06M03,U04
1316,2017-05-02,10200,10250,10050,10100,25078,M05,M00M05,M10M05,U04
1317,2017-05-04,10000,10150,9980,10100,33551,P05,M00P05,M10P05,D04
1318,2017-05-08,10100,10150,10000,10100,26771,K00,P00K00,S08K00,U04
1319,2017-05-10,10150,10150,10000,10100,34943,M02,K00M02,S04M02,U04
1320,2017-05-11,10150,10300,10050,10250,33994,P05,M00P05,S04P05,U02
1321,2017-05-12,10250,10600,10150,10300,72570,K00,P00K00,S01K00,T01
1322,2017-05-15,10400,10400,10200,10300,15512,M01,K00M01,P10M01,U01
1323,2017-05-16,10300,10350,10100,10250,39227,M05,M00M05,S03M05,U04
1324,2017-05-17,10300,10300,10100,10200,29881,M01,M00M01,M10M01,U04
1325,2017-05-18,10100,10200,10050,10150,33243,K00,M00K00,S04K00,D04
1326,2017-05-19,10250,10550,10200,10400,58550,P05,K00P05,S08P05,U04
1327,2017-05-22,10500,10550,10350,10450,11132,M05,P00M05,P10M05,U04
1328,2017-05-23,10400,10500,10300,10400,19258,K00,M00K00,S05K00,U04
1329,2017-05-24,10450,10650,10450,10550,49170,P03,K00P03,S04P03,U01
1330,2017-05-25,10600,10900,10550,10800,99940,P05,P00P05,P10P05,U04
1331,2017-05-26,10900,11000,10800,10850,54369,M05,P00M05,P10M05,U04
1332,2017-05-29,11000,11000,10700,10850,29740,M01,M00M01,S05M01,U04
1333,2017-05-30,10900,10950,10750,10850,34775,M05,M00M05,M10M05,U01
1334,2017-05-31,10900,10900,10650,10750,36228,M01,M00M01,M10M01,T01
1335,2017-06-01,10750,10850,10750,10800,15654,K00,M00K00,M10K00,T01
1336,2017-06-02,10850,10900,10750,10800,24551,M05,K00M05,S00M05,U04
1337,2017-06-05,10800,10850,10600,10600,30792,M03,M00M03,S04M03,U04
1338,2017-06-07,10550,10650,10500,10500,30443,M04,M00M04,M10M04,D04
1339,2017-06-08,10500,10600,10350,10450,38237,M05,M00M05,M10M05,U04
1340,2017-06-09,10400,10500,10350,10450,25341,K00,M00K00,S04K00,U04
1341,2017-06-12,10500,10750,10450,10650,40629,P05,K00P05,S04P05,D04
1342,2017-06-13,10750,10750,10550,10650,22987,M01,P00M01,P10M01,D04
1343,2017-06-14,10650,11300,10650,10900,156367,P03,M00P03,S03P03,U04
1344,2017-06-15,10850,11100,10650,10800,66324,M05,P00M05,S02M05,D04
1345,2017-06-16,10700,10950,10650,10800,24600,P05,M00P05,S06P05,D04
1346,2017-06-19,10900,10900,10650,10800,49185,M01,P00M01,S08M01,T01
1347,2017-06-20,10850,11200,10650,10850,132543,K00,M00K00,S03K00,U04
1348,2017-06-21,10900,10950,10650,10650,57251,M03,K00M03,S04M03,D04
1349,2017-06-22,10650,10750,10400,10450,66497,M05,M00M05,S07M05,U04
1350,2017-06-23,10550,10550,10250,10400,54407,M01,M00M01,M10M01,U01
1351,2017-06-26,10400,10500,10200,10350,28773,M05,M00M05,M10M05,U04
1352,2017-06-27,10450,10450,10250,10350,32925,M01,M00M01,M10M01,D04
1353,2017-06-28,10250,10350,10150,10200,70942,M05,M00M05,S04M05,D04
1354,2017-06-29,10200,10300,10000,10200,90800,K00,M00K00,M10K00,U04
1355,2017-06-30,10100,10250,10050,10200,23460,P05,K00P05,S04P05,D04
1356,2017-07-03,10250,10300,10100,10300,13890,K01,P00K01,S04K01,T01
1357,2017-07-04,10300,10350,10000,10150,41419,M05,K00M05,P10M05,T01
1358,2017-07-05,10150,10200,10000,10100,32552,M05,M00M05,S07M05,D04
1359,2017-07-06,10150,10150,9920,9990,84753,M01,M00M01,M10M01,U04
1360,2017-07-07,9990,9990,9640,9750,123992,M01,M00M01,M10M01,D04
1361,2017-07-10,9750,9810,9500,9590,47872,M05,M00M05,M10M05,U04
1362,2017-07-11,9720,9720,9520,9620,28984,M01,M00M01,M10M01,U04
1363,2017-07-12,9530,9640,9480,9510,50122,M05,M00M05,M10M05,U03
1364,2017-07-13,9460,9600,9400,9500,43503,K00,M00K00,M10K00,U04
1365,2017-07-14,9540,9550,9270,9430,53288,M05,K00M05,S04M05,U03
1366,2017-07-17,9480,9490,9260,9420,36739,M05,M00M05,S07M05,U04
1367,2017-07-18,9370,9440,9300,9360,20889,M05,M00M05,M10M05,T01
1368,2017-07-19,9350,9500,9320,9450,15041,P05,M00P05,M10P05,U04
1369,2017-07-20,9550,9610,9450,9590,25520,K01,P00K01,S02K01,U04
1370,2017-07-21,9510,9620,9470,9600,24191,P05,K00P05,P10P05,U01
1371,2017-07-24,9620,9640,9490,9490,15139,M03,P00M03,S04M03,T01
1372,2017-07-25,9580,9580,9400,9470,12688,M01,M00M01,S07M01,U04
1373,2017-07-26,9540,9540,9370,9450,17831,M01,M00M01,M10M01,T01
1374,2017-07-27,9500,9500,9360,9460,20553,M02,M00M02,M10M02,U02
1375,2017-07-28,9510,9550,9310,9540,25008,K01,M00K01,S04K01,D04
1376,2017-07-31,9410,9520,9360,9450,20881,K00,K00K00,S04K00,T01
1377,2017-08-01,9360,9500,9350,9400,20861,K00,K00K00,P10K00,D04
1378,2017-08-02,9450,9460,9370,9410,8507,M05,K00M05,S04M05,U03
1379,2017-08-03,9410,9440,9210,9380,37530,M05,M00M05,S04M05,T01
1380,2017-08-04,9410,9410,9230,9260,15494,M01,M00M01,S04M01,D04
1381,2017-08-07,9340,9340,9120,9180,30792,M01,M00M01,M10M01,U03
1382,2017-08-08,9230,9260,9140,9220,20223,M05,M00M05,M10M05,U04
1383,2017-08-09,9270,9340,9150,9190,17920,M05,M00M05,M10M05,T01
1384,2017-08-10,9140,9220,8970,9040,39680,M05,M00M05,S04M05,D04
1385,2017-08-11,8960,9000,8830,8920,32830,M05,M00M05,M10M05,D04
1386,2017-08-14,8840,8920,8650,8650,51838,M03,M00M03,M10M03,U04
1387,2017-08-16,8780,8780,8640,8680,13724,M01,M00M01,M10M01,T01
1388,2017-08-17,8740,8740,8490,8620,42276,M01,M00M01,M10M01,U03
1389,2017-08-18,8670,8670,8490,8500,31362,M01,M00M01,M10M01,D04
1390,2017-08-21,8500,8700,8440,8500,17451,K02,M00K02,M10K02,T01
1391,2017-08-22,8500,8660,8450,8500,25926,K02,K00K02,M10K02,T01
1392,2017-08-23,8630,8630,8450,8500,17514,M01,K00M01,S04M01,U04
1393,2017-08-24,8500,8560,8410,8530,23907,K01,M00K01,S07K01,D04
1394,2017-08-25,8540,8680,8480,8680,12546,P01,K00P01,S00P01,T01
1395,2017-08-28,8630,8780,8630,8760,8987,P03,P00P03,P10P03,T01
1396,2017-08-29,8780,8850,8600,8850,18469,P02,P00P02,P10P02,U04
1397,2017-08-30,8850,8850,8700,8790,25610,M01,P00M01,P10M01,U04
1398,2017-08-31,8780,8800,8680,8700,6413,M05,M00M05,S04M05,U04
1399,2017-09-01,8780,8780,8630,8720,15086,M01,M00M01,M10M01,U04
1400,2017-09-04,8610,8700,8570,8570,14011,M04,M00M04,S04M04,U04
1401,2017-09-05,8630,8700,8500,8700,22508,P01,M00P01,M10P01,U02
1402,2017-09-06,8690,8690,8480,8650,18154,M02,P00M02,S01M02,D04
1403,2017-09-07,8650,8680,8570,8570,7577,M03,M00M03,S04M03,U04
1404,2017-09-08,8570,8670,8390,8410,16509,M05,M00M05,M10M05,U01
1405,2017-09-11,8490,8490,8320,8370,17173,M01,M00M01,M10M01,D04
1406,2017-09-12,8440,8450,8250,8400,24251,M05,M00M05,M10M05,U04
1407,2017-09-13,8490,8490,8260,8400,15911,M01,M00M01,M10M01,U04
1408,2017-09-14,8440,8440,8280,8300,17531,M01,M00M01,M10M01,U01
1409,2017-09-15,8390,8390,8210,8250,20729,M01,M00M01,M10M01,D04
1410,2017-09-18,8300,8370,8220,8280,14982,M05,M00M05,M10M05,U04
1411,2017-09-19,8280,8350,8230,8270,9288,M05,M00M05,M10M05,U02
1412,2017-09-20,8300,8300,8190,8220,21998,M01,M00M01,S04M01,U02
1413,2017-09-21,8250,8280,8090,8120,26545,M05,M00M05,S04M05,T01
1414,2017-09-22,8020,8170,7780,7900,33443,M05,M00M05,M10M05,D04
1415,2017-09-25,7990,8000,7550,7600,50899,M05,M00M05,M10M05,U01
1416,2017-09-26,7660,7750,7570,7650,10757,M05,M00M05,M10M05,D04
1417,2017-09-27,7690,7710,7570,7700,5568,K01,M00K01,M10K01,U02
1418,2017-09-28,7750,7840,7650,7700,5229,M05,K00M05,S04M05,U04
1419,2017-09-29,7770,7930,7650,7910,14755,P05,M00P05,S04P05,T01
1420,2017-10-10,8030,8030,7830,7900,8508,M01,P00M01,S01M01,T01
1421,2017-10-11,7910,7990,7840,7980,6580,P05,M00P05,S03P05,U02
1422,2017-10-12,8030,8030,7900,7990,9177,M02,P00M02,S01M02,U03
1423,2017-10-13,8010,8020,7890,7990,11217,M05,M00M05,S05M05,T01
1424,2017-10-16,7990,8070,7820,8070,10243,P02,M00P02,S04P02,U03
1425,2017-10-17,8090,8090,7980,8070,12121,M02,P00M02,S04M02,U04
1426,2017-10-18,8080,8080,7870,7960,10317,M01,M00M01,S03M01,T01
1427,2017-10-19,8050,8050,7870,7980,5407,M01,M00M01,M10M01,T01
1428,2017-10-20,7990,8030,7900,7980,6561,M05,M00M05,M10M05,D04
1429,2017-10-23,8010,8010,7760,7980,9511,M02,M00M02,S04M02,U04
1430,2017-10-24,7980,8010,7850,7930,7850,M05,M00M05,S04M05,D04
1431,2017-10-25,7970,7970,7800,7920,10762,M02,M00M02,M10M02,U03
1432,2017-10-26,7940,7950,7800,7940,11415,K01,M00K01,S04K01,D04
1433,2017-10-27,7930,8090,7900,8080,16958,P05,K00P05,S04P05,T01
1434,2017-10-30,8080,8110,8020,8080,8281,K00,P00K00,P10K00,U04
1435,2017-10-31,8090,8110,7990,8070,17068,M05,K00M05,P10M05,T01
1436,2017-11-01,8080,8160,8030,8160,7928,P01,M00P01,S04P01,U04
1437,2017-11-02,8220,8220,8090,8100,6423,M01,P00M01,S01M01,T01
1438,2017-11-03,8180,8180,7990,8110,17126,M01,M00M01,S03M01,T01
1439,2017-11-06,8150,8150,8010,8090,10289,M01,M00M01,M10M01,U04
1440,2017-11-07,8100,8150,8030,8150,9071,P01,M00P01,M10P01,U04
1441,2017-11-08,8150,8210,8010,8140,8717,M05,P00M05,S04M05,T01
1442,2017-11-09,8170,8450,8080,8430,40325,P05,M00P05,S04P05,U04
1443,2017-11-10,8460,8830,8430,8820,80632,P05,P00P05,S01P05,D04
1444,2017-11-13,8820,8950,8740,8910,50680,P05,P00P05,P10P05,T01
1445,2017-11-14,9040,9140,8720,9120,101570,P05,P00P05,P10P05,U02
1446,2017-11-15,9200,9210,9020,9100,93501,M05,P00M05,P10M05,D04
1447,2017-11-16,9110,9990,9030,9500,189420,P05,M00P05,S03P05,D04
1448,2017-11-17,9500,9530,8650,8810,97413,M05,P00M05,S01M05,U04
1449,2017-11-20,8950,8950,8570,8680,74466,M01,M00M01,S07M01,T01
1450,2017-11-21,8770,8770,8590,8620,53729,M01,M00M01,M10M01,U02
1451,2017-11-22,8620,9000,8590,8950,63108,P05,M00P05,M10P05,U04
1452,2017-11-23,9000,9320,9000,9240,45113,P03,P00P03,S02P03,U04
1453,2017-11-24,9280,9370,9000,9300,40334,K01,P00K01,P10K01,U01
1454,2017-11-27,9300,9440,9260,9410,40421,P05,K00P05,P10P05,U04
1455,2017-11-28,9450,9500,9330,9360,31400,M05,P00M05,P10M05,T01
1456,2017-11-29,9360,9440,9250,9420,20529,P05,M00P05,S03P05,U04
1457,2017-11-30,9370,9550,9350,9470,41855,P05,P00P05,S04P05,D04
1458,2017-12-01,9530,9530,9430,9480,14110,M01,P00M01,P10M01,U04
1459,2017-12-04,9540,9550,9300,9440,32563,M05,M00M05,S05M05,D04
1460,2017-12-05,9490,9500,9340,9470,20057,M05,M00M05,M10M05,D04
1461,2017-12-06,9500,9500,9180,9330,22951,M01,M00M01,M10M01,T01
1462,2017-12-07,9350,9350,9110,9160,11181,M01,M00M01,M10M01,U03
1463,2017-12-08,9260,9260,9080,9190,5490,M01,M00M01,M10M01,U04
1464,2017-12-11,9190,9230,9000,9130,21493,M05,M00M05,M10M05,U04
1465,2017-12-12,9200,9200,8960,9100,17274,M01,M00M01,M10M01,U04
1466,2017-12-13,9160,9160,9000,9080,13752,M01,M00M01,M10M01,T01
1467,2017-12-14,9130,9150,9030,9120,12230,M05,M00M05,M10M05,U03
1468,2017-12-15,9150,9150,9020,9020,14031,M00,M00M00,S04M00,D04
1469,2017-12-18,9140,9140,8940,9100,12728,M02,M00M02,M10M02,U04
1470,2017-12-19,9190,9350,9080,9260,20942,P05,M00P05,M10P05,U04
1471,2017-12-20,9260,9340,9170,9240,10086,M05,P00M05,S01M05,D04
1472,2017-12-21,9240,9300,9120,9180,12971,M05,M00M05,S04M05,T01
1473,2017-12-22,9190,9270,9090,9240,13259,P05,M00P05,S04P05,U01
1474,2017-12-26,9190,9460,9160,9380,26787,P05,P00P05,S04P05,T01
1475,2017-12-27,9360,9690,9280,9580,49006,P05,P00P05,P10P05,D04
1476,2017-12-28,9520,9650,9410,9520,17570,K00,P00K00,P10K00,U01
1477,2018-01-02,9520,9660,9400,9500,3574,M05,K00M05,P10M05,D04
1478,2018-01-03,9430,9480,9100,9200,30859,M05,M00M05,S04M05,U04
1479,2018-01-04,9300,9300,9090,9160,7837,M01,M00M01,M10M01,U04
1480,2018-01-05,9230,9230,9020,9130,31668,M01,M00M01,M10M01,U03
1481,2018-01-08,9150,9200,8890,9160,31531,K01,M00K01,M10K01,U04
1482,2018-01-09,9160,9200,8980,9160,19962,K01,K00K01,S01K01,U04
1483,2018-01-10,9210,9210,9050,9160,6284,M02,K00M02,S04M02,U01
1484,2018-01-11,9160,9190,8930,9120,21418,M05,M00M05,S04M05,T01
1485,2018-01-12,9070,9160,9000,9090,6174,K00,M00K00,S04K00,U04
1486,2018-01-15,9020,9080,8900,8920,18778,M05,K00M05,S04M05,U04
1487,2018-01-16,8920,9030,8920,8950,5388,K00,M00K00,S07K00,U04
1488,2018-01-17,8950,9090,8950,9060,21935,P03,K00P03,S00P03,D04
1489,2018-01-18,9100,9100,8990,9040,14288,M01,P00M01,P10M01,U04
1490,2018-01-19,9040,9040,8880,9000,26369,M02,M00M02,S03M02,T01
1491,2018-01-22,8950,9000,8800,8870,27422,M05,M00M05,M10M05,U04
1492,2018-01-23,8870,8950,8860,8910,10176,K00,M00K00,M10K00,U04
1493,2018-01-24,8980,8980,8850,8940,11772,M02,K00M02,S04M02,U04
1494,2018-01-25,8970,9640,8940,9560,131368,P05,M00P05,S05P05,D04
1495,2018-01-26,9640,9640,9400,9550,40627,M01,P00M01,S01M01,T01
1496,2018-01-29,9510,9580,9460,9490,34803,M05,M00M05,S03M05,U04
1497,2018-01-30,9490,9530,9400,9470,17352,M05,M00M05,M10M05,D04
1498,2018-01-31,9380,9470,9300,9380,19457,K00,M00K00,S04K00,D04
1499,2018-02-01,9380,9580,9370,9560,32293,P05,K00P05,M10P05,U02
1500,2018-02-02,9560,9590,9380,9520,9548,M05,P00M05,P10M05,D04
1501,2018-02-05,9400,9400,9200,9270,19042,M01,M00M01,S03M01,D04
1502,2018-02-06,9070,9110,8830,9030,37573,M05,M00M05,M10M05,D04
1503,2018-02-07,9100,9100,8960,9030,10057,M01,M00M01,M10M01,U04
1504,2018-02-08,9060,9060,8920,9040,12816,M02,M00M02,S04M02,D04
1505,2018-02-09,8990,8990,8800,8820,22740,M01,M00M01,S04M01,D04
1506,2018-02-12,8820,8890,8600,8600,32885,M03,M00M03,M10M03,U04
1507,2018-02-13,8690,8690,8520,8520,13321,M00,M00M00,M10M00,U04
1508,2018-02-14,8650,8650,8430,8520,9351,M01,M00M01,M10M01,U04
1509,2018-02-19,8600,8740,8400,8690,12164,P05,M00P05,M10P05,U04
1510,2018-02-20,8710,8740,8600,8660,4190,M05,P00M05,S01M05,T01
1511,2018-02-21,8660,8750,8610,8750,4707,P01,M00P01,S03P01,T01
1512,2018-02-22,8750,8800,8600,8720,5810,M05,P00M05,S02M05,T01
1513,2018-02-23,8760,8810,8600,8740,5976,M05,M00M05,S03M05,T01
1514,2018-02-26,8750,9080,8620,9020,41256,P05,M00P05,S04P05,U04
1515,2018-02-27,9100,9310,8970,9230,57031,P05,P00P05,S01P05,U04
1516,2018-02-28,9230,9440,9200,9260,44033,K00,P00K00,P10K00,D04
1517,2018-03-02,9280,9430,9220,9400,38659,P05,K00P05,P10P05,D04
1518,2018-03-05,9420,9500,9250,9260,22809,M05,P00M05,P10M05,U04
1519,2018-03-06,9280,9550,9210,9520,60012,P05,M00P05,S07P05,U04
1520,2018-03-07,9600,10100,9480,9980,183169,P05,P00P05,S01P05,U04
1521,2018-03-08,10200,10500,10000,10450,250126,P05,P00P05,P10P05,U04
1522,2018-03-09,10400,10900,10400,10900,234131,P00,P00P00,P10P00,U04
1523,2018-03-12,11150,11150,10800,11000,92902,M01,P00M01,P10M01,U04
1524,2018-03-13,10900,10900,10400,10750,111526,M02,M00M02,S05M02,U04
1525,2018-03-14,10700,10850,10600,10700,39392,K00,M00K00,M10K00,D04
1526,2018-03-15,10650,10800,10450,10500,48159,M05,K00M05,M10M05,T01
1527,2018-03-16,10500,10700,10250,10650,39290,P05,M00P05,S07P05,T01
1528,2018-03-19,10650,10650,10150,10250,51119,M01,P00M01,S02M01,T01
1529,2018-03-20,10100,10400,10100,10250,44845,P03,M00P03,S07P03,D04
1530,2018-03-21,10250,10500,10200,10350,25235,P05,P00P05,S08P05,U03
1531,2018-03-22,10300,10600,10200,10400,43712,P05,P00P05,P10P05,T01
1532,2018-03-23,10150,10300,9710,9710,63200,M03,P00M03,P10M03,D04
1533,2018-03-26,9700,9990,9430,9960,38611,P05,M00P05,S07P05,D04
1534,2018-03-27,10100,10150,9920,10100,21103,K01,P00K01,S00K01,U04
1535,2018-03-28,10000,10200,9800,9890,18793,M05,K00M05,P10M05,D04
1536,2018-03-29,9800,10100,9800,10050,14217,P03,M00P03,S07P03,D04
1537,2018-03-30,10150,10200,9920,10000,10382,M05,P00M05,S02M05,D04
1538,2018-04-02,9990,10000,9820,9940,12112,M05,M00M05,S03M05,U04
1539,2018-04-03,9920,9920,9520,9740,27379,M01,M00M01,M10M01,D04
1540,2018-04-04,9680,9800,9590,9650,15589,M05,M00M05,M10M05,U04
1541,2018-04-05,9650,9780,9600,9680,13136,K00,M00K00,M10K00,U04
1542,2018-04-06,9580,9780,9310,9370,50764,M05,K00M05,S04M05,U04
1543,2018-04-09,9360,9460,9110,9220,24113,M05,M00M05,S07M05,D04
1544,2018-04-10,9200,9260,9080,9100,14216,M05,M00M05,M10M05,U04
1545,2018-04-11,9100,9420,9070,9420,16694,P01,M00P01,M10P01,U04
1546,2018-04-12,9440,9440,9290,9440,4731,K01,P00K01,S02K01,D04
1547,2018-04-13,9440,9500,9310,9400,8034,M05,K00M05,P10M05,U04
1548,2018-04-16,9600,9600,9290,9470,7972,M01,M00M01,S04M01,D04
1549,2018-04-17,9360,9500,9210,9390,24551,K00,M00K00,M10K00,U04
1550,2018-04-18,9500,9500,9190,9270,43586,M01,K00M01,S08M01,U04
1551,2018-04-19,9230,9500,9160,9410,54986,P05,M00P05,S07P05,U03
1552,2018-04-20,9440,9480,9260,9430,30369,M05,P00M05,S00M05,D04
1553,2018-04-23,9490,10200,9350,10000,79416,P05,M00P05,S05P05,D04
1554,2018-04-24,10150,10150,9800,9940,35040,M01,P00M01,S01M01,T01
1555,2018-04-25,9910,9930,9600,9730,25093,M05,M00M05,S03M05,D04
1556,2018-04-26,9800,9970,9630,9770,30908,M05,M00M05,M10M05,T01
1557,2018-04-27,9800,9940,9550,9730,15698,M05,M00M05,M10M05,U04
1558,2018-04-30,9740,10300,9690,10100,107112,P05,M00P05,S04P05,T01
1559,2018-05-02,10450,10600,10100,10550,105780,P05,P00P05,S01P05,U04
1560,2018-05-03,10450,10600,10150,10150,75367,M03,P00M03,P10M03,D04
1561,2018-05-04,13150,13150,13150,13150,926076,K00,M00K00,S07K00,T01
1562,2018-05-08,14300,15850,13850,14700,7916205,P05,K00P05,M10P05,U04
1563,2018-05-09,14600,14800,13300,13850,2017368,M05,P00M05,P10M05,T01
1564,2018-05-10,13850,15000,13250,15000,2435455,P01,M00P01,S07P01,U04
1565,2018-05-11,14200,14950,13600,14900,1757139,P05,P00P05,S02P05,U04
1566,2018-05-14,14850,15300,14200,15300,1804843,P01,P00P01,P10P01,T01
1567,2018-05-15,14950,16200,14300,14450,3068504,M05,P00M05,P10M05,U02
1568,2018-05-16,13050,13950,12850,13300,1425736,P05,M00P05,S07P05,D04
1569,2018-05-17,13300,14400,13200,13600,1022636,P05,P00P05,S08P05,U04
1570,2018-05-18,13650,13950,13300,13800,403642,P05,P00P05,P10P05,T01
1571,2018-05-21,13650,14300,13600,13950,393294,P05,P00P05,P10P05,D04
1572,2018-05-23,13650,14300,13300,14050,424118,P05,P00P05,P10P05,T01
1573,2018-05-24,14500,14900,13700,14750,1197316,P05,P00P05,P10P05,U04
1574,2018-05-25,12500,14300,12300,14100,1588750,P15,P00P15,P10P15,T01
1575,2018-05-28,16000,18200,15850,17500,2647930,P05,P10P05,P10P05,T01
1576,2018-05-29,17000,20600,16650,20600,3247706,P11,P00P11,P10P11,U02
1577,2018-05-30,19950,22500,19350,20400,3505163,P05,P10P05,P10P05,D04
1578,2018-05-31,19850,22200,19600,21100,2846112,P05,P00P05,P10P05,U04
1579,2018-06-01,22150,22900,19150,19700,2427365,M15,P00M15,P10M15,T01
1580,2018-06-04,20050,20100,17800,17950,1376566,M15,M10M15,S07M15,U04
1581,2018-06-05,17600,18550,16950,18400,1256511,P05,M10P05,M10P05,U04
1582,2018-06-07,18300,18700,17350,17350,757405,M03,P00M03,S00M03,U04
1583,2018-06-08,17500,17950,16800,17500,739319,K00,M00K00,S07K00,D04
1584,2018-06-11,17250,18200,17000,18000,690191,P05,K00P05,M10P05,U02
1585,2018-06-12,18000,18650,16250,17300,960604,M05,P00M05,P10M05,U03
1586,2018-06-14,16700,16850,15200,15300,777490,M05,M00M05,S03M05,T01
1587,2018-06-15,15100,16600,14800,16500,1443476,P05,M00P05,M10P05,U04
1588,2018-06-18,16300,17900,16050,16900,1362598,P05,P00P05,S00P05,T01
1589,2018-06-19,17250,18050,16800,17700,1006595,P05,P00P05,P10P05,T01
1590,2018-06-20,17400,17850,17000,17800,797657,P05,P00P05,P10P05,D04
1591,2018-06-21,18600,18750,15800,16000,1403124,M15,P00M15,P10M15,U04
1592,2018-06-22,16150,16150,14250,15000,861991,M01,M10M01,S07M01,D04
1593,2018-06-25,14600,15500,14550,14850,760046,P05,M00P05,M10P05,T01
1594,2018-06-26,14450,15250,14300,14400,576821,M05,P00M05,S08M05,D04
1595,2018-06-27,14500,14650,12900,13200,819767,M05,M00M05,S07M05,U04
1596,2018-06-28,13150,13850,13000,13350,566443,P05,M00P05,M10P05,D04
1597,2018-06-29,13750,14950,13350,14950,967844,P01,P00P01,S00P01,U04
1598,2018-07-02,14750,15200,14350,14800,781546,K00,P00K00,P10K00,U01
1599,2018-07-03,15200,15400,13950,15400,1092061,P02,K00P02,P10P02,U04
1600,2018-07-04,15050,15200,13750,14300,1127626,M05,P00M05,P10M05,U04
1601,2018-07-05,13800,13900,11800,11850,1675095,M15,M00M15,S07M15,D04
1602,2018-07-06,12000,12500,11850,12350,777338,P05,M10P05,M10P05,U04
1603,2018-07-09,11800,11800,11100,11300,476236,M01,P00M01,S01M01,U04
1604,2018-07-10,11500,11700,11350,11350,275538,M03,M00M03,S07M03,U04
1605,2018-07-11,11250,11950,11250,11600,302823,P03,M00P03,M10P03,U01
1606,2018-07-12,11600,12150,11550,11700,234513,P05,P00P05,S02P05,D04
1607,2018-07-13,11800,12100,11600,12000,250850,P05,P00P05,P10P05,U04
1608,2018-07-16,12350,12350,11750,11850,173588,M01,P00M01,P10M01,T01
1609,2018-07-17,11800,12000,11500,11650,195758,M05,M00M05,S03M05,T01
1610,2018-07-18,11700,11750,11100,11200,227352,M05,M00M05,M10M05,U04
1611,2018-07-19,11100,11400,10950,11250,169801,P05,M00P05,M10P05,T01
1612,2018-07-20,11250,11450,11100,11250,148702,K00,P00K00,S00K00,D04
1613,2018-07-23,11100,11200,10550,10650,146732,M05,K00M05,P10M05,T01
1614,2018-07-24,10750,11800,10750,11650,500557,P03,M00P03,S07P03,U04
1615,2018-07-25,11700,11750,11200,11450,215496,M05,P00M05,S01M05,T01
1616,2018-07-26,11450,12450,11450,12100,565052,P03,M00P03,S03P03,U04
1617,2018-07-27,12300,12600,11750,12500,470245,P05,P00P05,S02P05,D04
1618,2018-07-30,12350,12900,12200,12400,486204,K00,P00K00,P10K00,D04
1619,2018-07-31,12450,12600,11850,11900,460818,M05,K00M05,P10M05,D04
1620,2018-08-01,12050,12350,11850,12200,236082,P05,M00P05,S07P05,U04
1621,2018-08-02,12200,12650,12100,12200,334150,K02,P00K02,S01K02,U04
1622,2018-08-03,12400,12800,12300,12600,347972,P05,K00P05,P10P05,U04
1623,2018-08-06,12600,12650,12300,12300,221430,M03,P00M03,P10M03,U02
1624,2018-08-07,12300,12550,12250,12400,131216,P05,M00P05,S07P05,U04
1625,2018-08-08,12400,12750,12200,12300,371619,M05,P00M05,S00M05,U04
1626,2018-08-09,12300,12350,12000,12100,186912,M05,M00M05,S04M05,U01
1627,2018-08-10,12450,12550,12150,12450,306995,K00,M00K00,M10K00,U01
1628,2018-08-13,12750,13100,11650,11800,879635,M05,K00M05,M10M05,D04
1629,2018-08-14,11800,12300,11700,12250,194560,P05,M00P05,S07P05,T01
1630,2018-08-16,12450,13550,12050,13350,797925,P05,P00P05,S00P05,D04
1631,2018-08-17,13300,13550,12900,13350,428480,K00,P00K00,P10K00,U04
1632,2018-08-20,13350,13400,12850,12950,234026,M05,K00M05,P10M05,U02
1633,2018-08-21,13050,13100,12800,12950,167606,M05,M00M05,S07M05,U01
1634,2018-08-22,13000,13250,12700,13250,282583,P01,M00P01,M10P01,U04
1635,2018-08-23,13250,13650,13100,13400,362758,P05,P00P05,S01P05,U04
1636,2018-08-24,13500,13550,13050,13200,174787,M05,P00M05,P10M05,T01
1637,2018-08-27,12300,12400,11950,11950,298282,M03,M00M03,S07M03,U04
1638,2018-08-28,11850,12100,11350,11550,221110,M05,M00M05,M10M05,U04
1639,2018-08-29,11300,11700,11150,11500,141757,P05,M00P05,M10P05,U02
1640,2018-08-30,11600,11950,11550,11600,109439,K02,P00K02,S08K02,U04
1641,2018-08-31,11550,11750,11500,11600,90010,K00,K00K00,P10K00,T01
1642,2018-09-03,11850,11900,11500,11650,100404,M05,K00M05,S04M05,T01
1643,2018-09-04,11650,13000,11600,12050,610484,P05,M00P05,S05P05,U03
1644,2018-09-05,12150,12250,11900,12000,122931,M05,P00M05,S02M05,T01
1645,2018-09-06,13000,15600,12100,15600,4052821,P11,M00P11,S03P11,D04
1646,2018-09-07,16800,17000,15200,15650,3969094,M05,P10M05,S01M05,D04
1647,2018-09-10,16050,16850,15750,16600,2614017,P05,M00P05,S05P05,T01
1648,2018-09-11,17300,17850,16250,16900,1535810,M05,P00M05,S01M05,U03
1649,2018-09-12,16800,17000,15850,16900,1041607,P05,M00P05,S05P05,U04
1650,2018-09-13,16350,16500,15750,15900,686376,M05,P00M05,S08M05,T01
1651,2018-09-14,15900,17400,15600,16700,1966937,P05,M00P05,S07P05,U04
1652,2018-09-17,17150,19050,16600,17250,4127971,P05,P00P05,S02P05,T01
1653,2018-09-18,17000,17350,15500,15700,1533319,M05,P00M05,P10M05,D04
1654,2018-09-19,15900,16950,14350,14400,2978411,M05,M00M05,S07M05,U04
1655,2018-09-20,15100,15150,13800,14550,1060463,M05,M00M05,M10M05,T01
1656,2018-09-21,14350,15350,14250,15000,927444,P05,M00P05,M10P05,U04
1657,2018-09-27,15050,15050,14100,14100,488456,M00,P00M00,S00M00,T01
1658,2018-09-28,14100,14150,13300,13700,506008,M05,M00M05,S07M05,U04
1659,2018-10-01,13750,13900,13500,13550,293364,M05,M00M05,M10M05,U01
1660,2018-10-02,13350,14150,13150,13600,590686,P05,M00P05,M10P05,T01
1661,2018-10-04,14100,14250,13650,13850,440012,M05,P00M05,S00M05,U04
1662,2018-10-05,13600,14050,13400,13750,251596,P05,M00P05,S05P05,D04
1663,2018-10-08,13800,14700,13500,13500,500229,M04,P00M04,S08M04,D04
1664,2018-10-10,13000,13000,11450,11550,671046,M11,M00M11,S07M11,T01
1665,2018-10-11,10550,11250,10500,10800,478193,P05,M10P05,M10P05,D04
1666,2018-10-12,10700,11350,10700,11250,328699,P03,P00P03,S08P03,D04
1667,2018-10-15,11200,11650,10950,11200,278438,K00,P00K00,P10K00,U04
1668,2018-10-16,11400,11750,11200,11400,222626,K00,K00K00,P10K00,D04
1669,2018-10-17,11600,12450,11550,11900,555995,P05,K00P05,P10P05,U04
1670,2018-10-18,12000,12450,11800,12050,327116,K00,P00K00,P10K00,T01
1671,2018-10-19,12000,12600,11650,12600,423423,P01,K00P01,P10P01,D04
1672,2018-10-22,12250,12400,11450,11450,560614,M03,P00M03,P10M03,D04
1673,2018-10-23,11650,12800,11150,11150,1199979,M04,M00M04,S07M04,U03
1674,2018-10-24,11250,11350,10150,10250,452537,M05,M00M05,M10M05,D04
1675,2018-10-25,9930,10350,9800,10050,331563,P05,M00P05,M10P05,D04
1676,2018-10-26,10100,10300,9200,9250,396675,M05,P00M05,S08M05,U04
1677,2018-10-29,9170,9540,8530,8550,468623,M05,M00M05,S07M05,D04
1678,2018-10-30,8100,9170,8100,9150,354069,P13,M00P13,M10P13,D04
1679,2018-10-31,9180,9330,8980,9140,177144,M05,P10M05,S00M05,U04
1680,2018-11-01,9250,9770,9240,9690,211714,P05,M00P05,S03P05,U04
1681,2018-11-02,9750,10300,9750,10150,234581,P03,P00P03,S01P03,U04
1682,2018-11-05,9980,10250,9730,9980,178443,K00,P00K00,P10K00,D04
1683,2018-11-06,10100,10250,9960,10050,170661,M05,K00M05,P10M05,D04
1684,2018-11-07,10200,10500,9410,9600,372372,M05,M00M05,S05M05,U04
1685,2018-11-08,9810,10200,9790,10100,150312,P05,M00P05,M10P05,U04
1686,2018-11-09,10150,10150,9620,9810,135866,M01,P00M01,S01M01,D04
1687,2018-11-12,9610,9860,9600,9730,51753,P05,M00P05,S07P05,D04
1688,2018-11-13,9420,9650,9250,9630,79922,P05,P00P05,S08P05,D04
1689,2018-11-14,9800,9850,9500,9530,69891,M05,P00M05,P10M05,T01
1690,2018-11-15,9530,9860,9440,9830,70357,P05,M00P05,S03P05,D04
1691,2018-11-16,9900,10100,9800,10050,106015,P05,P00P05,S02P05,U04
1692,2018-11-19,10150,10400,10000,10300,147924,P05,P00P05,P10P05,T01
1693,2018-11-20,10000,10350,9990,10200,104329,P05,P00P05,P10P05,D04
1694,2018-11-21,10050,10600,10050,10400,193008,P03,P00P03,P10P03,D04
1695,2018-11-22,10600,10600,10100,10200,84798,M01,P00M01,P10M01,D04
1696,2018-11-23,10350,10700,10050,10100,196313,M05,M00M05,S03M05,U04
1697,2018-11-26,10450,10600,10200,10400,201609,M05,M00M05,M10M05,D04
1698,2018-11-27,10450,10750,10400,10450,196518,K02,M00K02,M10K02,U04
1699,2018-11-28,10450,10750,10200,10750,254929,P01,K00P01,S04P01,T01
1700,2018-11-29,10900,10900,10400,10550,226343,M01,P00M01,P10M01,U04
1701,2018-11-30,10450,10550,10200,10450,100378,K00,M00K00,S03K00,T01
1702,2018-12-03,10600,10800,10450,10800,248283,P01,K00P01,M10P01,U04
1703,2018-12-04,10800,11300,10650,11250,362224,P05,P00P05,P10P05,U04
1704,2018-12-05,10900,11350,10850,11250,197469,P05,P00P05,P10P05,U04
1705,2018-12-06,11150,11200,10500,10600,234437,M05,P00M05,P10M05,D04
1706,2018-12-07,10700,11700,10650,11600,488623,P05,M00P05,S07P05,U04
1707,2018-12-10,11200,11700,10900,11050,342309,M05,P00M05,S01M05,D04
1708,2018-12-11,11000,11050,10350,10450,247818,M05,M00M05,S06M05,U04
1709,2018-12-12,10300,10700,10050,10250,259040,M05,M00M05,M10M05,U02
1710,2018-12-13,10300,10650,10300,10550,126653,P03,M00P03,M10P03,U04
1711,2018-12-14,10650,10650,10200,10550,138897,M02,P00M02,S01M02,D04
1712,2018-12-17,10350,10450,9950,10100,150150,M05,M00M05,S03M05,D04
1713,2018-12-18,9950,10250,9930,9980,121461,K02,M00K02,M10K02,D04
1714,2018-12-19,10000,10200,9990,10100,113969,P05,K00P05,S08P05,U04
1715,2018-12-20,10200,10600,10100,10150,192584,M05,P00M05,P10M05,D04
1716,2018-12-21,10250,10450,10150,10400,115622,P05,M00P05,S05P05,D04
1717,2018-12-24,10500,10500,10150,10300,92632,M01,P00M01,S01M01,D04
1718,2018-12-26,10050,10200,9920,10100,130752,K00,M00K00,S03K00,D04
1719,2018-12-27,10150,10300,10050,10100,105886,M05,K00M05,S08M05,U04
1720,2018-12-28,10100,10450,10100,10250,104075,P03,M00P03,S04P03,U04
1721,2019-01-02,10450,10450,9860,9860,118390,M00,P00M00,S02M00,U04
1722,2019-01-03,9840,10350,9630,10050,225657,P05,M00P05,S07P05,U04
1723,2019-01-04,9990,10050,9740,9930,91834,M05,P00M05,S00M05,D04
1724,2019-01-07,10000,10250,9970,10150,91569,P05,M00P05,S06P05,U04
1725,2019-01-08,10250,10800,10200,10550,412502,P05,P00P05,S01P05,U04
1726,2019-01-09,10750,11100,10500,10900,616271,P05,P00P05,P10P05,U04
1727,2019-01-10,11000,11000,10600,10700,147491,M01,P00M01,P10M01,U04
1728,2019-01-11,10700,11300,10600,11250,340336,P05,M00P05,S07P05,U04
1729,2019-01-14,11550,12400,11500,12250,998357,P05,P00P05,S02P05,T01
1730,2019-01-15,12750,13700,12150,12200,2037316,M05,P00M05,P10M05,D04
1731,2019-01-16,12350,12550,12050,12500,463946,P05,M00P05,S03P05,U04
1732,2019-01-17,12600,12650,11800,11900,446017,M05,P00M05,S01M05,U02
1733,2019-01-18,12000,12200,11850,12150,279005,P05,M00P05,S07P05,U04
1734,2019-01-21,12150,12250,11550,11650,295633,M05,P00M05,S01M05,U04
1735,2019-01-22,11600,12050,11600,11600,255021,K02,M00K02,S07K02,U04
1736,2019-01-23,11450,11750,11400,11650,208138,P05,K00P05,M10P05,D04
1737,2019-01-24,11750,12600,11750,12550,910289,P03,P00P03,P10P03,U01
1738,2019-01-25,12650,13200,12300,12950,1109779,P05,P00P05,P10P05,U04
1739,2019-01-28,12800,13250,12600,13150,452002,P05,P00P05,P10P05,U04
1740,2019-01-29,13150,13450,12250,12400,627267,M05,P00M05,P10M05,D04
1741,2019-01-30,12500,13200,12450,12750,570189,P05,M00P05,S07P05,D04
1742,2019-01-31,12800,12950,12300,12550,271473,M05,P00M05,S01M05,U04
1743,2019-02-01,12750,13300,12650,13050,680116,P05,M00P05,S03P05,U04
1744,2019-02-07,13300,13350,12750,12850,367578,M05,P00M05,S01M05,D04
1745,2019-02-08,12700,13150,12650,12950,345665,P05,M00P05,S03P05,D04
1746,2019-02-11,13050,13100,12450,12500,230721,M05,P00M05,S00M05,U02
1747,2019-02-12,12450,13200,12400,13000,496818,P05,M00P05,S07P05,U02
1748,2019-02-13,13200,13350,12800,12900,334383,M05,P00M05,S00M05,U04
1749,2019-02-14,12900,12900,12400,12650,246122,M01,M00M01,S03M01,U01
1750,2019-02-15,12650,12850,12400,12600,144245,M05,M00M05,M10M05,U01
1751,2019-02-18,12850,12900,12500,12650,93977,M05,M00M05,M10M05,U01
1752,2019-02-19,12600,12850,12450,12650,208768,K00,M00K00,M10K00,U04
1753,2019-02-20,12750,12800,12100,12150,279983,M05,K00M05,S08M05,U03
1754,2019-02-21,12200,12250,11600,11800,245661,M05,M00M05,S07M05,T01
1755,2019-02-22,11700,12300,11700,12250,217649,P03,M00P03,M10P03,D04
1756,2019-02-25,12250,12550,12150,12200,177325,M05,P00M05,S02M05,U04
1757,2019-02-26,12200,12550,12200,12300,181353,P04,M00P04,S03P04,U04
1758,2019-02-27,12300,12400,12100,12250,120585,M05,P00M05,S04M05,T01
1759,2019-02-28,12250,12350,10500,10600,409855,M15,M00M15,S04M15,U01
1760,2019-03-04,10300,10750,10100,10500,394191,P05,M10P05,M10P05,U04
1761,2019-03-05,10450,10900,10350,10750,190129,P05,P00P05,S08P05,T01
1762,2019-03-06,10750,10850,10350,10550,169672,M05,P00M05,P10M05,T01
1763,2019-03-07,10400,10600,10050,10150,213087,M05,M00M05,S03M05,D04
1764,2019-03-08,10050,10350,10050,10100,97406,K02,M00K02,M10K02,D04
1765,2019-03-11,10150,10250,9850,10050,128462,M05,K00M05,S08M05,T01
1766,2019-03-12,10150,10500,10100,10400,104433,P05,M00P05,S04P05,U04
1767,2019-03-13,10450,10450,10250,10400,48739,M02,P00M02,S01M02,U04
1768,2019-03-14,10350,10650,10350,10600,55586,P03,M00P03,S03P03,U04
1769,2019-03-15,10550,10800,10000,10200,181470,M05,P00M05,S02M05,T01
1770,2019-03-18,10250,10550,10250,10500,77901,P03,M00P03,S07P03,U04
1771,2019-03-19,10400,11150,10400,10850,304404,P03,P00P03,S01P03,U04
1772,2019-03-20,10850,10850,10550,10650,84053,M01,P00M01,P10M01,U02
1773,2019-03-21,10650,10800,10450,10500,84712,M05,M00M05,S03M05,U01
1774,2019-03-22,10900,11100,10500,10650,226516,M05,M00M05,M10M05,U04
1775,2019-03-25,10400,10700,10300,10550,89941,P05,M00P05,M10P05,D04
1776,2019-03-26,10600,10700,10400,10550,79337,M05,P00M05,S08M05,T01
1777,2019-03-27,10500,10950,10500,10700,111122,P03,M00P03,S03P03,U04
1778,2019-03-28,10850,10950,10550,10550,351432,M03,P00M03,S02M03,D04
1779,2019-03-29,10650,11000,10550,10950,256488,P05,M00P05,S03P05,U04
1780,2019-04-01,10950,11250,10800,10950,172772,K00,P00K00,S01K00,U04
1781,2019-04-02,11000,11100,10750,10800,130308,M05,K00M05,P10M05,U04
1782,2019-04-03,10850,11100,10800,11000,103176,P05,M00P05,S07P05,U03
1783,2019-04-04,10900,11000,10700,10850,99149,M05,P00M05,S01M05,U04
1784,2019-04-05,11200,12200,11150,11200,1191868,K02,M00K02,S07K02,T01
1785,2019-04-08,11150,11250,10900,10950,157551,M05,K00M05,M10M05,U04
1786,2019-04-09,11000,11000,10850,10950,112935,M02,M00M02,S07M02,U03
1787,2019-04-10,10950,11100,10800,11100,124974,P01,M00P01,M10P01,D04
1788,2019-04-11,11100,11300,11000,11100,146006,K00,P00K00,S02K00,U04
1789,2019-04-12,11000,11050,10850,10900,95694,M05,K00M05,P10M05,T01
1790,2019-04-15,11000,11000,10750,10800,136862,M01,M00M01,S07M01,U04
1791,2019-04-16,10750,11000,10600,10850,129758,P05,M00P05,M10P05,T01
1792,2019-04-17,10750,10900,10700,10750,78059,K00,P00K00,S00K00,U04
1793,2019-04-18,10750,10800,10500,10500,85694,M03,K00M03,S04M03,T01
1794,2019-04-19,10650,10750,10500,10550,60767,M05,M00M05,S07M05,T01
1795,2019-04-22,10600,10700,10450,10500,53598,M05,M00M05,M10M05,T01
1796,2019-04-23,10450,10550,10400,10450,50875,K00,M00K00,M10K00,U03
1797,2019-04-24,10500,10550,10350,10350,56956,M03,K00M03,M10M03,U04
1798,2019-04-25,10350,10350,10100,10150,104398,M01,M00M01,S07M01,T01
1799,2019-04-26,10150,10450,10150,10350,75831,P03,M00P03,M10P03,U03
1800,2019-04-29,10350,10550,10200,10450,67606,P05,P00P05,S02P05,U04
1801,2019-04-30,10350,10650,10350,10350,69329,K02,P00K02,P10K02,U03
1802,2019-05-02,10300,10550,10200,10400,55339,P05,K00P05,S04P05,D04
1803,2019-05-03,10400,10450,10300,10400,30305,K00,P00K00,S04K00,T01
1804,2019-05-07,10200,10500,10100,10450,55025,P05,K00P05,S04P05,D04
1805,2019-05-08,10400,10750,10400,10500,107032,P04,P00P04,P10P04,D04
1806,2019-05-09,10450,10600,10150,10150,98269,M03,P00M03,P10M03,T01
1807,2019-05-10,10000,10300,9990,10100,91954,P05,M00P05,S07P05,D04
1808,2019-05-13,10100,10150,9650,9660,132457,M05,P00M05,S08M05,U01
1809,2019-05-14,9480,9820,9460,9670,60817,P05,M00P05,S07P05,D04
1810,2019-05-15,9710,9820,9690,9760,52994,P05,P00P05,S00P05,U04
1811,2019-05-16,9760,10050,9750,9800,113618,K02,P00K02,P10K02,U04
1812,2019-05-17,9820,10100,9820,9930,71011,P03,K00P03,S04P03,U04
1813,2019-05-20,10000,10050,9500,9500,112966,M03,P00M03,P10M03,D04
1814,2019-05-21,9470,9580,9350,9350,79353,M03,M00M03,S07M03,D04
1815,2019-05-22,9290,9450,9290,9320,60309,K02,M00K02,M10K02,U04
1816,2019-05-23,9350,9390,9000,9080,110769,M05,K00M05,S08M05,D04
1817,2019-05-24,8950,9200,8950,9120,56683,P03,M00P03,S07P03,D04
1818,2019-05-27,9150,9250,8990,9030,40009,M05,P00M05,S00M05,D04
1819,2019-05-28,9100,9210,9040,9160,44639,P05,M00P05,S03P05,U02
1820,2019-05-29,9070,9160,8770,8820,113372,M05,P00M05,S01M05,D04
1821,2019-05-30,8770,8900,8740,8750,51399,M05,M00M05,S07M05,D04
1822,2019-05-31,8700,8880,8700,8810,69584,P03,M00P03,M10P03,U03
1823,2019-06-03,9010,9710,8850,8870,219867,M05,P00M05,S02M05,D04
1824,2019-06-04,8980,9080,8880,9060,54626,P05,M00P05,S05P05,D04
1825,2019-06-05,9100,9170,8970,9110,47798,K00,P00K00,S01K00,U04
1826,2019-06-07,9180,9260,9110,9220,46914,K00,K00K00,P10K00,U04
1827,2019-06-10,9330,9480,9270,9450,57485,P05,K00P05,P10P05,U04
1828,2019-06-11,9640,9740,9430,9740,73592,P02,P00P02,P10P02,U04
1829,2019-06-12,9880,9930,9550,9570,108687,M05,P00M05,P10M05,T01
1830,2019-06-13,9570,9690,9500,9630,68383,P05,M00P05,S07P05,D04
1831,2019-06-14,9630,9760,9560,9650,40636,K00,P00K00,S00K00,U04
1832,2019-06-17,9700,9700,9510,9540,36279,M01,K00M01,S04M01,D04
1833,2019-06-18,9550,9630,9370,9390,45358,M05,M00M05,S07M05,U04
1834,2019-06-19,9390,9710,9390,9640,125365,P03,M00P03,M10P03,U04
1835,2019-06-20,9640,9760,9550,9640,40413,K00,P00K00,S02K00,U04
1836,2019-06-21,9610,9680,9570,9580,35016,M05,K00M05,P10M05,U04
1837,2019-06-24,9600,9830,9600,9740,54641,P03,M00P03,S04P03,T01
1838,2019-06-25,9800,9900,9540,9590,82341,M05,P00M05,S01M05,D04
1839,2019-06-26,9540,9730,9420,9490,41447,M05,M00M05,S07M05,D04
1840,2019-06-27,9490,9650,9350,9350,54659,M03,M00M03,M10M03,U04
1841,2019-06-28,9310,9400,9130,9170,50706,M05,M00M05,M10M05,U04
1842,2019-07-01,9580,9600,9370,9520,67711,M05,M00M05,M10M05,U04
1843,2019-07-02,9430,9620,9410,9500,48090,P05,M00P05,M10P05,U04
1844,2019-07-03,9520,9560,9150,9210,78423,M05,P00M05,S08M05,U03
1845,2019-07-04,9200,9270,9110,9210,58464,K00,M00K00,S07K00,U03
1846,2019-07-05,9150,9330,9150,9230,19018,P03,K00P03,S08P03,U04
1847,2019-07-08,9230,9280,8750,8760,97849,M05,P00M05,S04M05,T01
1848,2019-07-09,8630,8880,8340,8380,105961,M05,M00M05,S07M05,D04
1849,2019-07-10,8330,8500,8330,8410,49322,P03,M00P03,M10P03,U04
1850,2019-07-11,8530,8700,8460,8660,39009,P05,P00P05,S00P05,U04
1851,2019-07-12,8620,8860,8620,8770,54979,P03,P00P03,P10P03,T01
1852,2019-07-15,8800,8940,8720,8720,34652,M03,P00M03,P10M03,U04
1853,2019-07-16,8650,8800,8520,8590,42521,M05,M00M05,S03M05,U03
1854,2019-07-17,8540,8660,8340,8420,58395,M05,M00M05,M10M05,D04
1855,2019-07-18,8390,8460,8290,8360,50383,M05,M00M05,M10M05,D04
1856,2019-07-19,8350,8530,8350,8490,41630,P03,M00P03,M10P03,U03
1857,2019-07-22,8490,8490,8350,8430,25496,M01,P00M01,S02M01,D04
1858,2019-07-23,8480,8490,8350,8450,39171,M05,M00M05,S03M05,U04
1859,2019-07-24,8410,8490,8300,8350,50220,M05,M00M05,S04M05,U04
1860,2019-07-25,8240,8350,8060,8080,63257,M05,M00M05,M10M05,U04
1861,2019-07-26,8000,8070,7780,7790,98161,M05,M00M05,M10M05,D04
1862,2019-07-29,7620,7780,7250,7250,96131,M03,M00M03,M10M03,U04
1863,2019-07-30,7100,7500,7100,7380,55805,P03,M00P03,M10P03,D04
1864,2019-07-31,7300,7470,7180,7400,56711,P05,P00P05,S00P05,T01
1865,2019-08-01,7370,7500,7340,7350,47498,M05,P00M05,P10M05,D04
1866,2019-08-02,7230,7550,7170,7350,47863,P05,M00P05,S06P05,D04
1867,2019-08-05,7250,7410,6780,6780,133919,M03,P00M03,S08M03,D04
1868,2019-08-06,6300,6920,6280,6460,167725,P05,M00P05,S07P05,D04
1869,2019-08-07,6330,6720,6330,6570,95101,P03,P00P03,S08P03,U04
1870,2019-08-08,6660,7620,6660,7160,209671,P03,P00P03,P10P03,U04
1871,2019-08-09,7500,7580,7230,7540,153664,P05,P00P05,P10P05,U04
1872,2019-08-12,7480,7950,7480,7890,88283,P03,P00P03,P10P03,D04
1873,2019-08-13,7840,7990,7750,7850,54747,K00,P00K00,P10K00,D04
1874,2019-08-14,7850,8110,7850,8110,44832,P00,K00P00,P10P00,U04
1875,2019-08-16,7920,8060,7860,7910,46137,M05,P00M05,P10M05,T01
1876,2019-08-19,7910,8140,7910,7960,33657,P04,M00P04,S06P04,U04
1877,2019-08-20,7920,8060,7910,8010,19300,P05,P00P05,S04P05,U04
1878,2019-08-21,7900,8050,7870,8000,43567,P05,P00P05,P10P05,D04
1879,2019-08-22,7930,8020,7820,7900,21641,M05,P00M05,P10M05,U04
1880,2019-08-23,7900,7900,7700,7740,36938,M01,M00M01,S07M01,D04
1881,2019-08-26,7460,7680,7420,7460,29796,K02,M00K02,M10K02,D04
1882,2019-08-27,7510,7750,7500,7520,20636,K02,K00K02,M10K02,U04
1883,2019-08-28,7460,7670,7460,7620,13238,P03,K00P03,S04P03,D04
1884,2019-08-29,7620,7700,7540,7660,18857,P05,P00P05,P10P05,U04
1885,2019-08-30,7650,7770,7630,7750,30604,P05,P00P05,P10P05,U04
1886,2019-09-02,7730,7810,7600,7760,21885,K01,P00K01,P10K01,U04
1887,2019-09-03,7770,7870,7730,7820,16604,P05,K00P05,P10P05,T01
1888,2019-09-04,7820,7890,7720,7780,15913,M05,P00M05,P10M05,D04
1889,2019-09-05,7820,7840,7740,7780,29183,M05,M00M05,S04M05,U04
1890,2019-09-06,7840,7850,7660,7750,30636,M05,M00M05,S04M05,U04
1891,2019-09-09,7700,7770,7560,7670,23520,M05,M00M05,M10M05,T01
1892,2019-09-10,7760,7970,7700,7950,62111,P05,M00P05,M10P05,T01
1893,2019-09-11,8050,8090,7860,7970,41472,M05,P00M05,S01M05,T01
1894,2019-09-16,8120,8600,8100,8600,289077,P01,M00P01,S05P01,T01
1895,2019-09-17,8420,8540,8400,8470,78773,P05,P00P05,S01P05,D04
1896,2019-09-18,8440,8630,8240,8490,117193,P05,P00P05,P10P05,U04
1897,2019-09-19,8550,9000,8410,9000,289952,P01,P00P01,S04P01,T01
1898,2019-09-20,9600,9770,8800,8970,949068,M05,P00M05,P10M05,U01
1899,2019-09-23,9150,9350,9030,9220,201830,P05,M00P05,S03P05,D04
1900,2019-09-24,9090,9180,8940,9040,108540,M05,P00M05,S01M05,T01
1901,2019-09-25,8900,8980,8580,8630,144616,M05,M00M05,S07M05,D04
1902,2019-09-26,8760,8820,8490,8640,78047,M05,M00M05,M10M05,U04
1903,2019-09-27,8550,8660,8480,8620,45078,P05,M00P05,M10P05,D04
1904,2019-09-30,8520,8650,8400,8520,47884,K00,P00K00,S08K00,D04
1905,2019-10-01,8410,8670,8410,8500,44265,P03,K00P03,P10P03,U04
1906,2019-10-02,8710,8810,8590,8610,68641,M05,P00M05,P10M05,D04
1907,2019-10-04,8550,8670,8300,8490,30685,M05,M00M05,S05M05,U04
1908,2019-10-07,8150,8190,7800,7910,121532,M05,M00M05,M10M05,U04
1909,2019-10-08,7820,7990,7820,7920,33371,P03,M00P03,M10P03,D04
1910,2019-10-10,7790,7940,7790,7920,19432,P03,P00P03,S00P03,U04
1911,2019-10-11,7890,8000,7810,7810,34240,M03,P00M03,P10M03,U04
1912,2019-10-14,7910,8200,7900,8150,65179,P05,M00P05,S06P05,U04
1913,2019-10-15,8200,8210,8060,8140,17722,M05,P00M05,S01M05,T01
1914,2019-10-16,8060,8250,8060,8140,20946,P03,M00P03,S03P03,U04
1915,2019-10-17,8140,8160,8040,8070,17790,M05,P00M05,S08M05,D04
1916,2019-10-18,8070,8310,8070,8240,44509,P03,M00P03,S04P03,U04
1917,2019-10-21,8210,8310,8130,8250,36955,K00,P00K00,S02K00,D04
1918,2019-10-22,8200,8300,8150,8290,30626,P05,K00P05,P10P05,U04
1919,2019-10-23,8150,8220,7850,7870,77827,M05,P00M05,P10M05,D04
1920,2019-10-24,7820,8150,7820,7920,27694,P04,M00P04,S07P04,U03
1921,2019-10-25,7850,8010,7850,7920,26742,P03,P00P03,S00P03,U04
1922,2019-10-28,8000,8020,7820,7870,33855,M05,P00M05,P10M05,U04
1923,2019-10-29,7930,7940,7810,7820,21208,M05,M00M05,S03M05,U04
1924,2019-10-30,7820,7820,7620,7690,30576,M01,M00M01,M10M01,D04
1925,2019-10-31,7780,7830,7660,7660,31821,M03,M00M03,M10M03,U04
1926,2019-11-01,7690,7690,7640,7690,13402,K01,M00K01,M10K01,T01
1927,2019-11-04,7770,7900,7690,7800,30142,K00,K00K00,M10K00,U04
1928,2019-11-05,7940,7950,7810,7940,17018,K01,K00K01,P10K01,U04
1929,2019-11-06,7960,8070,7840,8050,26221,P05,K00P05,P10P05,T01
1930,2019-11-07,8050,8050,7950,8000,26280,M01,P00M01,P10M01,D04
1931,2019-11-08,8080,8080,7960,8000,13487,M01,M00M01,S03M01,U04
1932,2019-11-11,8070,8070,7920,7980,17615,M01,M00M01,S04M01,U04
1933,2019-11-12,8040,8290,7940,7980,136676,M05,M00M05,M10M05,T01
1934,2019-11-13,8060,8060,7850,7920,35936,M01,M00M01,M10M01,U03
1935,2019-11-14,7870,7980,7780,7780,37378,M03,M00M03,M10M03,T01
1936,2019-11-15,7780,7900,7780,7830,23782,P03,M00P03,M10P03,T01
1937,2019-11-18,7940,8000,7860,7970,40963,K01,P00K01,S00K01,U04
1938,2019-11-19,7970,8020,7770,7900,32677,M05,K00M05,P10M05,U02
1939,2019-11-20,7900,7970,7610,7630,43790,M05,M00M05,S04M05,U03
1940,2019-11-21,7580,7680,7320,7360,49618,M05,M00M05,M10M05,D04
1941,2019-11-22,7350,7520,7230,7360,40167,K00,M00K00,M10K00,T01
1942,2019-11-25,7280,7480,7280,7400,20539,P03,K00P03,S08P03,U02
1943,2019-11-26,7350,7600,7350,7520,36137,P03,P00P03,P10P03,U04
1944,2019-11-27,7650,7650,7450,7510,17394,M01,P00M01,P10M01,U03
1945,2019-11-28,7510,7590,7400,7500,17133,M05,M00M05,S03M05,U03
1946,2019-11-29,7480,7600,7410,7500,31475,K00,M00K00,M10K00,U04
1947,2019-12-02,7500,7560,7340,7340,27369,M03,K00M03,S04M03,D04
1948,2019-12-03,7270,7370,7180,7360,43628,P05,M00P05,S07P05,D04
1949,2019-12-04,7350,7350,7090,7090,72076,M00,P00M00,S00M00,D04
1950,2019-12-05,7180,7180,6900,6900,64126,M00,M00M00,S07M00,U04
1951,2019-12-06,6840,7100,6840,7060,28696,P03,M00P03,M10P03,U01
1952,2019-12-09,7060,7100,6980,7000,25678,M05,P00M05,S00M05,U04
1953,2019-12-10,7000,7100,6860,7000,53907,K00,M00K00,S03K00,D04
1954,2019-12-11,6930,7040,6910,6970,19873,P05,K00P05,S04P05,T01
1955,2019-12-12,6970,7200,6970,7160,47561,P03,P00P03,P10P03,U04
1956,2019-12-13,7110,7350,7090,7300,41323,P05,P00P05,P10P05,U04
1957,2019-12-16,7300,7360,7250,7300,15702,K00,P00K00,P10K00,U03
1958,2019-12-17,7330,7370,7230,7310,17130,M05,K00M05,P10M05,U04
1959,2019-12-18,7280,7330,7210,7300,38815,K00,M00K00,S04K00,U02
1960,2019-12-19,7300,7330,7220,7290,17823,M05,K00M05,S04M05,U01
1961,2019-12-20,7290,7540,7260,7280,51769,M05,M00M05,S04M05,U04
1962,2019-12-23,7240,7350,7130,7140,44146,M05,M00M05,S04M05,U04
1963,2019-12-24,7090,7240,7090,7150,30502,P03,M00P03,M10P03,U03
1964,2019-12-26,7150,7330,7150,7290,29777,P03,P00P03,S00P03,U01
1965,2019-12-27,7050,7450,7000,7350,43999,P05,P00P05,P10P05,U04
1966,2019-12-30,7290,7440,7230,7430,24051,P05,P00P05,P10P05,T01
1967,2020-01-02,7430,7430,7320,7410,16180,M02,P00M02,P10M02,U04
1968,2020-01-03,7420,7420,7260,7380,22949,M02,M00M02,S03M02,U04
1969,2020-01-06,7380,7380,7070,7150,28723,M01,M00M01,S04M01,D04
1970,2020-01-07,7110,7200,7110,7140,13426,K00,M00K00,M10K00,U04
1971,2020-01-08,7080,7120,6700,6860,53946,M05,K00M05,S08M05,T01
1972,2020-01-09,6940,7090,6940,7020,25944,P03,M00P03,S07P03,U04
1973,2020-01-10,7070,7080,6980,7030,16060,M05,P00M05,S01M05,U04
1974,2020-01-13,7010,7240,7010,7230,40810,P03,M00P03,S05P03,T01
1975,2020-01-14,7240,7280,7140,7160,23762,M05,P00M05,S02M05,U04
1976,2020-01-15,7200,7330,7120,7300,43446,P05,M00P05,S03P05,T01
1977,2020-01-16,7330,7340,7220,7300,11477,M05,P00M05,S01M05,U01
1978,2020-01-17,7340,7340,7150,7320,25764,M02,M00M02,S03M02,U04
1979,2020-01-20,7320,7350,7030,7090,49033,M05,M00M05,S04M05,U04
1980,2020-01-21,7140,7140,7010,7030,16048,M01,M00M01,M10M01,U04
1981,2020-01-22,7000,7150,7000,7100,24136,P03,M00P03,M10P03,T01
1982,2020-01-23,7100,7180,6990,7020,33357,M05,P00M05,S00M05,U02
1983,2020-01-28,6850,6900,6600,6720,78977,M05,M00M05,S03M05,D04
1984,2020-01-29,6670,7090,6650,6660,45628,M05,M00M05,M10M05,U04
1985,2020-01-30,6660,6770,6470,6640,49309,M05,M00M05,M10M05,U01
1986,2020-01-31,6530,6670,6470,6500,32532,M05,M00M05,S04M05,U03
1987,2020-02-03,6370,6710,6260,6380,37142,K00,M00K00,M10K00,D04
1988,2020-02-04,6340,6660,6340,6560,22467,P03,K00P03,S08P03,U04
1989,2020-02-05,6690,6690,6530,6590,25508,M01,P00M01,P10M01,U04
1990,2020-02-06,6650,6870,6640,6760,48115,P05,M00P05,S05P05,U04
1991,2020-02-07,6840,6840,6700,6760,11718,M01,P00M01,S01M01,U04
1992,2020-02-10,6760,6880,6620,6840,18698,P05,M00P05,S03P05,D04
1993,2020-02-11,6760,6880,6710,6710,23579,M04,P00M04,S02M04,U04
1994,2020-02-12,6720,6880,6670,6730,16922,K00,M00K00,S07K00,U02
1995,2020-02-13,6730,6840,6650,6650,21762,M03,K00M03,S04M03,U04
1996,2020-02-14,6700,6840,6610,6620,28039,M05,M00M05,S07M05,T01
1997,2020-02-17,6580,6620,6430,6560,37420,M05,M00M05,M10M05,T01
1998,2020-02-18,6470,6660,6340,6400,62270,M05,M00M05,M10M05,U03
1999,2020-02-19,6380,6490,6210,6320,49137,M05,M00M05,M10M05,T01
2000,2020-02-20,6320,6420,6170,6180,26427,M05,M00M05,M10M05,U04
2001,2020-02-21,6100,6280,5950,6010,59745,M05,M00M05,M10M05,D04
2002,2020-02-24,5730,5900,5590,5590,89656,M03,M00M03,M10M03,D04
2003,2020-02-25,5860,5860,5610,5720,51977,M01,M00M01,M10M01,D04
2004,2020-02-26,5620,5840,5620,5800,31007,P03,M00P03,M10P03,D04
2005,2020-02-27,5780,5870,5600,5660,23938,M05,P00M05,S00M05,U03
2006,2020-02-28,5510,5670,5300,5350,123020,M05,M00M05,S06M05,D04
2007,2020-03-02,5310,5440,5160,5310,93325,K00,M00K00,M10K00,T01
2008,2020-03-03,5400,5580,5400,5430,24146,P04,K00P04,M10P04,U04
2009,2020-03-04,5350,5560,5350,5550,25531,P03,P00P03,P10P03,D04
2010,2020-03-05,5530,5870,5530,5690,48866,P03,P00P03,P10P03,U04
2011,2020-03-06,5750,5790,5550,5590,30708,M05,P00M05,P10M05,D04
2012,2020-03-09,5530,5580,5250,5270,44800,M05,M00M05,S03M05,D04
2013,2020-03-10,5130,5210,5010,5190,57843,P05,M00P05,M10P05,D04
2014,2020-03-11,5190,5300,5000,5070,38894,M05,P00M05,S08M05,U04
2015,2020-03-12,4880,5120,4605,4700,104500,M05,M00M05,S07M05,D04
2016,2020-03-13,4150,4380,4080,4320,227399,P05,M00P05,M10P05,D04
2017,2020-03-16,4320,4495,4140,4140,56750,M03,P00M03,S08M03,U04
2018,2020-03-17,3720,4320,3720,4120,88430,P13,M00P13,S07P13,D04
2019,2020-03-18,4120,4275,3900,3900,41771,M03,P10M03,S08M03,U04
2020,2020-03-19,3900,4055,3045,3070,195958,M15,M00M15,S03M15,D04
2021,2020-03-20,3070,3295,3030,3270,239694,P05,M10P05,M10P05,U04
2022,2020-03-23,3030,3175,2950,3130,107345,P05,P00P05,S00P05,D04
2023,2020-03-24,3185,3340,3185,3330,107123,P03,P00P03,P10P03,T01
2024,2020-03-25,3495,3580,3400,3540,113901,P05,P00P05,P10P05,U04
2025,2020-03-26,3560,3860,3450,3770,106153,P05,P00P05,P10P05,D04
2026,2020-03-27,3885,4090,3700,3870,106191,M05,P00M05,P10M05,U04
2027,2020-03-30,3690,3990,3690,3975,134212,P03,M00P03,S05P03,D04
2028,2020-03-31,4040,4765,4000,4495,217054,P15,P00P15,S02P15,U04
2029,2020-04-01,4500,4630,4360,4360,120332,M03,P10M03,P10M03,D04
2030,2020-04-02,4380,4470,4150,4410,68673,P05,M00P05,S03P05,D04
2031,2020-04-03,4430,4530,4395,4480,29686,P05,P00P05,S01P05,U04
2032,2020-04-06,4470,4650,4410,4620,79715,P05,P00P05,P10P05,D04
2033,2020-04-07,4760,4865,4640,4780,83476,K00,P00K00,P10K00,U04
2034,2020-04-08,4770,4960,4700,4935,43891,P05,K00P05,P10P05,D04
2035,2020-04-09,4955,5050,4900,4975,62510,K00,P00K00,P10K00,U04
2036,2020-04-10,4990,5070,4780,5030,81338,P05,K00P05,P10P05,U04
2037,2020-04-13,5020,5020,4845,4850,51833,M01,P00M01,P10M01,U04
2038,2020-04-14,4875,5040,4875,4985,53076,P03,M00P03,S07P03,U04
2039,2020-04-16,5080,5250,4775,5220,79401,P05,P00P05,S01P05,D04
2040,2020-04-17,5260,5900,5260,5650,319028,P03,P00P03,P10P03,U04
2041,2020-04-20,5660,5980,5630,5820,206609,P05,P00P05,P10P05,U04
2042,2020-04-21,5820,5970,5370,5580,183826,M05,P00M05,P10M05,D04
2043,2020-04-22,5500,5670,5350,5670,81377,P01,M00P01,S07P01,D04
2044,2020-04-23,5850,5850,5400,5610,72137,M01,P00M01,S00M01,U04
2045,2020-04-24,5600,5610,5380,5490,54172,M05,M00M05,S03M05,T01
2046,2020-04-27,5540,5980,5520,5760,99837,P05,M00P05,M10P05,U04
2047,2020-04-28,5840,5840,5560,5800,59723,M02,P00M02,S01M02,U04
2048,2020-04-29,5850,5930,5710,5850,43925,K00,M00K00,S05K00,D04
2049,2020-05-04,5820,5960,5730,5840,55067,K00,K00K00,S04K00,D04
2050,2020-05-06,5840,5930,5840,5890,35962,P03,K00P03,S04P03,U04
2051,2020-05-07,5940,6060,5840,5960,58006,K00,P00K00,P10K00,U04
2052,2020-05-08,6000,6100,5980,6070,36718,P05,K00P05,P10P05,U04
2053,2020-05-11,6120,6120,5830,5910,51631,M01,P00M01,P10M01,U04
2054,2020-05-12,5910,5920,5670,5760,45450,M05,M00M05,S07M05,U04
2055,2020-05-13,5700,5820,5670,5800,33597,P05,M00P05,M10P05,D04
2056,2020-05-14,5800,5850,5650,5730,31141,M05,P00M05,S00M05,D04
2057,2020-05-15,5730,5860,5630,5770,38960,P05,M00P05,S03P05,U04
2058,2020-05-18,5800,5890,5720,5840,30575,P05,P00P05,S00P05,U04
2059,2020-05-19,5900,6010,5850,5980,50289,P05,P00P05,P10P05,U04
2060,2020-05-20,5980,6210,5900,6150,66523,P05,P00P05,P10P05,D04
2061,2020-05-21,6440,7230,6330,6420,666354,M05,P00M05,P10M05,U04
2062,2020-05-22,6440,6490,6160,6170,72028,M05,M00M05,S05M05,D04
2063,2020-05-25,6240,6360,6160,6270,35625,K00,M00K00,M10K00,D04
2064,2020-05-26,6390,6900,6340,6500,191071,P05,K00P05,S01P05,U04
2065,2020-05-27,6500,7500,6490,7080,1140697,P05,P00P05,P10P05,U03
2066,2020-05-28,7190,7440,6670,6960,369862,M05,P00M05,P10M05,U04
2067,2020-05-29,7000,8000,6790,7460,1095539,P05,M00P05,S03P05,D04
2068,2020-06-01,8130,8970,8050,8230,3489084,P05,P00P05,S01P05,U04
2069,2020-06-02,8160,8160,7750,7850,471556,M01,P00M01,P10M01,U04
2070,2020-06-03,7850,8300,7830,7870,499288,K02,M00K02,S07K02,U04
2071,2020-06-04,7940,8020,7800,7870,188596,M05,K00M05,S00M05,U04
2072,2020-06-05,7870,7950,7720,7830,137467,M05,M00M05,S03M05,D04
2073,2020-06-08,7850,7940,7730,7910,148645,P05,M00P05,M10P05,U04
2074,2020-06-09,8040,8450,7960,8420,1071222,P05,P00P05,S01P05,U04
2075,2020-06-10,8370,8460,8170,8460,282542,P02,P00P02,P10P02,U04
2076,2020-06-11,8440,8520,8250,8360,240485,M05,P00M05,P10M05,U04
2077,2020-06-12,7890,8140,7770,8010,225685,P05,M00P05,S07P05,D04
2078,2020-06-15,7900,8090,6860,7040,223599,M15,P00M15,S08M15,U04
2079,2020-06-16,7560,7560,7240,7390,116466,M01,M10M01,S07M01,U04
2080,2020-06-17,7160,7600,7160,7420,121926,P03,M00P03,M10P03,U04
2081,2020-06-18,7330,7510,7230,7510,140436,P01,P00P01,S00P01,U02
2082,2020-06-19,7630,8390,7410,8080,381023,P05,P00P05,P10P05,U04
2083,2020-06-22,8090,8160,7880,7900,194617,M05,P00M05,P10M05,T01
2084,2020-06-23,8060,8330,7850,8180,268089,P05,M00P05,S03P05,U04
2085,2020-06-24,8290,8290,7990,8130,120255,M01,P00M01,S01M01,U04
2086,2020-06-25,7950,8050,7780,7980,105125,K00,M00K00,S03K00,D04
2087,2020-06-26,7980,8400,7790,8340,451393,P05,K00P05,S08P05,U04
2088,2020-06-29,8060,8100,7900,7960,226272,M05,P00M05,P10M05,D04
2089,2020-06-30,8050,8080,7660,7780,101850,M05,M00M05,S07M05,U04
2090,2020-07-01,7800,8000,7690,7770,94723,M05,M00M05,M10M05,U04
2091,2020-07-02,7780,7840,7650,7660,49068,M05,M00M05,M10M05,U04
2092,2020-07-03,7730,7760,7580,7750,71495,K01,M00K01,M10K01,U04
2093,2020-07-06,7800,7820,7600,7650,64778,M05,K00M05,S01M05,U04
2094,2020-07-07,7650,7740,7420,7650,132987,K00,M00K00,S07K00,U04
2095,2020-07-08,7650,7990,7600,7970,366721,P05,K00P05,M10P05,D04
2096,2020-07-09,8200,8650,8170,8450,1505381,P05,P00P05,P10P05,U04
2097,2020-07-10,8580,8650,8100,8280,404362,M05,P00M05,P10M05,U04
2098,2020-07-13,8400,8430,8190,8330,278134,M05,M00M05,S03M05,U04
2099,2020-07-14,8330,8410,8040,8040,288484,M03,M00M03,M10M03,D04
2100,2020-07-15,8070,8150,7820,7820,230855,M03,M00M03,M10M03,U04
2101,2020-07-16,7840,7990,7800,7830,92563,M05,M00M05,M10M05,U04
2102,2020-07-17,7830,7880,7730,7740,58947,M05,M00M05,M10M05,D04
2103,2020-07-20,7710,7770,7540,7610,129974,M05,M00M05,M10M05,U04
2104,2020-07-21,7700,7700,7550,7680,95628,M02,M00M02,M10M02,U04
2105,2020-07-22,8000,8200,7780,8200,408960,P01,M00P01,M10P01,D04
2106,2020-07-23,8130,8140,7840,7860,198849,M05,P00M05,S01M05,U03
2107,2020-07-24,7760,7860,7560,7620,137161,M05,M00M05,S07M05,D04
2108,2020-07-27,7670,7740,7560,7650,79577,M05,M00M05,M10M05,D04
2109,2020-07-28,7680,7700,7570,7600,72146,M05,M00M05,M10M05,U04
2110,2020-07-29,7550,7810,7520,7780,117619,P05,M00P05,M10P05,D04
2111,2020-07-30,7780,7850,7570,7670,123163,M05,P00M05,S02M05,U04
2112,2020-07-31,7830,7840,7610,7670,94088,M05,M00M05,S03M05,U04
2113,2020-08-03,7670,7680,7530,7570,65768,M05,M00M05,M10M05,U04
2114,2020-08-04,7570,7720,7550,7670,75161,P05,M00P05,M10P05,U04
2115,2020-08-05,7690,7690,7520,7550,97208,M01,P00M01,S02M01,U04
2116,2020-08-06,7510,7590,7460,7480,98953,M05,M00M05,S07M05,U04
2117,2020-08-07,7480,7530,7400,7430,72250,M05,M00M05,M10M05,U04
2118,2020-08-10,7480,7610,7370,7580,84496,P05,M00P05,M10P05,D04
2119,2020-08-11,7580,7740,7560,7630,132181,P05,P00P05,S01P05,D04
2120,2020-08-12,7640,8080,7450,7910,562591,P05,P00P05,P10P05,D04
2121,2020-08-13,7980,8090,7740,7750,179505,M05,P00M05,P10M05,U04
2122,2020-08-14,7750,8060,7720,7870,194982,P05,M00P05,S03P05,U03
2123,2020-08-18,7770,7800,7170,7230,183430,M05,P00M05,S00M05,U04
2124,2020-08-19,7160,7420,7130,7350,100147,P05,M00P05,S07P05,U04
2125,2020-08-20,7350,7420,6720,6790,136451,M05,P00M05,S00M05,D04
2126,2020-08-21,6830,7390,6590,7220,162635,P05,M00P05,S07P05,U04
2127,2020-08-24,7150,7470,7140,7430,89333,P05,P00P05,S01P05,U04
2128,2020-08-25,7430,7870,7370,7750,143916,P05,P00P05,P10P05,U04
2129,2020-08-26,7730,7830,7540,7700,111120,M05,P00M05,P10M05,U04
2130,2020-08-27,7690,7760,7310,7380,88976,M05,M00M05,S06M05,U04
2131,2020-08-28,7370,7830,7320,7740,127365,P05,M00P05,M10P05,D04
2132,2020-08-31,7740,7940,7720,7800,75683,P05,P00P05,S02P05,U04
2133,2020-09-01,7750,7960,7750,7880,53311,P03,P00P03,P10P03,U04
2134,2020-09-02,7950,8160,7750,7990,183248,P05,P00P05,P10P05,U04
2135,2020-09-03,8080,8080,7930,8030,89267,M02,P00M02,P10M02,U04
2136,2020-09-04,7620,8050,7620,7990,153921,P03,M00P03,S05P03,D04
2137,2020-09-07,8000,9730,8000,9090,3615992,P13,P00P13,S08P13,D04
2138,2020-09-08,9300,9520,8780,8830,960983,M05,P10M05,P10M05,D04
2139,2020-09-09,8680,10200,8500,9720,2942700,P15,M00P15,S03P15,D04
2140,2020-09-10,9930,10300,9420,9470,2099667,M05,P10M05,S02M05,U04
2141,2020-09-11,9480,9850,8950,9030,500366,M05,M00M05,S03M05,D04
2142,2020-09-14,8970,9180,8730,8830,359602,M05,M00M05,M10M05,D04
2143,2020-09-15,8920,9150,8660,8890,317712,M05,M00M05,M10M05,U04
2144,2020-09-16,8890,9150,8600,8790,342127,M05,M00M05,M10M05,U04
2145,2020-09-17,8820,8890,8400,8530,341153,M05,M00M05,M10M05,D04
2146,2020-09-18,8480,8620,8340,8410,146855,M05,M00M05,M10M05,D04
2147,2020-09-21,8420,8440,7880,7990,404918,M05,M00M05,M10M05,D04
2148,2020-09-22,7980,7980,7530,7600,211796,M01,M00M01,M10M01,T01
2149,2020-09-23,7620,7760,7390,7620,143804,K00,M00K00,M10K00,U04
2150,2020-09-24,7450,7580,7200,7250,181896,M05,K00M05,M10M05,D04
2151,2020-09-25,7360,7450,7150,7250,95764,M05,M00M05,S07M05,U04
2152,2020-09-28,7320,7580,7320,7550,68022,P03,M00P03,M10P03,U04
2153,2020-09-29,7540,7920,7540,7920,186954,P00,P00P00,S01P00,U04
2154,2020-10-05,7950,8100,7780,8030,124258,P05,P00P05,P10P05,D04
2155,2020-10-06,8040,8050,7830,7930,92307,M05,P00M05,P10M05,U04
2156,2020-10-07,7930,8380,7760,7980,172288,P05,M00P05,S07P05,D04
2157,2020-10-08,8090,8090,7830,8020,161620,M02,P00M02,S00M02,U04
2158,2020-10-12,8150,8630,8070,8420,513084,P05,M00P05,S05P05,U04
2159,2020-10-13,8420,8510,8290,8500,187082,P05,P00P05,S01P05,U04
2160,2020-10-14,8640,10600,8480,9470,9384527,P05,P00P05,P10P05,T01
2161,2020-10-15,9350,9360,8830,8860,1354918,M05,P00M05,P10M05,D04
2162,2020-10-16,8820,9260,8450,8600,1628345,M05,M00M05,S06M05,D04
2163,2020-10-19,8600,8770,8250,8370,508661,M05,M00M05,M10M05,D04
2164,2020-10-20,8620,8750,8220,8230,685340,M05,M00M05,M10M05,D04
2165,2020-10-21,8300,8570,8260,8540,222910,P05,M00P05,M10P05,U04
2166,2020-10-22,8590,8950,8370,8540,427376,M05,P00M05,S01M05,D04
2167,2020-10-23,8650,8710,8430,8530,194163,M05,M00M05,S03M05,U03
2168,2020-10-26,8530,8580,8100,8110,394108,M05,M00M05,M10M05,U04
2169,2020-10-27,8110,8300,7800,7960,281510,M05,M00M05,M10M05,D04
2170,2020-10-28,7960,8450,7960,8450,225743,P00,M00P00,M10P00,U04
2171,2020-10-29,8230,8420,8130,8310,141819,P05,P00P05,S02P05,D04
2172,2020-10-30,8260,8310,7970,8030,168628,M05,P00M05,P10M05,U04
2173,2020-11-02,8030,8720,8020,8650,399153,P05,M00P05,S07P05,D04
2174,2020-11-03,8690,8800,8450,8700,575859,K00,P00K00,S02K00,U04
2175,2020-11-04,8810,8920,7930,8050,913357,M05,K00M05,P10M05,U04
2176,2020-11-05,8580,8780,8410,8590,561944,K00,M00K00,S07K00,U04
2177,2020-11-06,8810,9290,8630,9290,1856827,P01,K00P01,S01P01,U04
2178,2020-11-09,9660,10150,9500,9990,2423695,P05,P00P05,P10P05,U01
2179,2020-11-10,9810,9920,9400,9560,776637,M05,,,
2180,2020-11-11,9530,9610,9130,9190,568006,M05,,,
2181,2020-11-12,9250,9290,8950,9040,282944,M05,,,
2182,2020-11-13,9010,9020,8760,8920,221615,M05,,,
2183,2020-11-16,8990,9260,8960,9070,325381,P05,,,
2184,2020-11-17,9110,9120,8900,9000,166391,M05
2185,2020-11-18,-1,-1,-1,-1,-1,P10
