날짜,시가,고가,저가,종가,거래량
2012-01-02,5983,5983,5783,5783,18773
2012-01-03,5875,5908,5750,5833,13893
2012-01-04,5758,6008,5716,5933,29954
2012-01-05,5991,5991,5833,5917,18527
2012-01-06,5966,5966,5800,5867,14168
2012-01-09,5866,5908,5733,5733,9629
2012-01-10,5791,5841,5733,5767,13758
2012-01-11,5758,5866,5750,5808,17243
2012-01-12,5808,5824,5708,5742,15795
2012-01-13,5774,5833,5674,5792,7870
2012-01-16,5791,5825,5625,5733,7990
2012-01-17,5666,5775,5666,5708,8046
2012-01-18,5683,5733,5608,5692,13683
2012-01-19,5674,5691,5641,5642,9441
2012-01-20,5666,5675,5616,5633,20217
2012-01-25,5666,5675,5558,5558,62277
2012-01-26,5625,5700,5566,5700,5768
2012-01-27,5708,5783,5583,5650,14793
2012-01-30,5741,5741,5583,5650,11242
2012-01-31,5741,5741,5574,5625,19636
2012-02-01,5725,5725,5575,5583,14775
2012-02-02,5666,5716,5583,5717,20501
2012-02-03,5716,5791,5666,5767,8127
2012-02-06,5808,5816,5658,5750,23506
2012-02-07,5708,5750,5575,5733,20626
2012-02-08,5825,5825,5625,5667,14485
2012-02-09,5775,5775,5591,5700,19702
2012-02-10,5816,5816,5633,5642,12756
2012-02-13,5658,5666,5566,5667,31988
2012-02-14,5666,5691,5583,5592,19079
2012-02-15,5583,5641,5566,5592,31130
2012-02-16,5641,5641,5558,5575,14161
2012-02-17,5566,5666,5541,5550,20997
2012-02-20,5641,5750,5541,5550,14728
2012-02-21,5641,5641,5541,5608,22820
2012-02-22,5583,5625,5558,5608,4780
2012-02-23,5566,5666,5566,5608,9624
2012-02-24,5608,5666,5566,5608,13986
2012-02-27,5608,5675,5583,5617,11611
2012-02-28,5591,5716,5591,5683,22427
2012-02-29,5683,5783,5674,5692,7959
2012-03-02,5758,5758,5666,5708,6206
2012-03-05,5708,5783,5583,5692,10871
2012-03-06,5591,5750,5583,5633,16781
2012-03-07,5591,5633,5566,5575,7171
2012-03-08,5733,5733,5533,5700,43993
2012-03-09,5741,5741,5583,5583,24048
2012-03-12,5708,5708,5591,5617,10898
2012-03-13,5600,5675,5600,5650,9043
2012-03-14,5708,5708,5591,5625,7417
2012-03-15,5691,5691,5525,5567,11065
2012-03-16,5516,5608,5416,5433,28316
2012-03-19,5450,5466,5408,5433,52638
2012-03-20,5433,5525,5333,5433,17754
2012-03-21,5433,5491,5333,5383,7473
2012-03-22,5333,5408,5266,5267,11756
2012-03-23,5266,5358,5058,5200,21958
2012-03-26,5175,5200,5083,5125,15305
2012-03-27,5125,5258,5083,5258,2733
2012-03-28,5341,5341,5083,5125,13550
2012-03-29,5133,5191,5100,5125,13729
2012-03-30,5125,5216,5058,5125,4990
2012-04-02,5133,5241,5100,5117,4086
2012-04-03,5291,5291,5116,5167,7401
2012-04-04,5208,5208,5108,5117,10956
2012-04-05,5241,5241,5050,5125,5685
2012-04-06,5041,5166,5041,5100,5357
2012-04-09,5083,5150,5000,5058,5868
2012-04-10,5058,5108,5025,5067,5643
2012-04-12,5050,5083,4991,5017,6027
2012-04-13,5075,5075,4983,5000,11082
2012-04-16,5016,5066,4958,5000,3011
2012-04-17,5000,5100,4933,4933,17331
2012-04-18,4933,5000,4875,4933,11268
2012-04-19,4941,5025,4841,4900,11823
2012-04-20,4875,4900,4791,4792,6304
2012-04-23,4758,4850,4716,4800,10852
2012-04-24,4800,4825,4583,4708,5870
2012-04-25,4750,5166,4666,5083,17925
2012-04-26,5083,5083,4841,4842,5552
2012-04-27,4841,4900,4750,4875,6512
2012-04-30,5041,5083,4816,4833,3708
2012-05-02,4858,5116,4833,4992,15754
2012-05-03,5000,5083,4916,5050,5851
2012-05-04,5083,5141,4958,5083,8111
2012-05-07,5066,5066,4916,4933,5984
2012-05-08,5008,5066,4933,5042,8512
2012-05-09,5033,5083,4983,5083,2244
2012-05-10,5000,5083,5000,5050,4113
2012-05-11,5075,5216,5025,5083,14546
2012-05-14,5041,5141,5000,5042,4304
2012-05-15,5100,5100,4883,5000,7176
2012-05-16,5000,5000,4900,5000,4163
2012-05-17,5066,5066,4883,5000,2678
2012-05-18,4875,5033,4841,4942,3439
2012-05-21,5000,5000,4791,5000,4722
2012-05-22,5016,5083,4875,5000,2182
2012-05-23,5041,5066,4933,5033,6490
2012-05-24,5033,5041,4966,5042,1204
2012-05-25,5066,5075,4833,5042,2253
2012-05-29,5075,5075,4950,5050,13386
2012-05-30,5066,5075,5000,5042,3631
2012-05-31,5033,5083,5000,5083,8729
2012-06-01,5100,5100,5000,5042,270
2012-06-04,5000,5000,4758,4867,3156
2012-06-05,4866,4933,4866,4917,1313
2012-06-07,4916,5058,4841,5000,1901
2012-06-08,5016,5016,4825,4917,2872
2012-06-11,4991,4991,4875,4908,1992
2012-06-12,4891,4983,4775,4900,5018
2012-06-13,4900,4975,4833,4833,2453
2012-06-14,4833,4975,4833,4967,124
2012-06-15,4983,4983,4875,4950,2762
2012-06-18,4983,5008,4808,5000,7741
2012-06-19,5033,5050,4975,5033,2232
2012-06-20,5000,5058,4958,5058,2947
2012-06-21,4883,5058,4883,5033,1199
2012-06-22,4916,5058,4916,4992,2323
2012-06-25,5041,5041,4833,4983,2191
2012-06-26,5000,5008,4858,5000,6280
2012-06-27,5016,5016,4891,5017,5126
2012-06-28,5016,5041,4941,5025,2103
2012-06-29,5008,5416,4975,5275,18193
2012-07-02,5325,5325,5108,5233,9639
2012-07-03,5116,5250,5116,5225,8544
2012-07-04,5233,5291,5124,5292,4668
2012-07-05,5150,5283,5150,5283,4300
2012-07-06,5208,5283,5208,5258,1226
2012-07-09,5258,5283,5166,5183,2887
2012-07-10,5183,5241,5083,5242,3223
2012-07-11,5241,5241,5116,5217,1326
2012-07-12,5233,5333,5225,5225,1413
2012-07-13,5324,5324,5133,5275,1705
2012-07-16,5324,5324,5166,5292,255
2012-07-17,5291,5291,5183,5283,1009
2012-07-18,5283,5316,5208,5275,1535
2012-07-19,5300,5300,5175,5250,754
2012-07-20,5183,5266,5183,5258,1329
2012-07-23,5291,5291,5100,5242,374
2012-07-24,5166,5191,4908,5192,5598
2012-07-25,5158,5308,4625,4975,10774
2012-07-26,4775,5200,4775,5058,2593
2012-07-27,5083,5083,4958,5033,3672
2012-07-30,5025,5166,5008,5083,3037
2012-07-31,5149,5158,5000,5092,3912
2012-08-01,4958,5108,4925,5100,3355
2012-08-02,5100,5141,5008,5133,3304
2012-08-03,5141,5141,4966,5075,1058
2012-08-06,5133,5141,5000,5108,3618
2012-08-07,5000,5250,4958,5000,7911
2012-08-08,5266,5266,5000,5150,1631
2012-08-09,5225,5225,5008,5083,1295
2012-08-10,5083,5150,4983,4983,2441
2012-08-13,5083,5091,4983,5075,3371
2012-08-14,4991,5083,4983,5083,3150
2012-08-16,5083,5158,5008,5117,1979
2012-08-17,5149,5149,5000,5142,3987
2012-08-20,5016,5133,4966,5042,5921
2012-08-21,4958,5100,4958,5050,3335
2012-08-22,5100,5100,5000,5075,205
2012-08-23,5008,5249,4991,5067,5377
2012-08-24,5116,5116,5016,5092,4494
2012-08-27,5041,5100,4958,5075,4742
2012-08-28,5066,5158,5016,5125,15608
2012-08-29,5200,5200,5066,5133,2370
2012-08-30,5158,5158,4933,5125,18368
2012-08-31,5083,5325,5083,5283,12974
2012-09-03,5325,5375,5191,5267,7104
2012-09-04,5325,5333,5225,5308,3338
2012-09-05,5308,5308,5075,5125,8390
2012-09-06,5091,5158,5091,5158,1506
2012-09-07,5225,5258,5158,5250,5486
2012-09-10,5283,5283,5166,5250,2154
2012-09-11,5191,5233,5116,5117,4472
2012-09-12,5233,5241,5091,5200,2600
2012-09-13,5116,5241,5100,5175,2550
2012-09-14,5274,5274,5100,5167,20639
2012-09-17,5166,5250,5108,5175,8608
2012-09-18,5150,5233,5125,5133,9523
2012-09-19,5133,5166,5108,5158,4966
2012-09-20,5308,5308,5116,5242,12044
2012-09-21,5241,5308,5133,5300,12423
2012-09-24,5300,5400,5250,5375,14683
2012-09-25,5383,5391,5291,5358,2604
2012-09-26,5374,5433,5333,5392,10156
2012-09-27,5316,5416,5250,5250,5237
2012-09-28,5383,5383,5258,5317,3247
2012-10-02,5366,5366,5241,5267,3649
2012-10-04,5316,5316,5208,5217,6409
2012-10-05,5283,5291,5250,5250,10113
2012-10-08,5183,5250,5125,5158,8301
2012-10-09,5200,5333,5158,5325,6064
2012-10-10,5325,5325,5266,5308,1628
2012-10-11,5308,5308,5216,5217,4338
2012-10-12,5100,5374,5100,5292,9229
2012-10-15,5175,5358,5175,5275,9174
2012-10-16,5200,5833,5133,5500,89634
2012-10-17,5858,6116,5400,5500,228260
2012-10-18,5566,5575,5316,5400,48575
2012-10-19,5591,5658,5383,5425,39204
2012-10-22,5491,5500,5324,5375,23890
2012-10-23,5375,5516,5333,5375,24338
2012-10-24,5341,5408,5224,5392,16244
2012-10-25,5391,5474,5291,5292,11705
2012-10-26,5375,5375,5183,5208,9755
2012-10-29,5275,5275,5050,5083,29653
2012-10-30,5025,5166,5025,5050,8385
2012-10-31,5050,5158,5041,5042,15592
2012-11-01,5100,5100,4966,5033,11714
2012-11-02,5133,5133,4916,4933,13090
2012-11-05,4958,5116,4883,5092,10029
2012-11-06,5083,5083,4991,5000,5611
2012-11-07,5108,5216,4991,5083,108170
2012-11-08,5083,5400,5083,5300,188592
2012-11-09,5333,5358,5166,5208,6094
2012-11-12,5200,5283,5091,5208,5085
2012-11-13,5100,5250,5100,5108,5496
2012-11-14,5158,5158,5033,5117,4964
2012-11-15,5116,5149,4966,4967,4639
2012-11-16,4975,5416,4916,5067,10352
2012-11-19,5050,5150,5000,5100,3110
2012-11-20,5141,5141,5000,5083,12745
2012-11-21,5125,5125,4950,4950,9676
2012-11-22,5050,5083,4916,4975,8799
2012-11-23,4975,5000,4833,4992,8385
2012-11-26,5124,5124,4850,5017,9021
2012-11-27,4875,5083,4875,5000,21501
2012-11-28,5041,5375,4975,5208,25306
2012-11-29,5291,5291,5000,5175,5449
2012-11-30,5175,5200,5075,5150,904
2012-12-03,5308,5308,5000,5125,2408
2012-12-04,5225,5225,5008,5025,2895
2012-12-05,5050,5200,5000,5025,9376
2012-12-06,5016,5091,4925,4925,8520
2012-12-07,4933,5083,4925,5042,3699
2012-12-10,5000,5000,4883,4975,11236
2012-12-11,5025,5050,4941,5025,889
2012-12-12,5033,5033,4916,4983,4720
2012-12-13,5083,5083,4900,4992,3435
2012-12-14,4991,5041,4941,4992,735
2012-12-17,4975,5016,4866,4942,4773
2012-12-18,4933,5000,4800,4908,9928
2012-12-20,4991,5000,4866,4958,948
2012-12-21,5000,5000,4791,4883,5941
2012-12-24,4766,4958,4766,4950,7156
2012-12-26,4991,4991,4841,4933,5333
2012-12-27,4983,4983,4825,4942,1518
2012-12-28,4975,4975,4858,4933,1993
2013-01-02,5025,5025,4916,4933,7568
2013-01-03,4908,4975,4841,4867,6447
2013-01-04,4875,4950,4875,4908,2086
2013-01-07,5016,5016,4875,4983,12922
2013-01-08,4916,5116,4916,5050,7712
2013-01-09,5041,5050,4941,5033,3355
2013-01-10,5033,5058,4991,5033,4619
2013-01-11,4958,5066,4941,5025,3097
2013-01-14,5083,5083,4950,4950,14427
2013-01-15,4958,5025,4941,4983,8034
2013-01-16,5091,5091,4916,4983,6868
2013-01-17,4983,5000,4891,4967,1277
2013-01-18,4933,5075,4933,4967,4099
2013-01-21,4966,4991,4916,4958,1733
2013-01-22,5066,5066,4816,4942,3601
2013-01-23,4941,5000,4916,4942,6489
2013-01-24,4958,4966,4891,4950,3249
2013-01-25,5000,5000,4916,4958,1379
2013-01-28,4958,4958,4900,4942,3608
2013-01-29,5033,5033,4933,5000,4976
2013-01-30,5066,5066,4950,5000,2267
2013-01-31,4950,5033,4925,4958,5246
2013-02-01,5000,5000,4925,4958,249
2013-02-04,4933,4983,4875,4933,816
2013-02-05,4891,4975,4833,4850,4500
2013-02-06,4975,4983,4766,4875,5412
2013-02-07,4850,4933,4741,4858,7758
2013-02-08,4816,4900,4816,4858,3447
2013-02-12,5075,5075,4791,4858,4188
2013-02-13,4991,4991,4808,4867,395
2013-02-14,4966,4966,4808,4833,8068
2013-02-15,4916,4916,4833,4833,9360
2013-02-18,4908,4958,4850,4867,3001
2013-02-19,4958,5083,4866,4908,5707
2013-02-20,4875,5183,4875,5075,52810
2013-02-21,5075,5133,5000,5025,16185
2013-02-22,4975,5124,4966,5067,9874
2013-02-25,5066,5100,5041,5042,2819
2013-02-26,5166,5166,5041,5117,11097
2013-02-27,5108,5108,5050,5050,3469
2013-02-28,5116,5116,4983,5017,11543
2013-03-04,5016,5075,4958,4992,8003
2013-03-05,5116,5116,4966,4975,4959
2013-03-06,4991,5025,4958,5025,3550
2013-03-07,5025,5116,5000,5033,16859
2013-03-08,5058,5249,5050,5217,24043
2013-03-11,5191,5241,5083,5242,10175
2013-03-12,5233,5241,5174,5217,5960
2013-03-13,5641,5641,5258,5300,9053
2013-03-14,5341,5350,5275,5308,5725
2013-03-15,5350,5350,5258,5275,9289
2013-03-18,5275,5433,5250,5275,15104
2013-03-19,5275,5350,5250,5283,7001
2013-03-20,5275,5975,5191,5975,122429
2013-03-21,6041,6833,5683,5683,991112
2013-03-22,5608,5733,5283,5367,255432
2013-03-25,5366,5408,5166,5267,73278
2013-03-26,5291,5966,5291,5600,488944
2013-03-27,5666,5666,5400,5542,74551
2013-03-28,5550,5800,5541,5567,88445
2013-03-29,5616,5766,5408,5508,70790
2013-04-01,5691,5691,5416,5492,69666
2013-04-02,5566,5608,5408,5492,39869
2013-04-03,5500,5533,5341,5342,32251
2013-04-04,5341,5458,5199,5342,41389
2013-04-05,5341,5341,5250,5283,37617
2013-04-08,5224,5341,5216,5217,16871
2013-04-09,5391,5433,5183,5233,26650
2013-04-10,5208,5366,5208,5283,19847
2013-04-11,5283,5533,5283,5400,29831
2013-04-12,5500,5500,5333,5358,17625
2013-04-15,5674,5674,5416,5542,29835
2013-04-16,5466,5650,5416,5550,40230
2013-04-17,5574,6016,5541,5742,99771
2013-04-18,5808,6600,5741,6475,540894
2013-04-19,6341,7066,6341,6700,389160
2013-04-22,6750,7083,6508,6958,174615
2013-04-23,7033,7375,6925,7208,200454
2013-04-24,7325,8141,7183,7700,232509
2013-04-25,7816,7849,7475,7592,134480
2013-04-26,7591,7916,7416,7675,81189
2013-04-29,7600,7883,7375,7375,54294
2013-04-30,7425,7791,7175,7600,126178
2013-05-02,7641,7666,7433,7542,57692
2013-05-03,7658,7683,7541,7667,33933
2013-05-06,7700,7708,7500,7508,47647
2013-05-07,7466,7716,7466,7667,46025
2013-05-08,7725,8583,7674,8250,438461
2013-05-09,8316,8500,8083,8083,101790
2013-05-10,8283,8283,7800,7817,104273
2013-05-13,7800,8150,7591,8150,90172
2013-05-14,8008,8150,7175,7833,96447
2013-05-15,7724,8041,7491,7550,81954
2013-05-16,7500,7916,7241,7250,166396
2013-05-20,7250,7308,7016,7050,86499
2013-05-21,7025,7433,7025,7350,136873
2013-05-22,7475,7475,7258,7350,34007
2013-05-23,7391,7541,6925,7167,110546
2013-05-24,7158,7291,7083,7192,19832
2013-05-27,7200,7425,7200,7425,51942
2013-05-28,7400,7458,7300,7433,45420
2013-05-29,7500,7500,7250,7308,38330
2013-05-30,7250,7483,7216,7358,29930
2013-05-31,7358,7433,7000,7242,29517
2013-06-03,7358,7358,6916,6975,29029
2013-06-04,6833,7025,6375,6800,60184
2013-06-05,6666,6675,5933,5933,81411
2013-06-07,5950,6216,5950,6050,63878
2013-06-10,6008,6400,6008,6100,45368
2013-06-11,6108,6216,6108,6192,9474
2013-06-12,6191,6566,6191,6383,18438
2013-06-13,6416,6483,6241,6450,13249
2013-06-14,6450,6491,6250,6275,16082
2013-06-17,6466,6466,6050,6217,16232
2013-06-18,6041,6325,6000,6083,37925
2013-06-19,6091,6275,6058,6108,25964
2013-06-20,6108,6241,5916,6008,32743
2013-06-21,5916,6000,5791,6000,28104
2013-06-24,6041,6133,5916,5983,19240
2013-06-25,5850,6408,5758,5792,93634
2013-06-26,6000,6100,5808,5933,27524
2013-06-27,6083,6366,6016,6292,28495
2013-06-28,6408,6408,6200,6208,6452
2013-07-01,6208,6241,5891,6158,6444
2013-07-02,6075,6275,6000,6158,20326
2013-07-03,6158,6316,6091,6092,9906
2013-07-04,6250,6408,6091,6383,36410
2013-07-05,6666,6908,6416,6517,269870
2013-07-08,6616,6683,6375,6417,51230
2013-07-09,6650,6750,6425,6733,81005
2013-07-10,6700,6875,6516,6517,67981
2013-07-11,6650,6833,6516,6833,62686
2013-07-12,6825,6833,6625,6683,82120
2013-07-15,6708,6833,6574,6792,46914
2013-07-16,6891,6991,6775,6967,63611
2013-07-17,6925,7183,6925,6950,112412
2013-07-18,7074,7074,6716,6742,48221
2013-07-19,6825,6958,6633,6650,58730
2013-07-22,6691,7058,6666,7058,76066
2013-07-23,7091,7091,6925,7058,50332
2013-07-24,7108,7125,6900,6958,38142
2013-07-25,7033,7075,6950,6983,35488
2013-07-26,7000,7000,6783,6825,54857
2013-07-29,6875,6875,6641,6675,51723
2013-07-30,6608,6774,6591,6725,25851
2013-07-31,6758,6825,6625,6825,30584
2013-08-01,6725,6816,6675,6708,19365
2013-08-02,6808,6808,6591,6717,35028
2013-08-05,6758,6758,6500,6550,51166
2013-08-06,6533,6583,6525,6567,17708
2013-08-07,6566,6591,6458,6525,32324
2013-08-08,6516,6608,6458,6492,33310
2013-08-09,6566,6566,6333,6483,38980
2013-08-12,6483,6508,6383,6458,20002
2013-08-13,6483,6708,6358,6625,66377
2013-08-14,6650,6991,6591,6900,98717
2013-08-16,6925,6975,6833,6900,43801
2013-08-19,6875,6933,6750,6908,37429
2013-08-20,6874,6874,6625,6625,38322
2013-08-21,6666,6674,6308,6492,82307
2013-08-22,6458,6466,6250,6333,42443
2013-08-23,6308,6558,6308,6542,25811
2013-08-26,6541,6625,6333,6583,26748
2013-08-27,6583,6583,6250,6392,22791
2013-08-28,6325,6325,6125,6208,44963
2013-08-29,6233,6291,6125,6208,24402
2013-08-30,6233,6233,6075,6150,17794
2013-09-02,6150,6150,6024,6075,36759
2013-09-03,6100,6283,6033,6233,46012
2013-09-04,6241,6491,6100,6492,43307
2013-09-05,6425,6716,6425,6525,50343
2013-09-06,6558,6650,6474,6525,23190
2013-09-09,6350,6566,6350,6458,16876
2013-09-10,6483,6483,6300,6300,33043
2013-09-11,6300,6391,6208,6300,34453
2013-09-12,6250,6383,6250,6308,9705
2013-09-13,6308,6325,6125,6158,82027
2013-09-16,6125,6208,6083,6108,21010
2013-09-17,6125,6174,6074,6125,18269
2013-09-23,6066,6158,6041,6058,23086
2013-09-24,6024,6091,5983,6075,20343
2013-09-25,6075,6150,5966,6017,42517
2013-09-26,5958,6108,5958,6025,14648
2013-09-27,6000,6175,5975,6067,34731
2013-09-30,6083,6100,6008,6100,19937
2013-10-01,6150,6166,6000,6067,25656
2013-10-02,6041,6125,6041,6058,11309
2013-10-04,6050,6100,5975,6075,17984
2013-10-07,6025,6241,6025,6083,11262
2013-10-08,6083,6083,6000,6075,9096
2013-10-10,6075,6100,6016,6017,10471
2013-10-11,6041,6108,6016,6033,8681
2013-10-14,6033,6100,5975,6000,10858
2013-10-15,6075,6183,6033,6183,22462
2013-10-16,6208,6208,6058,6150,7081
2013-10-17,6150,6150,5966,6033,22678
2013-10-18,6033,6050,5975,6017,9122
2013-10-21,6016,6058,5983,6008,13384
2013-10-22,5975,6041,5941,5983,21099
2013-10-23,5983,5983,5666,5667,60547
2013-10-24,5691,5750,5641,5700,28463
2013-10-25,5741,5800,5674,5792,21499
2013-10-28,5675,5858,5675,5750,11770
2013-10-29,5841,5841,5733,5800,7060
2013-10-30,5708,5841,5708,5842,7056
2013-10-31,5866,5875,5758,5858,5087
2013-11-01,5800,5900,5758,5883,11443
2013-11-04,5908,5908,5766,5892,19966
2013-11-05,5950,5950,5775,5808,13519
2013-11-06,5866,5866,5750,5808,10426
2013-11-07,5808,5866,5750,5800,8633
2013-11-08,5666,5775,5666,5775,9353
2013-11-11,5750,5750,5250,5458,46615
2013-11-12,5458,5458,5408,5450,16613
2013-11-13,5450,5450,5341,5442,11818
2013-11-14,5400,5441,5333,5417,12125
2013-11-15,5416,5466,5358,5375,8136
2013-11-18,5266,5358,5250,5308,18778
2013-11-19,5308,5333,5191,5333,5891
2013-11-20,5333,5391,5208,5333,10311
2013-11-21,5333,5333,5166,5250,13149
2013-11-22,5375,5375,5166,5233,5636
2013-11-25,5233,5300,5166,5233,9439
2013-11-26,5216,5366,5166,5333,28539
2013-11-27,5333,5358,5200,5358,4756
2013-11-28,5375,5375,5258,5333,10204
2013-11-29,5333,5333,5266,5283,5761
2013-12-02,5283,5308,5141,5217,13896
2013-12-03,5183,5333,5166,5325,12770
2013-12-04,5324,5324,5191,5292,7654
2013-12-05,5258,5325,5183,5208,2958
2013-12-06,5208,5291,5175,5250,7063
2013-12-09,5250,5366,5250,5358,5062
2013-12-10,5374,5374,5166,5342,5828
2013-12-11,5366,5366,5224,5242,10956
2013-12-12,5241,5250,5141,5175,12105
2013-12-13,5174,5174,4958,5117,8171
2013-12-16,5116,5116,5016,5100,4669
2013-12-17,5066,5066,4858,4892,14837
2013-12-18,4716,4891,4708,4792,23529
2013-12-19,4791,4875,4766,4767,11789
2013-12-20,4766,4958,4741,4958,8765
2013-12-23,5000,5008,4816,4975,4414
2013-12-24,4958,5083,4958,4992,5909
2013-12-26,4958,5083,4800,5025,45098
2013-12-27,5025,5316,4983,5300,11352
2013-12-30,5266,5450,5241,5425,13481
2014-01-02,5291,5416,5200,5275,15419
2014-01-03,5275,5316,5208,5208,13935
2014-01-06,5208,5300,5191,5300,6556
2014-01-07,5300,5300,5233,5283,2538
2014-01-08,5283,5366,5200,5200,16763
2014-01-09,5200,5375,5200,5350,5670
2014-01-10,5366,5441,5308,5433,2712
2014-01-13,5416,5550,5333,5492,5883
2014-01-14,5491,5491,5383,5417,3216
2014-01-15,5658,5658,5383,5417,4096
2014-01-16,5425,5475,5341,5458,7047
2014-01-17,5433,5483,5358,5467,1697
2014-01-20,5625,5700,5483,5550,22294
2014-01-21,5608,5775,5533,5533,29491
2014-01-22,5625,5666,5541,5583,20907
2014-01-23,5566,5583,5491,5550,7316
2014-01-24,5575,5575,5375,5467,9360
2014-01-27,5416,5416,5141,5317,7283
2014-01-28,5250,5375,5150,5375,12724
2014-01-29,5375,5508,5250,5508,39962
2014-02-03,5550,5550,5350,5492,5352
2014-02-04,5483,5483,5333,5333,6558
2014-02-05,5375,5408,5333,5375,4657
2014-02-06,5316,5375,5300,5308,5358
2014-02-07,5350,5366,5250,5308,8590
2014-02-10,5308,5333,5233,5308,8151
2014-02-11,5241,5341,5200,5283,53488
2014-02-12,5283,5291,5149,5292,15318
2014-02-13,5283,5300,5208,5292,10407
2014-02-14,5249,5316,5216,5217,9190
2014-02-17,5216,5366,5208,5367,10708
2014-02-18,5366,5416,5341,5400,2388
2014-02-19,5216,5375,5216,5350,11321
2014-02-20,5383,5441,5333,5408,3830
2014-02-21,5375,5433,5375,5417,2469
2014-02-24,5466,5466,5400,5408,4275
2014-02-25,5216,5466,5216,5467,17953
2014-02-26,5416,5508,5383,5475,15099
2014-02-27,5475,5525,5433,5458,8917
2014-02-28,5458,5508,5416,5475,9274
2014-03-03,5533,5533,5366,5400,5200
2014-03-04,5400,5416,5316,5417,4083
2014-03-05,5333,5508,5333,5450,11561
2014-03-06,5450,5725,5416,5700,27233
2014-03-07,5733,5783,5666,5700,24447
2014-03-10,5700,5725,5583,5708,10273
2014-03-11,5650,5850,5650,5833,25515
2014-03-12,5808,5866,5741,5817,5671
2014-03-13,5708,5958,5708,5883,70267
2014-03-14,5833,6150,5791,6075,76525
2014-03-17,6125,6333,5883,6158,91672
2014-03-18,6250,6275,6016,6167,48617
2014-03-19,6175,6250,6083,6167,23059
2014-03-20,6166,6233,6141,6208,20392
2014-03-21,6258,6350,6208,6325,39632
2014-03-24,6408,6725,6366,6458,141676
2014-03-25,6500,6591,6408,6475,37439
2014-03-26,6466,6566,6341,6342,25315
2014-03-27,6341,6583,6291,6350,61146
2014-03-28,6625,6625,6358,6600,65934
2014-03-31,6780,6870,6640,6660,58877
2014-04-01,6700,7380,6700,7160,86868
2014-04-02,7160,7340,7010,7010,32274
2014-04-03,6950,7070,6910,7050,23246
2014-04-04,7060,7130,6850,7120,28448
2014-04-07,7200,7300,7090,7110,34434
2014-04-08,7170,7170,6900,6930,44157
2014-04-09,6930,7090,6860,7020,50504
2014-04-10,7100,7130,6940,7040,35686
2014-04-11,7040,7130,6900,7090,24702
2014-04-14,7050,7250,7000,7030,20416
2014-04-15,7100,7100,6980,7060,45612
2014-04-16,7060,7190,7050,7130,59809
2014-04-17,7220,7220,7130,7200,36166
2014-04-18,7190,7250,7120,7240,26878
2014-04-21,7240,7290,7150,7190,24361
2014-04-22,7110,7150,7060,7140,28996
2014-04-23,7220,7570,7140,7260,105686
2014-04-24,7060,7170,6830,6950,80997
2014-04-25,6900,6900,6440,6520,128544
2014-04-28,6380,6580,6370,6520,31276
2014-04-29,6510,6570,6410,6490,21826
2014-04-30,6490,6550,6370,6430,29238
2014-05-02,6380,6660,6380,6560,35615
2014-05-07,6750,6750,6450,6540,14417
2014-05-08,6490,6630,6230,6630,39151
2014-05-09,6580,6580,6170,6480,59741
2014-05-12,6470,6580,6290,6540,39692
2014-05-13,6590,6590,6390,6430,27910
2014-05-14,6520,6550,6450,6540,49650
2014-05-15,6530,7170,6520,6820,245483
2014-05-16,6900,6900,6700,6740,52399
2014-05-19,6630,6830,6560,6620,66683
2014-05-20,6630,6640,6330,6430,36151
2014-05-21,6430,6550,6380,6410,17413
2014-05-22,6410,6560,6390,6410,23082
2014-05-23,6420,6750,6420,6710,55691
2014-05-26,6680,6730,6580,6730,33184
2014-05-27,6770,6950,6620,6800,56410
2014-05-28,6920,6940,6810,6890,40626
2014-05-29,6850,6900,6700,6890,14493
2014-05-30,6840,6890,6780,6850,7947
2014-06-02,6840,6880,6700,6750,11475
2014-06-03,6750,6750,6570,6570,19588
2014-06-05,6610,6860,6550,6640,13933
2014-06-09,6670,6760,6540,6640,14065
2014-06-10,6730,6730,6630,6630,8188
2014-06-11,6630,6650,6500,6520,24150
2014-06-12,6520,6620,6410,6570,39552
2014-06-13,6630,6840,6630,6830,88672
2014-06-16,6900,7060,6870,7000,102301
2014-06-17,7000,7070,6970,6990,28065
2014-06-18,7000,7050,6950,6990,29265
2014-06-19,7030,7100,6870,6930,51550
2014-06-20,6930,7110,6930,6950,88457
2014-06-23,6950,7020,6900,6970,44432
2014-06-24,7000,7030,6910,6950,41579
2014-06-25,6910,7000,6800,6890,48192
2014-06-26,7000,7150,6890,6900,130820
2014-06-27,6950,6970,6790,6900,24033
2014-06-30,6860,6980,6800,6970,22792
2014-07-01,6940,7210,6940,7170,81598
2014-07-02,7170,7240,7100,7180,59549
2014-07-03,7170,7470,7130,7350,87048
2014-07-04,7400,7470,7360,7400,37429
2014-07-07,7380,7470,7310,7380,32164
2014-07-08,7450,7500,7330,7500,61649
2014-07-09,7500,7750,7500,7740,149933
2014-07-10,7590,7660,7100,7190,776459
2014-07-11,7090,7280,6860,7090,181451
2014-07-14,7090,7300,7020,7190,68928
2014-07-15,7190,7300,7090,7160,29972
2014-07-16,7150,7150,6750,6920,145082
2014-07-17,6920,7050,6710,6930,85045
2014-07-18,6930,7100,6850,7050,40289
2014-07-21,7010,7010,6680,6790,85723
2014-07-22,6790,6790,6580,6620,47816
2014-07-23,6620,6750,6600,6700,57691
2014-07-24,6700,6730,6560,6590,64060
2014-07-25,6600,6710,6550,6550,38231
2014-07-28,6550,6580,6220,6430,152362
2014-07-29,6500,6530,6300,6420,52207
2014-07-30,6420,6420,6290,6420,24556
2014-07-31,6350,6420,6250,6380,32431
2014-08-01,6380,6470,6350,6430,22534
2014-08-04,6480,6480,6350,6440,12562
2014-08-05,6440,6440,6340,6360,12858
2014-08-06,6360,6390,6200,6200,36696
2014-08-07,6200,6390,6200,6290,11912
2014-08-08,6290,6360,6130,6250,33425
2014-08-11,6250,6320,6180,6240,8771
2014-08-12,6210,6290,6030,6030,36652
2014-08-13,6040,6100,5900,6040,63125
2014-08-14,6010,6420,6000,6370,67677
2014-08-18,6100,6390,6000,6370,66631
2014-08-19,6370,6420,6180,6230,23203
2014-08-20,6190,6260,6060,6060,30572
2014-08-21,6060,6060,5820,5900,96932
2014-08-22,5890,5950,5790,5800,42682
2014-08-25,5800,5800,5400,5470,106380
2014-08-26,5510,5520,5360,5420,82294
2014-08-27,5490,5820,5420,5690,64280
2014-08-28,5740,5790,5630,5660,28887
2014-08-29,5560,5670,5520,5650,50143
2014-09-01,5650,5650,5430,5500,29639
2014-09-02,5500,5540,5310,5420,55824
2014-09-03,5370,5410,5160,5300,70228
2014-09-04,5300,5360,5250,5350,26154
2014-09-05,5350,5460,5300,5410,21300
2014-09-11,5410,5590,5400,5570,28532
2014-09-12,5370,5570,5370,5550,8517
2014-09-15,5500,5650,5430,5630,23666
2014-09-16,5600,5850,5600,5850,43138
2014-09-17,5820,5890,5720,5890,21002
2014-09-18,5950,5950,5740,5800,16548
2014-09-19,5890,6000,5750,5770,41838
2014-09-22,5830,5930,5650,5930,28409
2014-09-23,5860,5950,5810,5880,18439
2014-09-24,5820,5930,5740,5890,15416
2014-09-25,5860,5900,5750,5750,18812
2014-09-26,5690,5780,5640,5700,19685
2014-09-29,5700,5750,5500,5500,13063
2014-09-30,5500,5670,5470,5470,8245
2014-10-01,5470,5680,5410,5410,16336
2014-10-02,5410,5520,5410,5500,9618
2014-10-06,5500,5740,5500,5520,8964
2014-10-07,5520,5600,5490,5600,10509
2014-10-08,5650,5700,5540,5650,7650
2014-10-10,5700,5700,5450,5450,18715
2014-10-13,5520,5540,5260,5300,15763
2014-10-14,5290,5470,5200,5290,7655
2014-10-15,5210,5400,5210,5330,8393
2014-10-16,5280,5280,5170,5260,22949
2014-10-17,5200,5250,5150,5160,19113
2014-10-20,5160,5270,5140,5200,12212
2014-10-21,5200,5200,4995,5000,31496
2014-10-22,5000,5050,4910,4925,31519
2014-10-23,4925,4995,4915,4930,20036
2014-10-24,4930,4985,4870,4900,25753
2014-10-27,4865,4950,4820,4880,25688
2014-10-28,4880,4940,4795,4800,26107
2014-10-29,4800,5140,4800,5020,17437
2014-10-30,4975,5030,4900,4945,10224
2014-10-31,4945,4965,4885,4940,8235
2014-11-03,4940,4980,4825,4945,21516
2014-11-04,4945,4970,4805,4935,12448
2014-11-05,4825,4930,4770,4850,19043
2014-11-06,4810,4875,4635,4670,25163
2014-11-07,4600,4850,4600,4845,11458
2014-11-10,4825,4835,4650,4830,7650
2014-11-11,4865,4865,4715,4720,7032
2014-11-12,4720,4770,4690,4710,13204
2014-11-13,4660,4730,4660,4710,10533
2014-11-14,4710,4710,4505,4580,16663
2014-11-17,4580,4790,4535,4750,9335
2014-11-18,4760,4880,4660,4750,8830
2014-11-19,4700,4785,4665,4675,41155
2014-11-20,4675,4720,4600,4625,22518
2014-11-21,4590,4645,4415,4475,52172
2014-11-24,4475,4550,4430,4550,17427
2014-11-25,4515,4590,4450,4590,10508
2014-11-26,4525,4890,4525,4775,30581
2014-11-27,4740,4830,4705,4750,10673
2014-11-28,4785,5070,4665,5050,55756
2014-12-01,5050,5070,4900,4985,14619
2014-12-02,4985,5050,4830,4985,14483
2014-12-03,5020,5020,4890,4890,11766
2014-12-04,4890,4985,4860,4860,10803
2014-12-05,4810,4900,4620,4900,22032
2014-12-08,4900,4900,4720,4845,7410
2014-12-09,4800,4900,4655,4745,11810
2014-12-10,4745,4770,4570,4625,21456
2014-12-11,4625,4625,4445,4500,17540
2014-12-12,4500,4545,4445,4495,5592
2014-12-15,4495,4500,4350,4485,5392
2014-12-16,4485,4485,4360,4400,20990
2014-12-17,4400,4480,4375,4425,7586
2014-12-18,4425,4580,4395,4450,14458
2014-12-19,4450,4495,4405,4480,7363
2014-12-22,4485,4675,4480,4600,13370
2014-12-23,4640,4700,4430,4515,25077
2014-12-24,4520,4520,4375,4440,25703
2014-12-26,4445,4495,4310,4375,52261
2014-12-29,4400,4400,4195,4245,75081
2014-12-30,4245,4245,4055,4145,48798
2015-01-02,4145,4170,4105,4155,15401
2015-01-05,4155,4215,4060,4200,19552
2015-01-06,4125,4300,4125,4260,35012
2015-01-07,4350,4350,4180,4295,16126
2015-01-08,4295,4695,4295,4455,108030
2015-01-09,4465,4660,4465,4615,63877
2015-01-12,4615,4615,4490,4570,34188
2015-01-13,4490,4535,4360,4360,35503
2015-01-14,4425,4550,4355,4535,31635
2015-01-15,4540,4855,4540,4835,107729
2015-01-16,4850,5230,4770,4955,184597
2015-01-19,4925,5060,4890,4995,36303
2015-01-20,4820,5060,4820,4990,17634
2015-01-21,5050,5050,4800,4890,31910
2015-01-22,4890,4890,4650,4740,19885
2015-01-23,4800,4800,4565,4760,20302
2015-01-26,4980,4980,4600,4665,35172
2015-01-27,4695,4785,4595,4750,36811
2015-01-28,4750,4780,4600,4720,33832
2015-01-29,4820,4820,4655,4740,32520
2015-01-30,4740,4800,4610,4720,29243
2015-02-02,4720,4720,4455,4500,57800
2015-02-03,4500,4560,4350,4395,40038
2015-02-04,4325,4545,4325,4430,30820
2015-02-05,4450,4540,4380,4540,20233
2015-02-06,4555,4630,4390,4540,31702
2015-02-09,4465,4510,4390,4440,34737
2015-02-10,4520,4520,4300,4315,22284
2015-02-11,4400,4400,4300,4400,33524
2015-02-12,4375,4400,4255,4320,29084
2015-02-13,4335,4335,4195,4240,20772
2015-02-16,4250,4300,4225,4250,36325
2015-02-17,4240,4370,4100,4255,27044
2015-02-23,4255,4405,4245,4300,14247
2015-02-24,4290,4460,4290,4460,29430
2015-02-25,4420,4500,4410,4485,19614
2015-02-26,4520,4530,4450,4530,21303
2015-02-27,4460,4580,4460,4580,27609
2015-03-02,4620,4620,4465,4570,20246
2015-03-03,4570,4620,4515,4515,13364
2015-03-04,4515,4550,4490,4525,17677
2015-03-05,4600,4620,4485,4550,10063
2015-03-06,4525,4820,4525,4770,47040
2015-03-09,4760,4935,4710,4795,73889
2015-03-10,4900,4925,4755,4840,34193
2015-03-11,4860,4860,4600,4780,30342
2015-03-12,4800,5200,4655,5170,109435
2015-03-13,5170,5240,5030,5180,65185
2015-03-16,5200,5450,5200,5220,83090
2015-03-17,5210,5340,5060,5090,31214
2015-03-18,5090,5150,4960,5090,29948
2015-03-19,5150,5150,4990,5080,11427
2015-03-20,5220,5220,5020,5080,14477
2015-03-23,5130,5130,4950,4950,20972
2015-03-24,4985,4985,4900,4955,4694
2015-03-25,5080,5080,4895,4895,17554
2015-03-26,4905,4905,4765,4800,13935
2015-03-27,4925,4930,4780,4810,11159
2015-03-30,4830,4900,4795,4860,24757
2015-03-31,4900,5250,4830,5230,58668
2015-04-01,5220,5220,5050,5140,25799
2015-04-02,5140,5280,5030,5210,36011
2015-04-03,5240,5240,5110,5120,10382
2015-04-06,5060,5140,4940,4975,17345
2015-04-07,5050,5050,4905,4920,15563
2015-04-08,4925,4985,4810,4865,18106
2015-04-09,4890,4950,4820,4940,15423
2015-04-10,4990,5010,4915,5010,15006
2015-04-13,5060,5060,4890,4945,15321
2015-04-14,4970,4970,4820,4830,14798
2015-04-15,4830,4905,4830,4905,8232
2015-04-16,4925,4930,4865,4925,7256
2015-04-17,4900,4955,4860,4920,14153
2015-04-20,4830,4915,4800,4875,17462
2015-04-21,4875,4875,4805,4815,34130
2015-04-22,4850,4910,4740,4740,26052
2015-04-23,4910,4910,4725,4730,7174
2015-04-24,4730,4755,4665,4740,10737
2015-04-27,4880,4880,4700,4805,15533
2015-04-28,4890,4890,4780,4780,3200
2015-04-29,4725,4820,4710,4790,8355
2015-04-30,4680,4775,4680,4755,2424
2015-05-04,4850,4850,4710,4720,4986
2015-05-06,4720,4720,4450,4470,44022
2015-05-07,4485,4520,4400,4480,19781
2015-05-08,4520,4600,4520,4575,8059
2015-05-11,4645,4840,4450,4695,24865
2015-05-12,4695,4755,4535,4705,15056
2015-05-13,4750,4945,4695,4900,40024
2015-05-14,4900,4960,4870,4940,32350
2015-05-15,4975,4990,4900,4935,27054
2015-05-18,4995,4995,4815,4865,1990
2015-05-19,4950,5030,4900,4945,36143
2015-05-20,4990,5000,4925,4955,9324
2015-05-21,4965,5000,4870,4945,24495
2015-05-22,4990,5150,4865,5150,73594
2015-05-26,5150,5300,4995,5140,551564
2015-05-27,5200,5210,4850,4990,30498
2015-05-28,4960,5030,4900,4925,24679
2015-05-29,4930,5140,4900,5130,10925
2015-06-01,5130,5200,4990,5130,40273
2015-06-02,5130,5150,5000,5010,9267
2015-06-03,5130,5130,4905,5020,6803
2015-06-04,5030,5060,4830,4980,9556
2015-06-05,4980,5080,4950,4995,30621
2015-06-08,4990,5230,4990,5150,55859
2015-06-09,5150,5210,5050,5140,20521
2015-06-10,5150,5180,5060,5090,8561
2015-06-11,5030,5150,5000,5090,10318
2015-06-12,5090,5170,4900,4900,17903
2015-06-15,5050,5050,4750,5030,32526
2015-06-16,5030,5060,4815,5000,14781
2015-06-17,5050,5050,4885,4950,6395
2015-06-18,4950,4960,4840,4870,16799
2015-06-19,4770,4955,4630,4700,16235
2015-06-22,4700,4900,4600,4860,26387
2015-06-23,5100,5150,4820,4850,17667
2015-06-24,4890,4910,4795,4795,31621
2015-06-25,4820,4980,4815,4900,24420
2015-06-26,4900,4995,4845,4945,29418
2015-06-29,4930,5250,4860,5040,91731
2015-06-30,5000,5200,4975,5180,38592
2015-07-01,5230,5540,5190,5190,72201
2015-07-02,5190,5400,5180,5390,60136
2015-07-03,5450,5610,5310,5400,115802
2015-07-06,5100,5500,5100,5380,69834
2015-07-07,5440,5470,5150,5170,46690
2015-07-08,5170,5430,5160,5320,52958
2015-07-09,5350,5530,5200,5530,46370
2015-07-10,5550,5730,5470,5550,41188
2015-07-13,5550,5780,5400,5530,57726
2015-07-14,5480,5580,5380,5480,57389
2015-07-15,5550,5550,5260,5420,26943
2015-07-16,5420,5480,5270,5480,14627
2015-07-17,5480,5540,5310,5480,22599
2015-07-20,5480,5530,5380,5400,11011
2015-07-21,5420,5440,5040,5130,30514
2015-07-22,5120,5300,5110,5230,24689
2015-07-23,5330,5330,5100,5200,16139
2015-07-24,5210,5210,5010,5100,31124
2015-07-27,5110,5280,5040,5100,27472
2015-07-28,5030,5100,4905,5020,19233
2015-07-29,5020,5110,4970,5020,5831
2015-07-30,5020,5090,4780,4790,17861
2015-07-31,4800,4900,4645,4750,16462
2015-08-03,4750,4950,4565,4950,20303
2015-08-04,4950,5000,4800,5000,12057
2015-08-05,5030,5030,4935,4995,3062
2015-08-06,4975,5040,4845,4935,31631
2015-08-07,4745,4935,4735,4800,22685
2015-08-10,4795,4810,4670,4685,11000
2015-08-11,4685,4765,4560,4600,12110
2015-08-12,4600,4600,4295,4350,48075
2015-08-13,4360,4510,4330,4400,20983
2015-08-17,4400,4545,4355,4355,22249
2015-08-18,4360,4490,4275,4290,8548
2015-08-19,4300,4315,3900,4045,40026
2015-08-20,3990,4080,3990,4010,10422
2015-08-21,3600,3960,3500,3595,75155
2015-08-24,3525,3720,3525,3710,28137
2015-08-25,3640,3740,3640,3715,32948
2015-08-26,3720,3835,3700,3835,11821
2015-08-27,3845,3890,3650,3850,30349
2015-08-28,3790,3875,3720,3875,34987
2015-08-31,3920,3960,3875,3960,19404
2015-09-01,3985,4395,3920,4010,123015
2015-09-02,4005,4020,3850,3990,31253
2015-09-03,4020,4150,3970,3980,12549
2015-09-04,4025,4025,3800,3920,26913
2015-09-07,3920,4170,3750,3970,17239
2015-09-08,4065,4065,3795,3795,14806
2015-09-09,3810,3885,3790,3865,13695
2015-09-10,3865,3990,3825,3935,8639
2015-09-11,3940,4000,3835,3865,9827
2015-09-14,3870,3920,3820,3870,6970
2015-09-15,3875,3875,3790,3860,2628
2015-09-16,3870,3940,3860,3870,19239
2015-09-17,3890,3975,3875,3970,13715
2015-09-18,4055,4055,3915,4000,17514
2015-09-21,4000,4330,3955,4250,71405
2015-09-22,4280,4280,4050,4230,39972
2015-09-23,4250,4680,4200,4205,144392
2015-09-24,4225,4305,4050,4055,35884
2015-09-25,4080,4200,3955,4000,26366
2015-09-30,4010,4070,3925,3985,29880
2015-10-01,4080,4080,3925,3960,17443
2015-10-02,4000,4050,3950,4020,11125
2015-10-05,4025,4080,3990,4020,10655
2015-10-06,4030,4270,4000,4100,15053
2015-10-07,4100,4175,4050,4175,23074
2015-10-08,4270,4270,4130,4150,13856
2015-10-12,4165,4200,4105,4180,13737
2015-10-13,4270,4300,4180,4260,9505
2015-10-14,4300,4300,4165,4260,3194
2015-10-15,4300,4300,4160,4260,3323
2015-10-16,4260,4280,4170,4280,7639
2015-10-19,4290,4290,4225,4265,7831
2015-10-20,4270,4305,4150,4230,11525
2015-10-21,4230,4240,4180,4240,4980
2015-10-22,4240,4335,4170,4230,4815
2015-10-23,4300,4300,4160,4245,10625
2015-10-26,4250,4265,4195,4240,9535
2015-10-27,4240,4290,4120,4150,30008
2015-10-28,4170,4170,4025,4155,3306
2015-10-29,4155,4235,4050,4145,11318
2015-10-30,4230,4230,4010,4010,13134
2015-11-02,4030,4150,4020,4090,3394
2015-11-03,4100,4145,3980,4030,8846
2015-11-04,4040,4105,3965,4045,14564
2015-11-05,4050,4050,3960,4035,17863
2015-11-06,4035,4035,3875,3915,26205
2015-11-09,3930,4030,3825,3920,12934
2015-11-10,3930,3980,3850,3880,3570
2015-11-11,3895,3900,3745,3850,22802
2015-11-12,3760,3955,3755,3875,6323
2015-11-13,3880,3950,3845,3850,7864
2015-11-16,3845,3930,3845,3855,21998
2015-11-17,3845,3895,3775,3880,10539
2015-11-18,3880,3910,3815,3905,6087
2015-11-19,3905,3905,3825,3850,4898
2015-11-20,3925,4035,3770,3850,12914
2015-11-23,3870,4035,3850,3880,22377
2015-11-24,3900,3900,3845,3900,6839
2015-11-25,4035,4035,3850,3930,6377
2015-11-26,3950,3950,3820,3885,13924
2015-11-27,3900,3900,3825,3860,11320
2015-11-30,3875,3890,3780,3785,14733
2015-12-01,3785,3785,3725,3760,5616
2015-12-02,3770,3940,3630,3790,20270
2015-12-03,3790,3790,3670,3790,29314
2015-12-04,3800,3800,3670,3765,38014
2015-12-07,3770,3770,3695,3770,21282
2015-12-08,3770,3770,3655,3715,24562
2015-12-09,3720,3720,3620,3690,10318
2015-12-10,3700,3780,3620,3735,6442
2015-12-11,3740,3815,3700,3775,1649
2015-12-14,3775,3775,3675,3700,19787
2015-12-15,3710,3730,3600,3650,4773
2015-12-16,3655,3725,3610,3725,7372
2015-12-17,3995,4695,3730,3890,766634
2015-12-18,3920,3960,3810,3865,81887
2015-12-21,3850,3900,3745,3890,47726
2015-12-22,3950,3950,3750,3865,37151
2015-12-23,3870,3880,3745,3850,24219
2015-12-24,3860,3895,3780,3785,24198
2015-12-28,3790,3845,3755,3790,17255
2015-12-29,3800,3850,3720,3815,22034
2015-12-30,3820,3890,3790,3860,20618
2016-01-04,3870,3945,3780,3810,10078
2016-01-05,3820,3875,3750,3875,16989
2016-01-06,3880,3900,3765,3780,20447
2016-01-07,3790,3790,3650,3680,24141
2016-01-08,3720,3805,3510,3785,26749
2016-01-11,3790,3810,3500,3700,18918
2016-01-12,3705,3750,3625,3695,10076
2016-01-13,3700,3740,3690,3720,33381
2016-01-14,3720,3820,3630,3725,6582
2016-01-15,3730,3810,3680,3740,9027
2016-01-18,3740,3850,3685,3850,32072
2016-01-19,3900,3910,3815,3880,18124
2016-01-20,3880,4050,3815,3905,47177
2016-01-21,3910,4245,3890,4030,87223
2016-01-22,4000,4070,3860,4010,23213
2016-01-25,4020,4050,3990,4040,12500
2016-01-26,4040,4040,3900,3965,17188
2016-01-27,3965,4030,3910,3960,12708
2016-01-28,3965,4100,3910,4020,10801
2016-01-29,4040,4150,4040,4125,25918
2016-02-01,4160,4160,4100,4150,7282
2016-02-02,4150,4170,4005,4085,13185
2016-02-03,4010,4090,3870,4005,24686
2016-02-04,4070,4070,3910,4045,7682
2016-02-05,4045,4050,3955,4050,2444
2016-02-11,4000,4005,3865,3890,18040
2016-02-12,4055,4055,3555,3795,22525
2016-02-15,3810,3890,3770,3870,18073
2016-02-16,3880,3940,3800,3940,16084
2016-02-17,3955,3955,3855,3930,4294
2016-02-18,3930,3950,3880,3945,23423
2016-02-19,3900,3980,3900,3950,21817
2016-02-22,3960,4120,3960,4040,25570
2016-02-23,4045,4060,3960,4045,9178
2016-02-24,4050,4050,3980,4030,11155
2016-02-25,4010,4075,3985,4040,20647
2016-02-26,4050,4050,3940,4040,27417
2016-02-29,4000,4040,3975,3995,6710
2016-03-02,4020,4035,3985,4030,20728
2016-03-03,4040,4045,3980,4030,12203
2016-03-04,4045,4085,4000,4075,29407
2016-03-07,4150,4150,4030,4075,26663
2016-03-08,4195,4590,4155,4190,180561
2016-03-09,4150,4220,4050,4105,55877
2016-03-10,4130,4255,4120,4230,44105
2016-03-11,4255,4445,4200,4420,134998
2016-03-14,4375,4425,4305,4420,38665
2016-03-15,4420,4450,4320,4400,29289
2016-03-16,4415,4430,4330,4390,24000
2016-03-17,4395,4560,4350,4480,38328
2016-03-18,4520,4530,4330,4500,38488
2016-03-21,4510,4550,4455,4510,33748
2016-03-22,4530,4530,4415,4490,13228
2016-03-23,4550,4550,4420,4510,17042
2016-03-24,4510,4560,4460,4540,28468
2016-03-25,4540,4550,4500,4525,4890
2016-03-28,4525,4525,4325,4380,23697
2016-03-29,4420,4440,4350,4440,16981
2016-03-30,4440,4440,4335,4400,18518
2016-03-31,4350,4430,4350,4425,5324
2016-04-01,4425,4450,4325,4430,21797
2016-04-04,4440,4480,4310,4425,14704
2016-04-05,4425,4425,4270,4330,20726
2016-04-06,4330,4330,4150,4205,38561
2016-04-07,4205,4345,4170,4330,23037
2016-04-08,4330,4345,4255,4290,7178
2016-04-11,4300,4390,4250,4345,17101
2016-04-12,4370,4370,4265,4340,10299
2016-04-14,4350,4355,4265,4335,12451
2016-04-15,4380,4380,4270,4320,11830
2016-04-18,4370,4370,4240,4280,12908
2016-04-19,4290,4315,4210,4285,14375
2016-04-20,4305,4305,4210,4295,20921
2016-04-21,4295,4350,4240,4270,8354
2016-04-22,4350,4350,4250,4300,31656
2016-04-25,4465,4465,4300,4345,14966
2016-04-26,4275,4430,4275,4335,10687
2016-04-27,4335,4385,4220,4360,17001
2016-04-28,4360,4400,4315,4370,17798
2016-04-29,4385,4385,4310,4365,7735
2016-05-02,4425,4425,4250,4280,24821
2016-05-03,4300,4300,4190,4300,17954
2016-05-04,4340,4350,4225,4325,14797
2016-05-09,4350,4380,4290,4330,5059
2016-05-10,4330,4985,4280,4635,469284
2016-05-11,4665,4725,4590,4645,73997
2016-05-12,4755,4760,4590,4705,65108
2016-05-13,4740,4740,4600,4700,37679
2016-05-16,4610,4730,4505,4535,44404
2016-05-17,4535,4565,4375,4465,47736
2016-05-18,4470,4550,4345,4395,21995
2016-05-19,4400,4400,4365,4395,13749
2016-05-20,4410,4510,4350,4470,36118
2016-05-23,4475,4520,4370,4500,23014
2016-05-24,4535,4555,4435,4535,15555
2016-05-25,4535,4605,4470,4585,31291
2016-05-26,4585,4690,4550,4610,30855
2016-05-27,4520,4630,4495,4600,88695
2016-05-30,4600,4600,4500,4590,16357
2016-05-31,4630,4800,4600,4700,122857
2016-06-01,4790,4790,4660,4690,37635
2016-06-02,4700,4700,4640,4690,23334
2016-06-03,4690,4690,4565,4685,13790
2016-06-07,4740,4740,4590,4650,27823
2016-06-08,4650,4650,4500,4555,33636
2016-06-09,4555,4555,4485,4515,9780
2016-06-10,4510,4525,4480,4515,7106
2016-06-13,4515,4520,4450,4515,8715
2016-06-14,4540,4540,4355,4400,13501
2016-06-15,4400,4425,4260,4280,23846
2016-06-16,4295,4295,4120,4230,26610
2016-06-17,4230,4280,4175,4280,9228
2016-06-20,4280,4280,4160,4195,11059
2016-06-21,4250,4270,4160,4270,10477
2016-06-22,4270,4390,4270,4335,14360
2016-06-23,4335,4450,4200,4320,19590
2016-06-24,4330,4410,4000,4070,33611
2016-06-27,3900,4185,3895,4000,21823
2016-06-28,3970,4065,3950,4065,18313
2016-06-29,4080,4275,4065,4220,12269
2016-06-30,4240,4280,4160,4230,11017
2016-07-01,4235,4275,4190,4235,7593
2016-07-04,4240,4355,4240,4355,11020
2016-07-05,4360,4365,4300,4365,6875
2016-07-06,4365,4370,4020,4345,14077
2016-07-07,4345,4370,4270,4350,4809
2016-07-08,4375,4375,4250,4290,8367
2016-07-11,4290,4500,4170,4300,19674
2016-07-12,4300,4350,4200,4335,8945
2016-07-13,4335,4390,4280,4350,18212
2016-07-14,4320,4395,4320,4390,12649
2016-07-15,4395,4420,4340,4395,19494
2016-07-18,4390,4390,4305,4305,17753
2016-07-19,4370,4380,4250,4330,25294
2016-07-20,4340,4750,4340,4605,180867
2016-07-21,4630,4695,4530,4605,49380
2016-07-22,4630,4720,4600,4715,33810
2016-07-25,4705,4780,4640,4695,29463
2016-07-26,4700,4840,4660,4730,39137
2016-07-27,4750,4775,4560,4640,38015
2016-07-28,4650,4650,4575,4620,12040
2016-07-29,4625,4680,4560,4640,15872
2016-08-01,4640,4640,4550,4605,20476
2016-08-02,4605,4675,4575,4575,17704
2016-08-03,4575,4640,4560,4640,13847
2016-08-04,4700,4700,4525,4640,15056
2016-08-05,4675,4680,4620,4655,22316
2016-08-08,4670,4720,4620,4660,22109
2016-08-09,4660,4670,4590,4610,34311
2016-08-10,4670,4860,4585,4830,81790
2016-08-11,4830,4900,4780,4830,30772
2016-08-12,4830,4870,4620,4700,83396
2016-08-16,4700,4785,4655,4670,18566
2016-08-17,4670,4700,4540,4685,39182
2016-08-18,4685,4700,4635,4700,27350
2016-08-19,4700,4715,4630,4700,24816
2016-08-22,4645,4695,4565,4595,8868
2016-08-23,4595,4610,4510,4600,9183
2016-08-24,4600,4605,4545,4590,8126
2016-08-25,4600,4640,4510,4640,8806
2016-08-26,4640,4725,4575,4640,6635
2016-08-29,4695,4695,4490,4500,15633
2016-08-30,4500,4580,4500,4550,7320
2016-08-31,4550,4680,4475,4540,7324
2016-09-01,4515,4530,4455,4510,3843
2016-09-02,4600,4600,4460,4540,2730
2016-09-05,4540,4590,4470,4510,11381
2016-09-06,4555,4555,4325,4520,15289
2016-09-07,4565,4565,4420,4490,9183
2016-09-08,4490,4520,4355,4440,13765
2016-09-09,4440,4440,4300,4395,15862
2016-09-12,4220,4410,4220,4390,16257
2016-09-13,4380,4390,4290,4375,21361
2016-09-19,4525,4525,4245,4490,15533
2016-09-20,4400,4485,4380,4480,10837
2016-09-21,4480,4480,4390,4470,8654
2016-09-22,4500,4550,4430,4470,7756
2016-09-23,4470,4545,4455,4515,12028
2016-09-26,4520,4650,4435,4540,16940
2016-09-27,4540,4625,4500,4570,9732
2016-09-28,4590,4595,4535,4595,6101
2016-09-29,4595,4630,4565,4605,13113
2016-09-30,4605,4650,4585,4635,17830
2016-10-04,4645,4695,4570,4595,16383
2016-10-05,4595,4690,4550,4590,16163
2016-10-06,4590,4665,4530,4630,32929
2016-10-07,4585,4660,4535,4585,28629
2016-10-10,4585,4585,4500,4545,11558
2016-10-11,4545,4640,4520,4580,9961
2016-10-12,4585,4685,4550,4620,19030
2016-10-13,4630,4630,4500,4570,16076
2016-10-14,4565,4615,4535,4540,11869
2016-10-17,4540,4595,4505,4560,9994
2016-10-18,4595,4595,4480,4545,12251
2016-10-19,4545,4600,4475,4550,9594
2016-10-20,4550,4550,4390,4390,19590
2016-10-21,4365,4450,4365,4380,6941
2016-10-24,4440,4440,4365,4365,9254
2016-10-25,4370,4525,4300,4465,10428
2016-10-26,4465,4465,4305,4355,12454
2016-10-27,4445,4445,4255,4365,4400
2016-10-28,4445,4445,4290,4410,10617
2016-10-31,4410,4540,4305,4455,13756
2016-11-01,4410,4550,4400,4520,12548
2016-11-02,4530,4650,4400,4485,27949
2016-11-03,4485,4485,4305,4400,20008
2016-11-04,4300,4420,4215,4250,25994
2016-11-07,4260,4480,4255,4475,14338
2016-11-08,4475,4590,4395,4515,30778
2016-11-09,4550,4550,4095,4210,46578
2016-11-10,4330,4480,4300,4420,25167
2016-11-11,4430,4510,4350,4510,23210
2016-11-14,4515,4575,4485,4540,15001
2016-11-15,4435,4540,4435,4490,16081
2016-11-16,4490,4540,4410,4470,32153
2016-11-17,4505,4505,4250,4380,19350
2016-11-18,4490,4490,4280,4310,21701
2016-11-21,4390,4500,4280,4320,23145
2016-11-22,4350,4470,4305,4305,17393
2016-11-23,4440,4440,4300,4300,12629
2016-11-24,4320,4395,4250,4295,7834
2016-11-25,4295,4385,4250,4300,11250
2016-11-28,4300,4345,4285,4320,7394
2016-11-29,4320,4395,4300,4330,9328
2016-11-30,4350,4350,4255,4295,6209
2016-12-01,4400,4400,4240,4280,9815
2016-12-02,4280,4340,4260,4330,15801
2016-12-05,4340,4340,4200,4200,16592
2016-12-06,4200,4400,4190,4215,7026
2016-12-07,4250,4285,4060,4180,7998
2016-12-08,4180,4180,4100,4140,11505
2016-12-09,4140,4335,4105,4250,4757
2016-12-12,4250,4380,4230,4310,14958
2016-12-13,4400,4470,4260,4450,21612
2016-12-14,4455,4485,4420,4480,18804
2016-12-15,4470,4570,4450,4545,28802
2016-12-16,4585,4585,4435,4480,9905
2016-12-19,4500,4530,4465,4505,5989
2016-12-20,4550,4550,4440,4510,5896
2016-12-21,4520,4550,4440,4505,10655
2016-12-22,4510,4510,4425,4500,27104
2016-12-23,4500,4500,4400,4450,14486
2016-12-26,4500,4550,4415,4520,10945
2016-12-27,4520,4525,4455,4500,8093
2016-12-28,4540,4540,4340,4500,8931
2016-12-29,4500,4530,4400,4530,10422
2017-01-02,4535,4645,4515,4645,29965
2017-01-03,4655,4730,4655,4685,23547
2017-01-04,4685,4740,4645,4685,13386
2017-01-05,4700,4700,4610,4685,6517
2017-01-06,4695,4695,4620,4685,11528
2017-01-09,4690,4705,4640,4690,25714
2017-01-10,4650,4715,4600,4700,14752
2017-01-11,4700,4710,4665,4705,18998
2017-01-12,4690,4745,4690,4715,20576
2017-01-13,4715,4740,4650,4715,14713
2017-01-16,4715,4740,4685,4690,32313
2017-01-17,4695,4725,4690,4700,13208
2017-01-18,4705,4705,4630,4695,29196
2017-01-19,4705,4705,4610,4610,6757
2017-01-20,4625,4625,4550,4610,8937
2017-01-23,4615,4670,4570,4595,8019
2017-01-24,4660,4660,4530,4650,12721
2017-01-25,4705,4705,4640,4660,11739
2017-01-26,4660,4700,4610,4665,7496
2017-01-31,4695,4695,4610,4650,5239
2017-02-01,4710,4710,4565,4650,4902
2017-02-02,4650,4700,4580,4650,16243
2017-02-03,4690,4690,4400,4530,32864
2017-02-06,4530,4600,4460,4490,23547
2017-02-07,4500,4600,4450,4585,32891
2017-02-08,4585,4585,4545,4575,6458
2017-02-09,4630,4630,4490,4540,34437
2017-02-10,4540,4570,4500,4570,20702
2017-02-13,4570,4595,4510,4585,6787
2017-02-14,4575,4575,4500,4520,13352
2017-02-15,4520,4570,4500,4555,21272
2017-02-16,4570,4630,4510,4595,12201
2017-02-17,4585,4605,4525,4595,10008
2017-02-20,4610,4610,4530,4590,7859
2017-02-21,4610,4610,4530,4560,8142
2017-02-22,4600,4600,4510,4555,11106
2017-02-23,4555,4615,4500,4545,16729
2017-02-24,4550,4560,4505,4555,8687
2017-02-27,4595,4595,4505,4535,9720
2017-02-28,4535,4535,4500,4520,10311
2017-03-02,4530,4560,4470,4540,18182
2017-03-03,4635,4635,4495,4500,8350
2017-03-06,4585,4585,4415,4415,23579
2017-03-07,4545,4545,4400,4445,7556
2017-03-08,4465,4475,4440,4460,7649
2017-03-09,4480,4505,4415,4465,8350
2017-03-10,4495,4495,4405,4460,4422
2017-03-13,4410,4460,4400,4445,11171
2017-03-14,4445,4495,4415,4455,21294
2017-03-15,4610,4610,4450,4480,4807
2017-03-16,4470,4575,4430,4530,14549
2017-03-17,4545,4545,4425,4495,12927
2017-03-20,4500,4510,4420,4450,29332
2017-03-21,4495,4495,4435,4450,23863
2017-03-22,4450,4495,4400,4460,16704
2017-03-23,4480,4510,4400,4490,25841
2017-03-24,4505,4550,4480,4535,34687
2017-03-27,4535,4550,4490,4505,23544
2017-03-28,4505,4590,4505,4585,59535
2017-03-29,4595,4640,4595,4640,39808
2017-03-30,4680,4680,4585,4655,17411
2017-03-31,4675,4735,4600,4730,47246
2017-04-03,4735,4760,4680,4730,38606
2017-04-04,4750,5140,4715,4920,175765
2017-04-05,5100,5390,4915,5160,469657
2017-04-06,5160,5280,5040,5170,115937
2017-04-07,5170,5200,5070,5140,47660
2017-04-10,5240,5270,4935,5150,66079
2017-04-11,5150,5170,4950,5050,55112
2017-04-12,5010,5160,5000,5100,33018
2017-04-13,5100,5190,5060,5150,55552
2017-04-14,5150,5160,5090,5150,27783
2017-04-17,5090,5190,5000,5190,74200
2017-04-18,5200,5210,5110,5190,27398
2017-04-19,5190,5600,5100,5290,298176
2017-04-20,5300,5300,5200,5290,75812
2017-04-21,5250,5310,5220,5290,46282
2017-04-24,5290,5290,5150,5170,46207
2017-04-25,5170,5190,5040,5130,61558
2017-04-26,5180,5190,5100,5150,38280
2017-04-27,5110,5220,5030,5130,49433
2017-04-28,5130,5240,5050,5200,29042
2017-05-02,5210,5210,5050,5050,32963
2017-05-04,5100,5170,5060,5150,19362
2017-05-08,5130,5220,5090,5200,31592
2017-05-10,5210,5400,4910,5200,91385
2017-05-11,5200,5210,5120,5150,51243
2017-05-12,5210,5370,5160,5360,174794
2017-05-15,6220,6350,5560,5680,1064492
2017-05-16,5700,5770,5460,5700,217940
2017-05-17,5810,6100,5610,5870,357953
2017-05-18,5700,5940,5700,5880,78249
2017-05-19,5840,6180,5840,6040,222990
2017-05-22,6050,6260,5940,6170,236686
2017-05-23,6230,6620,6180,6400,348697
2017-05-24,6400,6430,6240,6380,119740
2017-05-25,6380,6380,6080,6150,122149
2017-05-26,6240,6500,6150,6310,149110
2017-05-29,6310,6310,5870,5970,248910
2017-05-30,5970,6120,5940,5980,89444
2017-05-31,5980,6020,5880,5920,52891
2017-06-01,5930,5950,5700,5860,153809
2017-06-02,5870,6010,5870,5970,66128
2017-06-05,6010,6030,5890,5970,75057
2017-06-07,5970,6040,5810,5880,83727
2017-06-08,5900,5910,5800,5860,48510
2017-06-09,5900,5900,5640,5800,112982
2017-06-12,5800,5800,5600,5680,82008
2017-06-13,5700,5790,5680,5740,85850
2017-06-14,5770,5980,5760,5860,105401
2017-06-15,5900,5900,5700,5740,36446
2017-06-16,5740,5760,5520,5680,58045
2017-06-19,5680,5700,5540,5680,51140
2017-06-20,5700,5700,5470,5540,107957
2017-06-21,5700,5700,5440,5560,60635
2017-06-22,5680,5810,5590,5750,80924
2017-06-23,5660,5790,5600,5760,35949
2017-06-26,5770,5830,5600,5740,51433
2017-06-27,5740,5740,5590,5700,51995
2017-06-28,5710,6060,5700,5900,144459
2017-06-29,5950,6040,5790,5890,111802
2017-06-30,5870,5870,5790,5840,21332
2017-07-03,5850,5970,5840,5870,48919
2017-07-04,5850,5930,5680,5790,52458
2017-07-05,5880,5880,5650,5760,14763
2017-07-06,5700,5790,5620,5730,37763
2017-07-07,5660,5740,5630,5710,54759
2017-07-10,5730,6010,5710,5960,101208
2017-07-11,5950,5960,5860,5900,74574
2017-07-12,5930,5950,5720,5750,56207
2017-07-13,5840,5850,5500,5610,71369
2017-07-14,5690,5690,5410,5500,77306
2017-07-17,5580,5580,5420,5500,41260
2017-07-18,5530,5530,5350,5380,50155
2017-07-19,5420,5420,5260,5400,39480
2017-07-20,5400,5640,5400,5440,19601
2017-07-21,5440,5600,5400,5530,24505
2017-07-24,5580,5580,5360,5440,33513
2017-07-25,5440,5480,5390,5460,18561
2017-07-26,5460,5540,5400,5510,23615
2017-07-27,5620,5620,5490,5550,5538
2017-07-28,5560,5960,5430,5620,114822
2017-07-31,5520,5720,5400,5500,30838
2017-08-01,5600,5600,5390,5450,22864
2017-08-02,5450,5490,5350,5470,22346
2017-08-03,5410,5520,5260,5350,36103
2017-08-04,5350,5430,5220,5370,16144
2017-08-07,5370,5450,5180,5180,39049
2017-08-08,5320,5340,5140,5280,39845
2017-08-09,5380,5380,5150,5250,10487
2017-08-10,5250,5310,5080,5100,27888
2017-08-11,5060,5130,4960,4960,18560
2017-08-14,4770,4800,4590,4635,193049
2017-08-16,4695,4700,4560,4600,70565
2017-08-17,4605,4680,4600,4630,68251
2017-08-18,4600,4850,4575,4850,19170
2017-08-21,4830,4830,4710,4730,19846
2017-08-22,4730,4795,4720,4750,9865
2017-08-23,4765,4785,4690,4725,23635
2017-08-24,4700,4780,4630,4640,15485
2017-08-25,4640,4700,4635,4665,9123
2017-08-28,4700,4700,4630,4670,17543
2017-08-29,4670,4670,4400,4555,102363
2017-08-30,4640,4765,4560,4700,46924
2017-08-31,4700,4840,4680,4840,21863
2017-09-01,4850,4920,4740,4850,17835
2017-09-04,4615,4785,4615,4690,26348
2017-09-05,4690,4800,4585,4620,23891
2017-09-06,4620,4665,4500,4560,53981
2017-09-07,4555,4605,4520,4580,20439
2017-09-08,4585,4585,4510,4550,17687
2017-09-11,4560,4690,4560,4605,4915
2017-09-12,4615,4690,4615,4680,13174
2017-09-13,4750,4750,4590,4650,34251
2017-09-14,4620,4675,4600,4600,6061
2017-09-15,4635,4645,4550,4625,17165
2017-09-18,4625,4745,4580,4585,35601
2017-09-19,4690,4690,4545,4560,11757
2017-09-20,4560,4560,4410,4520,49456
2017-09-21,4460,4585,4415,4580,25841
2017-09-22,4580,4580,4410,4480,10855
2017-09-25,4410,4410,4200,4200,31651
2017-09-26,4190,4275,4160,4190,18519
2017-09-27,4190,4435,4190,4325,10677
2017-09-28,4325,4580,4325,4460,12875
2017-09-29,4460,4590,4435,4565,14528
2017-10-10,4585,4590,4500,4540,11371
2017-10-11,4560,4570,4455,4525,2552
2017-10-12,4450,4515,4400,4430,30335
2017-10-13,4360,4450,4360,4400,11467
2017-10-16,4405,4640,4270,4280,11777
2017-10-17,4310,4310,4230,4305,14110
2017-10-18,4365,4365,4300,4320,8646
2017-10-19,4320,4355,4225,4320,2103
2017-10-20,4320,4365,4300,4345,4767
2017-10-23,4480,4480,4290,4290,4356
2017-10-24,4335,4370,4220,4290,14749
2017-10-25,4350,4350,4250,4325,1687
2017-10-26,4320,4435,4310,4310,6879
2017-10-27,4310,4520,4310,4370,7094
2017-10-30,4435,4435,4275,4290,10318
2017-10-31,4285,4420,4260,4290,5679
2017-11-01,4405,4405,4245,4270,8582
2017-11-02,4270,4345,4250,4285,6824
2017-11-03,4285,4305,4260,4300,5644
2017-11-06,4300,4320,4265,4275,4228
2017-11-07,4275,4330,4225,4240,12983
2017-11-08,4375,4375,4225,4225,8269
2017-11-09,4310,4340,4255,4340,9158
2017-11-10,4360,4430,4300,4370,5139
2017-11-13,4495,4495,4345,4450,9881
2017-11-14,4450,4450,4275,4280,19212
2017-11-15,4280,4310,4235,4235,21269
2017-11-16,4235,4280,4195,4275,31650
2017-11-17,4240,4400,4240,4310,12567
2017-11-20,4450,4450,4280,4290,12690
2017-11-21,4345,4355,4290,4300,20437
2017-11-22,4350,4350,4265,4275,12533
2017-11-23,4275,4345,4240,4280,9364
2017-11-24,4350,4350,4285,4325,9536
2017-11-27,4325,4480,4275,4275,12239
2017-11-28,4295,4400,4255,4260,15495
2017-11-29,4260,4310,4255,4255,13240
2017-11-30,4300,4325,4240,4240,21231
2017-12-01,4285,4370,4250,4265,12288
2017-12-04,4265,4340,4265,4265,8634
2017-12-05,4385,4385,4230,4285,19680
2017-12-06,4285,4330,4250,4300,21263
2017-12-07,4500,4500,4315,4350,29127
2017-12-08,4400,5350,4400,4540,595432
2017-12-11,4645,4730,4560,4595,38685
2017-12-12,4600,4695,4535,4640,24642
2017-12-13,4595,4790,4595,4670,34361
2017-12-14,4675,4780,4670,4725,36215
2017-12-15,4745,4755,4605,4645,28959
2017-12-18,4795,5110,4655,5100,189003
2017-12-19,5030,5100,4850,4880,49417
2017-12-20,5130,5290,4815,4825,134241
2017-12-21,4810,4910,4590,4640,83407
2017-12-22,4605,4645,4535,4585,30105
2017-12-26,4675,4675,4525,4630,27912
2017-12-27,4515,4655,4500,4600,18774
2017-12-28,4600,4600,4510,4580,13726
2018-01-02,4580,4580,4490,4570,10963
2018-01-03,4570,4595,4530,4590,26072
2018-01-04,4590,4685,4545,4635,27125
2018-01-05,4635,4705,4620,4675,13614
2018-01-08,4720,4720,4580,4580,30501
2018-01-09,4560,4605,4520,4550,19493
2018-01-10,4550,4650,4505,4555,21642
2018-01-11,4555,4725,4520,4675,43480
2018-01-12,4675,4675,4555,4565,13497
2018-01-15,4580,4600,4515,4520,19142
2018-01-16,4525,4605,4515,4530,12300
2018-01-17,4530,4965,4515,4740,121148
2018-01-18,4755,5770,4740,5170,2528533
2018-01-19,5170,5200,4790,4800,485191
2018-01-22,4900,5690,4885,5200,1340565
2018-01-23,5160,5300,5050,5280,359847
2018-01-24,5450,5590,5180,5180,757462
2018-01-25,5300,5370,5140,5180,253734
2018-01-26,5170,5600,5100,5270,422443
2018-01-29,5510,5520,5270,5280,434313
2018-01-30,5280,5310,5060,5150,166051
2018-01-31,5070,5260,5020,5070,133636
2018-02-01,5050,5150,4970,5040,127656
2018-02-02,5050,5130,4970,5000,106137
2018-02-05,4910,4935,4795,4795,128042
2018-02-06,4620,4730,4490,4600,145394
2018-02-07,4735,4790,4535,4535,79572
2018-02-08,4510,4650,4510,4575,54897
2018-02-09,4510,4625,4490,4510,57148
2018-02-12,4520,4830,4520,4695,33104
2018-02-13,4780,4780,4660,4750,44542
2018-02-14,4720,4800,4630,4750,24011
2018-02-19,4760,5230,4760,4860,251465
2018-02-20,4860,4890,4825,4865,33905
2018-02-21,4865,4995,4845,4980,49468
2018-02-22,4980,4990,4920,4975,63580
2018-02-23,4995,5120,4970,5030,49914
2018-02-26,5050,5100,4945,4945,36527
2018-02-27,4945,4955,4875,4895,18352
2018-02-28,4895,4900,4775,4790,26134
2018-03-02,4790,4795,4630,4665,46964
2018-03-05,4730,4730,4625,4680,30527
2018-03-06,4715,4715,4650,4650,56161
2018-03-07,4650,4700,4605,4615,18537
2018-03-08,4615,4700,4595,4625,17763
2018-03-09,4630,4700,4610,4675,37545
2018-03-12,4700,4750,4680,4725,34655
2018-03-13,4755,4755,4685,4720,29988
2018-03-14,4720,4790,4705,4720,25426
2018-03-15,4695,4860,4695,4730,43129
2018-03-16,4710,4805,4700,4770,34732
2018-03-19,4850,4850,4670,4670,35656
2018-03-20,4625,4720,4620,4675,12633
2018-03-21,4695,4740,4600,4600,33285
2018-03-22,4630,4630,4505,4510,55825
2018-03-23,4410,4500,4355,4375,76175
2018-03-26,4335,4450,4330,4380,39589
2018-03-27,4580,4580,4390,4435,14583
2018-03-28,4430,4535,4315,4340,41044
2018-03-29,4400,4525,4320,4360,24202
2018-03-30,4365,4490,4340,4485,25432
2018-04-02,4430,4530,4430,4490,28517
2018-04-03,4535,4535,4450,4485,21173
2018-04-04,4490,4540,4465,4495,36897
2018-04-05,4495,4520,4455,4490,33184
2018-04-06,4500,4500,4430,4450,15446
2018-04-09,4510,4510,4400,4470,30213
2018-04-10,4495,4500,4370,4445,17575
2018-04-11,4445,4460,4380,4405,29890
2018-04-12,4450,4465,4310,4365,63015
2018-04-13,4365,4560,4360,4460,56507
2018-04-16,4460,4670,4460,4565,75021
2018-04-17,4645,4645,4550,4575,17815
2018-04-18,4580,4750,4580,4590,38724
2018-04-19,4640,4640,4360,4525,27773
2018-04-20,4535,4670,4520,4670,41969
2018-04-23,4660,4750,4620,4725,44337
2018-04-24,4755,4755,4680,4715,23527
2018-04-25,4745,4745,4635,4700,49242
2018-04-26,4700,4745,4620,4745,38266
2018-04-27,4745,4785,4690,4725,19585
2018-04-30,4770,4770,4635,4720,53797
2018-05-02,4720,4720,4635,4690,59296
2018-05-03,4700,4710,4615,4620,22026
2018-05-04,4605,4670,4590,4600,16437
2018-05-08,4600,4685,4550,4565,24990
2018-05-09,4620,4690,4505,4670,38011
2018-05-10,4625,4860,4625,4830,119228
2018-05-11,4835,4915,4800,4840,61716
2018-05-14,4780,4865,4730,4865,74029
2018-05-15,4880,4945,4765,4855,70752
2018-05-16,4855,4855,4780,4825,27480
2018-05-17,4825,4825,4760,4805,9583
2018-05-18,4805,4825,4760,4775,27931
2018-05-21,4800,4840,4780,4830,37787
2018-05-23,4830,4970,4830,4870,79699
2018-05-24,4930,4930,4845,4910,61428
2018-05-25,4905,4905,4770,4875,21466
2018-05-28,4880,4975,4840,4965,62911
2018-05-29,4980,4990,4905,4970,28919
2018-05-30,4930,4965,4820,4835,107299
2018-05-31,4870,4870,4810,4845,37568
2018-06-01,4845,4950,4820,4950,27850
2018-06-04,4950,5050,4895,4940,44102
2018-06-05,4960,4980,4870,4940,21290
2018-06-07,4940,4940,4840,4840,34478
2018-06-08,4840,4900,4750,4870,68728
2018-06-11,4950,4950,4775,4780,28902
2018-06-12,4780,4800,4720,4740,31111
2018-06-14,4740,4740,4570,4595,43345
2018-06-15,4595,4640,4535,4565,21170
2018-06-18,4565,4670,4375,4470,46626
2018-06-19,4470,4560,4450,4480,15435
2018-06-20,4460,4755,4455,4630,74154
2018-06-21,4630,4635,4515,4555,31517
2018-06-22,4555,4575,4450,4575,20902
2018-06-25,4575,4735,4500,4640,28279
2018-06-26,4570,4665,4570,4665,7812
2018-06-27,4660,4735,4600,4690,10329
2018-06-28,4650,4745,4500,4640,24553
2018-06-29,4555,4645,4490,4630,17998
2018-07-02,4555,4630,4400,4515,24036
2018-07-03,4445,4580,4445,4530,38711
2018-07-04,4530,4530,4445,4495,9090
2018-07-05,4495,4570,4410,4570,17878
2018-07-06,4530,4590,4485,4590,17254
2018-07-09,4590,4590,4490,4570,20577
2018-07-10,4570,4600,4480,4570,20450
2018-07-11,4560,4560,4490,4530,7939
2018-07-12,4515,4595,4500,4570,12533
2018-07-13,4570,4585,4540,4575,9471
2018-07-16,4575,4595,4520,4520,15614
2018-07-17,4590,4895,4500,4890,332821
2018-07-18,5110,5620,4650,4775,937969
2018-07-19,4760,4760,4605,4625,80230
2018-07-20,4600,4685,4515,4515,48035
2018-07-23,4465,4530,4405,4415,43664
2018-07-24,4415,4505,4380,4495,26540
2018-07-25,4495,4495,4395,4455,28450
2018-07-26,4420,4465,4360,4445,30034
2018-07-27,4485,4485,4350,4450,22828
2018-07-30,4405,4545,4405,4470,17869
2018-07-31,4445,4490,4425,4480,12310
2018-08-01,4480,4570,4450,4555,23775
2018-08-02,4555,4585,4490,4575,7591
2018-08-03,4550,4585,4510,4555,2976
2018-08-06,4550,4570,4500,4550,14874
2018-08-07,4550,4585,4515,4580,7397
2018-08-08,4505,4580,4505,4580,10122
2018-08-09,4600,4600,4530,4575,9520
2018-08-10,4575,4575,4520,4570,13107
2018-08-13,4590,4590,4320,4495,46660
2018-08-14,4490,4525,4405,4485,22710
2018-08-16,4435,4470,4315,4420,49792
2018-08-17,4415,4520,4370,4455,18845
2018-08-20,4445,4525,4400,4460,11456
2018-08-21,4405,4485,4405,4460,9854
2018-08-22,4500,4520,4430,4465,12973
2018-08-23,4455,4495,4455,4480,9625
2018-08-24,4380,4485,4380,4480,9469
2018-08-27,4415,4480,4415,4450,5756
2018-08-28,4450,4490,4400,4470,11858
2018-08-29,4465,4490,4455,4485,19754
2018-08-30,4485,4505,4460,4485,13025
2018-08-31,4495,4520,4475,4500,15260
2018-09-03,4510,4525,4455,4500,21151
2018-09-04,4500,4505,4450,4495,14919
2018-09-05,4495,4495,4445,4495,16211
2018-09-06,4495,4495,4445,4465,13027
2018-09-07,4465,4480,4450,4480,6367
2018-09-10,4460,4480,4405,4420,9179
2018-09-11,4425,4470,4420,4465,10584
2018-09-12,4420,4470,4410,4460,9689
2018-09-13,4470,4470,4420,4450,3115
2018-09-14,4450,4475,4405,4465,18485
2018-09-17,4465,4480,4390,4480,15371
2018-09-18,4365,4475,4365,4455,15557
2018-09-19,4455,4475,4420,4445,13828
2018-09-20,4405,4450,4390,4425,5864
2018-09-21,4420,4435,4395,4425,22846
2018-09-27,4400,4490,4385,4470,13240
2018-09-28,4475,4475,4395,4425,14493
2018-10-01,4440,4445,4390,4410,4424
2018-10-02,4440,4440,4360,4360,6609
2018-10-04,4360,4380,4250,4330,18549
2018-10-05,4330,4330,4230,4320,12637
2018-10-08,4295,4315,4245,4280,5346
2018-10-10,4285,4330,4085,4175,14990
2018-10-11,4005,4240,3940,4005,36112
2018-10-12,3790,4065,3790,4010,19946
2018-10-15,4100,4100,3940,3990,5840
2018-10-16,3910,4125,3910,4085,11065
2018-10-17,4125,4220,4100,4220,3116
2018-10-18,4120,4250,4120,4250,3520
2018-10-19,4210,4300,4070,4300,6122
2018-10-22,4295,4325,4140,4325,5845
2018-10-23,4325,4325,4145,4295,8169
2018-10-24,4275,4275,4120,4120,2946
2018-10-25,3940,4160,3940,4145,14077
2018-10-26,4150,4150,3835,4150,20763
2018-10-29,4005,4135,3790,3790,23329
2018-10-30,3385,3985,3385,3970,67322
2018-10-31,3980,4095,3860,4035,17588
2018-11-01,4115,4140,3975,4140,5381
2018-11-02,4140,4300,4100,4290,22409
2018-11-05,4280,4280,4150,4195,10067
2018-11-06,4300,4300,4210,4265,9673
2018-11-07,4320,4320,4130,4190,1056
2018-11-08,4190,4320,4155,4275,16819
2018-11-09,4330,4330,4220,4290,3687
2018-11-12,4290,4400,4210,4320,44021
2018-11-13,4300,4370,4205,4370,54156
2018-11-14,4260,4355,4200,4350,20637
2018-11-15,4340,4375,4200,4345,12204
2018-11-16,4375,4445,4340,4435,40656
2018-11-19,4445,4455,4385,4400,39705
2018-11-20,4460,4460,4250,4380,7901
2018-11-21,4310,4375,4250,4325,4422
2018-11-22,4325,4400,4250,4385,29298
2018-11-23,4395,4430,4335,4430,5721
2018-11-26,4365,4465,4365,4425,17955
2018-11-27,4425,4460,4395,4445,5237
2018-11-28,4455,4455,4365,4450,11666
2018-11-29,4450,4470,4365,4455,24370
2018-11-30,4390,4490,4385,4480,78594
2018-12-03,4435,4510,4420,4500,15545
2018-12-04,4500,4540,4450,4495,21316
2018-12-05,4430,4550,4430,4545,18143
2018-12-06,4545,4565,4490,4555,24835
2018-12-07,4565,4580,4490,4505,4565
2018-12-10,4505,4515,4425,4500,12956
2018-12-11,4540,4545,4420,4430,11806
2018-12-12,4340,4455,4335,4435,4709
2018-12-13,4480,4525,4395,4450,22512
2018-12-14,4525,4535,4385,4405,7179
2018-12-17,4260,4570,4255,4415,5109
2018-12-18,4415,4540,4370,4500,19936
2018-12-19,4515,4540,4400,4500,8899
2018-12-20,4535,4535,4420,4430,6851
2018-12-21,4430,4475,4370,4425,5671
2018-12-24,4425,4540,4365,4480,23177
2018-12-26,4485,4535,4400,4525,34452
2018-12-27,4510,4545,4455,4520,9714
2018-12-28,4525,4525,4460,4525,15741
2019-01-02,4545,4555,4400,4500,8440
2019-01-03,4460,4545,4460,4495,3713
2019-01-04,4405,4495,4280,4480,2769
2019-01-07,4535,4535,4400,4415,1516
2019-01-08,4450,4525,4415,4505,16700
2019-01-09,4505,4525,4420,4500,3087
2019-01-10,4540,4540,4480,4515,8199
2019-01-11,4545,4545,4480,4530,4283
2019-01-14,4485,4530,4410,4410,9861
2019-01-15,4515,4515,4405,4455,2890
2019-01-16,4500,4505,4410,4445,9020
2019-01-17,4515,4530,4455,4455,11958
2019-01-18,4475,4550,4475,4490,8210
2019-01-21,4470,4530,4445,4515,13959
2019-01-22,4535,4535,4375,4410,11297
2019-01-23,4410,4490,4300,4395,7991
2019-01-24,4450,4450,4375,4390,21276
2019-01-25,4440,4465,4375,4460,24000
2019-01-28,4450,4465,4405,4460,2314
2019-01-29,4460,4510,4385,4460,13177
2019-01-30,4450,4455,4380,4400,7312
2019-01-31,4400,4510,4315,4360,24280
2019-02-01,4420,4420,4300,4400,21411
2019-02-07,4395,4830,4300,4500,176234
2019-02-08,4510,4585,4440,4560,34251
2019-02-11,4560,4580,4495,4540,31281
2019-02-12,4510,4620,4505,4620,28288
2019-02-13,4630,4695,4580,4600,29906
2019-02-14,4595,4595,4450,4595,17123
2019-02-15,4545,4605,4545,4605,15938
2019-02-18,4650,4650,4530,4610,23687
2019-02-19,4600,4630,4540,4615,15875
2019-02-20,4700,4700,4585,4650,40696
2019-02-21,4650,4980,4620,4680,655170
2019-02-22,4655,4700,4505,4580,120721
2019-02-25,4610,4615,4535,4565,31008
2019-02-26,4585,4680,4555,4555,36309
2019-02-27,4555,4570,4490,4500,27777
2019-02-28,4500,4635,4490,4490,36893
2019-03-04,4500,4610,4470,4505,21954
2019-03-05,4565,4565,4470,4500,5608
2019-03-06,4500,4540,4425,4460,19367
2019-03-07,4455,4495,4420,4420,16625
2019-03-08,4420,4455,4325,4325,20189
2019-03-11,4465,4465,4260,4295,31330
2019-03-12,4390,4480,4185,4395,21463
2019-03-13,4445,4540,4390,4540,38422
2019-03-14,4540,4610,4515,4585,26641
2019-03-15,4525,4620,4470,4500,22570
2019-03-18,4500,4570,4410,4560,20097
2019-03-19,4560,4695,4560,4655,55211
2019-03-20,4700,4730,4590,4685,52500
2019-03-21,4700,4740,4655,4700,27411
2019-03-22,4700,4745,4670,4735,36924
2019-03-25,4740,4775,4665,4700,61038
2019-03-26,4730,4930,4715,4860,145414
2019-03-27,4885,4890,4815,4890,49746
2019-03-28,4890,4905,4850,4890,80210
2019-03-29,4845,4905,4665,4750,86499
2019-04-01,4750,4880,4720,4830,61610
2019-04-02,4915,4915,4785,4835,19749
2019-04-03,4830,4845,4780,4795,19406
2019-04-04,4795,4795,4710,4750,31764
2019-04-05,4750,4835,4750,4770,20885
2019-04-08,4815,4895,4805,4830,35537
2019-04-09,4900,4900,4845,4860,25895
2019-04-10,4820,4880,4800,4865,20261
2019-04-11,4865,4915,4845,4900,47873
2019-04-12,4915,4920,4850,4900,25408
2019-04-15,4900,4900,4800,4840,24143
2019-04-16,4840,4840,4740,4765,34102
2019-04-17,4755,4820,4720,4760,24445
2019-04-18,4790,4980,4680,4725,33834
2019-04-19,4745,4850,4705,4825,22185
2019-04-22,4780,4910,4780,4900,68875
2019-04-23,4890,4905,4850,4890,45018
2019-04-24,4890,4910,4825,4880,22192
2019-04-25,4845,4880,4780,4810,26562
2019-04-26,4780,4810,4670,4700,28823
2019-04-29,4700,4760,4680,4760,11659
2019-04-30,4890,4890,4710,4800,15845
2019-05-02,4800,4840,4705,4800,17783
2019-05-03,4780,4850,4765,4825,28302
2019-05-07,4770,4945,4755,4935,46025
2019-05-08,4900,5060,4885,4975,172538
2019-05-09,4910,5000,4790,4810,65677
2019-05-10,4810,4900,4665,4830,44114
2019-05-13,4830,4890,4555,4745,45566
2019-05-14,4655,4880,4615,4770,10807
2019-05-15,4770,4845,4675,4780,74107
2019-05-16,4780,4860,4740,4750,14185
2019-05-17,4710,4790,4615,4615,30185
2019-05-20,4615,4710,4435,4450,27324
2019-05-21,4450,4545,4400,4430,19581
2019-05-22,4450,4575,4450,4520,8291
2019-05-23,4590,4590,4450,4475,19720
2019-05-24,4480,4920,4300,4580,37781
2019-05-27,4575,4700,4375,4535,12601
2019-05-28,4690,4690,4410,4525,14508
2019-05-29,4525,4590,4420,4450,10714
2019-05-30,4450,4490,4345,4440,9856
2019-05-31,4440,4550,4350,4390,12915
2019-06-03,4390,4600,4285,4365,18722
2019-06-04,4365,4465,4305,4385,10916
2019-06-05,4380,4480,4355,4460,17548
2019-06-07,4500,4650,4445,4645,25510
2019-06-10,4645,4690,4525,4525,21968
2019-06-11,4525,4545,4490,4530,24939
2019-06-12,4530,4750,4530,4560,17773
2019-06-13,4505,4600,4490,4600,8644
2019-06-14,4600,4650,4555,4635,23908
2019-06-17,4635,4730,4610,4675,33654
2019-06-18,4705,4750,4500,4600,35913
2019-06-19,4690,4690,4595,4620,8816
2019-06-20,4620,4690,4550,4685,23279
2019-06-21,4685,4715,4630,4665,23589
2019-06-24,4700,4700,4640,4660,18246
2019-06-25,4670,4670,4610,4635,21738
2019-06-26,4635,4680,4585,4670,27030
2019-06-27,4620,4710,4515,4540,44794
2019-06-28,4615,4620,4430,4545,11935
2019-07-01,4545,4580,4525,4540,5206
2019-07-02,4540,4580,4500,4575,13834
2019-07-03,4575,4575,4465,4465,20532
2019-07-04,4465,4500,4420,4450,15291
2019-07-05,4450,4630,4450,4605,41830
2019-07-08,4605,4640,4450,4510,25715
2019-07-09,4500,4570,4305,4455,49989
2019-07-10,4455,4495,4390,4485,10051
2019-07-11,4485,4520,4440,4485,7615
2019-07-12,4500,4535,4455,4495,4397
2019-07-15,4470,4485,4390,4435,13670
2019-07-16,4435,4450,4390,4400,4396
2019-07-17,4455,4455,4230,4350,32448
2019-07-18,4345,4445,4265,4405,10858
2019-07-19,4405,4505,4335,4500,18248
2019-07-22,4500,4505,4430,4490,8608
2019-07-23,4490,4535,4465,4490,10588
2019-07-24,4530,4530,4450,4450,13897
2019-07-25,4450,4450,4260,4360,73745
2019-07-26,4360,4360,4250,4320,27432
2019-07-29,4320,4320,4140,4255,41106
2019-07-30,4170,4360,4170,4260,24644
2019-07-31,4360,4375,4250,4370,29860
2019-08-01,4280,4420,4270,4360,25899
2019-08-02,4360,4450,4280,4330,10558
2019-08-05,4265,4425,4100,4185,33559
2019-08-06,4120,4185,3940,4055,46035
2019-08-07,4175,4175,4045,4110,13352
2019-08-08,4110,4215,4100,4215,20699
2019-08-09,4245,4315,4210,4250,12414
2019-08-12,4200,4320,4200,4200,3093
2019-08-13,4230,4230,4160,4200,1467
2019-08-14,4155,4250,4155,4170,7051
2019-08-16,4170,4250,4170,4250,11405
2019-08-19,4205,4345,4205,4305,9817
2019-08-20,4305,4600,4305,4505,52162
2019-08-21,4515,4530,4380,4380,21919
2019-08-22,4385,4600,4385,4450,12680
2019-08-23,4450,4540,4290,4460,9754
2019-08-26,4455,4690,4415,4525,21851
2019-08-27,4510,4570,4380,4390,10389
2019-08-28,4400,4630,4400,4505,19524
2019-08-29,4500,4505,4395,4450,12206
2019-08-30,4450,4540,4420,4500,10137
2019-09-02,4500,4580,4500,4550,14853
2019-09-03,4550,4600,4480,4565,6851
2019-09-04,4550,4580,4400,4460,25464
2019-09-05,4500,4580,4475,4510,12141
2019-09-06,4565,4565,4430,4430,4890
2019-09-09,4430,4505,4410,4450,4597
2019-09-10,4450,4490,4440,4475,1321
2019-09-11,4475,4505,4400,4505,12275
2019-09-16,4505,4955,4505,4620,124453
2019-09-17,4630,4705,4620,4660,13630
2019-09-18,4640,4755,4620,4675,17273
2019-09-19,4660,4740,4650,4715,26981
2019-09-20,4715,4715,4550,4685,13138
2019-09-23,4680,4740,4610,4690,10608
2019-09-24,4635,4695,4600,4680,9135
2019-09-25,4680,4680,4505,4545,14491
2019-09-26,4560,4605,4450,4450,5600
2019-09-27,4535,4535,4395,4430,13879
2019-09-30,4355,4440,4330,4400,10365
2019-10-01,4400,4465,4310,4310,9835
2019-10-02,4500,4500,4305,4385,6309
2019-10-04,4445,4445,4305,4410,5001
2019-10-07,4365,4405,4315,4380,6590
2019-10-08,4400,4405,4345,4380,5864
2019-10-10,4400,4475,4310,4345,6395
2019-10-11,4470,4470,4330,4385,6383
2019-10-14,4400,4495,4340,4410,10887
2019-10-15,4410,4425,4355,4420,5826
2019-10-16,4450,4495,4420,4460,12579
2019-10-17,4460,4460,4425,4450,4382
2019-10-18,4475,4475,4400,4460,5215
2019-10-21,4460,4495,4425,4485,6836
2019-10-22,4505,4535,4420,4520,8129
2019-10-23,4550,4550,4420,4460,5770
2019-10-24,4460,4485,4405,4475,5832
2019-10-25,4475,4495,4405,4430,9314
2019-10-28,4430,4475,4390,4430,7809
2019-10-29,4430,4545,4410,4530,8629
2019-10-30,4530,4655,4490,4640,19304
2019-10-31,4665,4665,4550,4630,6572
2019-11-01,4630,4665,4595,4655,8659
2019-11-04,4655,4660,4630,4650,8665
2019-11-05,4650,4650,4570,4575,4763
2019-11-06,4580,4680,4510,4575,5933
2019-11-07,4575,4575,4480,4505,15054
2019-11-08,4500,4645,4500,4545,5103
2019-11-11,4555,4600,4500,4505,15247
2019-11-12,4505,4600,4500,4510,13433
2019-11-13,4530,4590,4500,4580,4054
2019-11-14,4580,4605,4485,4490,9370
2019-11-15,4490,4590,4455,4555,4788
2019-11-18,4595,4595,4400,4415,45412
2019-11-19,4310,4415,4305,4340,9610
2019-11-20,4335,4395,4310,4370,5833
2019-11-21,4380,4380,4230,4250,7393
2019-11-22,4250,4250,4185,4225,13941
2019-11-25,4330,4330,4225,4285,3616
2019-11-26,4290,4345,4240,4300,7300
2019-11-27,4305,4340,4250,4275,7370
2019-11-28,4340,4370,4230,4235,9600
2019-11-29,4285,4290,4190,4200,20281
2019-12-02,4200,4270,4185,4205,8745
2019-12-03,4155,4250,4155,4235,6534
2019-12-04,4295,4295,4205,4255,10351
2019-12-05,4230,4295,4165,4165,10399
2019-12-06,4200,4300,4135,4185,15379
2019-12-09,4185,4300,4115,4230,9389
2019-12-10,4240,4240,4185,4230,11035
2019-12-11,4225,4245,4175,4225,2760
2019-12-12,4300,4300,4130,4240,13128
2019-12-13,4240,4345,4210,4250,36479
2019-12-16,4290,4325,4265,4300,3589
2019-12-17,4325,4390,4260,4390,15183
2019-12-18,4400,4455,4385,4415,16222
2019-12-19,4415,4450,4300,4390,14843
2019-12-20,4390,4440,4330,4390,3110
2019-12-23,4390,4440,4375,4385,3275
2019-12-24,4365,4440,4365,4390,34100
2019-12-26,4390,4440,4385,4440,8400
2019-12-27,4435,4435,4365,4420,7838
2019-12-30,4370,4400,4365,4375,1622
2020-01-02,4365,4445,4365,4405,5540
2020-01-03,4410,4440,4375,4390,9921
2020-01-06,4365,4420,4330,4375,4906
2020-01-07,4370,4530,4350,4395,29608
2020-01-08,4395,4455,4155,4340,19230
2020-01-09,4340,4430,4280,4365,6986
2020-01-10,4350,4440,4255,4330,10461
2020-01-13,4330,4440,4265,4360,21254
2020-01-14,4360,4525,4285,4505,23286
2020-01-15,4595,4600,4465,4510,53800
2020-01-16,4560,4560,4460,4510,15030
2020-01-17,4510,4520,4355,4445,22903
2020-01-20,4400,4445,4310,4360,18942
2020-01-21,4315,4405,4310,4395,6392
2020-01-22,4395,4400,4345,4370,8926
2020-01-23,4410,4410,4300,4340,4814
2020-01-28,4120,4380,4120,4210,10549
2020-01-29,4210,4400,4210,4250,17283
2020-01-30,4250,4330,4245,4280,6739
2020-01-31,4280,4400,4215,4240,9926
2020-02-03,4200,4280,4145,4190,24736
2020-02-04,4200,4320,4200,4250,2625
2020-02-05,4250,4490,4220,4310,6378
2020-02-06,4310,4455,4300,4425,16524
2020-02-07,4450,4450,4340,4380,18036
2020-02-10,4380,4400,4300,4385,3178
2020-02-11,4385,4410,4360,4400,4177
2020-02-12,4440,4440,4350,4395,4275
2020-02-13,4395,4440,4340,4350,5707
2020-02-14,4340,4480,4300,4370,9333
2020-02-17,4370,4420,4310,4310,8560
2020-02-18,4300,4350,4260,4295,3677
2020-02-19,4295,4305,4200,4250,8127
2020-02-20,4255,4340,4225,4250,5505
2020-02-21,4265,4265,4195,4195,8798
2020-02-24,4145,4150,4060,4075,23689
2020-02-25,4070,4295,4050,4170,7321
2020-02-26,4170,4280,4090,4165,8750
2020-02-27,4180,4260,4100,4155,6158
2020-02-28,4145,4195,3915,3980,20761
2020-03-02,3900,4095,3890,3935,15920
2020-03-03,4095,4095,3965,4030,29497
2020-03-04,3945,4095,3945,4090,2098
2020-03-05,4090,4225,4065,4140,4734
2020-03-06,4140,4230,4065,4085,5606
2020-03-09,4085,4085,3840,3925,18620
2020-03-10,3835,3925,3835,3920,8562
2020-03-11,3920,4050,3860,3870,5822
2020-03-12,3865,3950,3630,3845,58291
2020-03-13,3415,3700,3415,3600,74563
2020-03-16,3610,3825,3455,3640,54420
2020-03-17,3595,3695,3385,3560,41942
2020-03-18,3720,3725,3505,3505,34362
2020-03-19,3690,3690,3270,3360,54207
2020-03-20,3275,3635,3240,3635,55978
2020-03-23,3450,3630,3250,3400,38886
2020-03-24,3305,3720,3305,3500,66281
2020-03-25,3695,3860,3610,3815,63975
2020-03-26,3815,3940,3770,3835,62634
2020-03-27,3840,4110,3825,3895,63024
2020-03-30,3785,4010,3665,3995,17793
2020-03-31,3995,4100,3770,4000,38773
2020-04-01,4025,4090,3920,3965,32763
2020-04-02,3965,4075,3885,4000,17023
2020-04-03,4000,4100,3955,4010,15195
2020-04-06,4010,4095,4010,4060,16223
2020-04-07,4065,4095,4025,4090,89080
2020-04-08,4050,4090,3910,4080,38934
2020-04-09,4080,4095,3955,4060,20142
2020-04-10,4070,4190,4050,4115,30002
2020-04-13,4115,4190,4025,4080,22806
2020-04-14,4080,4190,4030,4165,17989
2020-04-16,4170,4180,4100,4100,10326
2020-04-17,4100,4195,4085,4105,13476
2020-04-20,4105,4220,4100,4110,17905
2020-04-21,4150,4705,4050,4330,175248
2020-04-22,4415,4415,4250,4270,28049
2020-04-23,4270,4475,4245,4370,28251
2020-04-24,4360,4360,4235,4240,15328
2020-04-27,4225,4345,4205,4245,14957
2020-04-28,4245,4425,4225,4300,22520
2020-04-29,4300,4395,4115,4220,15564
2020-05-04,4220,4300,4150,4250,21397
2020-05-06,4225,4380,4225,4345,15384
2020-05-07,4345,4440,4305,4410,23643
2020-05-08,4425,4435,4380,4410,16039
2020-05-11,4400,4500,4355,4430,38184
2020-05-12,4465,4465,4280,4360,40094
2020-05-13,4360,4430,4295,4360,10390
2020-05-14,4360,4370,4280,4320,5878
2020-05-15,4320,4340,4250,4295,16024
2020-05-18,4350,4660,4050,4355,167944
2020-05-19,4410,4445,4330,4330,46495
2020-05-20,4340,4435,4335,4415,26773
2020-05-21,4435,4485,4410,4435,41941
2020-05-22,4425,4730,4425,4630,150055
2020-05-25,4645,5090,4575,4775,420183
2020-05-26,4725,4830,4705,4770,69243
2020-05-27,4760,4760,4570,4720,51636
2020-05-28,4795,4840,4510,4610,88017
2020-05-29,4555,4615,4460,4480,25228
2020-06-01,4540,4695,4495,4610,34868
2020-06-02,4850,4850,4710,4800,86355
2020-06-03,4850,4865,4700,4745,45607
2020-06-04,4750,5100,4750,4980,171766
2020-06-05,4980,5130,4930,4995,110926
2020-06-08,4950,5050,4745,4795,118394
2020-06-09,4800,4880,4745,4835,55612
2020-06-10,4800,4820,4755,4810,38210
2020-06-11,4795,4800,4715,4715,22249
2020-06-12,4520,4610,4320,4590,38835
2020-06-15,4530,4715,4310,4600,46193
2020-06-16,4545,4700,4525,4605,36979
2020-06-17,4605,4650,4550,4645,26462
2020-06-18,4645,4705,4550,4575,36465
2020-06-19,4630,4830,4615,4700,41758
2020-06-22,4710,4710,4605,4640,7916
2020-06-23,4640,4715,4480,4585,16540
2020-06-24,4585,4690,4500,4580,19428
2020-06-25,4550,4550,4370,4480,33741
2020-06-26,4460,4510,4415,4505,19310
2020-06-29,4480,4545,4405,4475,10539
2020-06-30,4430,4515,4410,4460,12480
2020-07-01,4460,4615,4460,4505,31898
2020-07-02,4505,4590,4465,4555,11099
2020-07-03,4555,4555,4480,4520,9238
2020-07-06,4635,4640,4450,4595,54823
2020-07-07,4595,4615,4530,4590,32048
2020-07-08,4630,5420,4630,4740,1605021
2020-07-09,4755,5040,4715,5010,229015
2020-07-10,5020,5080,4930,4935,107612
2020-07-13,4980,5070,4855,4915,59307
2020-07-14,4955,4995,4850,4915,40004
2020-07-15,4920,5130,4920,5110,106062
2020-07-16,5200,5290,4965,5040,110660
2020-07-17,5040,5200,5020,5100,82917
2020-07-20,5120,5140,4960,5070,43025
2020-07-21,5050,5100,4995,5040,31579
2020-07-22,5010,5070,4955,5060,42636
2020-07-23,5060,5060,4870,4905,28960
2020-07-24,4900,4995,4800,4845,27037
2020-07-27,4845,4920,4825,4865,20669
2020-07-28,4865,4920,4860,4905,20045
2020-07-29,4905,4985,4880,4880,15367
2020-07-30,4880,5010,4880,4925,29328
2020-07-31,4925,4995,4780,4925,26356
2020-08-03,4925,4945,4845,4895,17822
2020-08-04,4910,5020,4770,4885,49841
2020-08-05,4855,4930,4760,4830,24465
2020-08-06,4830,4830,4655,4695,60623
2020-08-07,4700,4755,4665,4695,29435
2020-08-10,4755,4755,4650,4750,41447
2020-08-11,4695,4780,4675,4705,22768
2020-08-12,4705,4750,4615,4710,26817
2020-08-13,5000,5730,4950,5110,811253
2020-08-14,5200,5210,4870,4950,163825
2020-08-18,4710,4750,4490,4490,188565
2020-08-19,4490,4750,4490,4580,45604
2020-08-20,4555,4555,4340,4350,82069
2020-08-21,4360,4575,4315,4395,44551
2020-08-24,4400,4450,4295,4415,64502
2020-08-25,4470,4620,4420,4600,46037
2020-08-26,4605,5190,4480,4810,245257
2020-08-27,4870,4940,4535,4845,100966
2020-08-28,4845,5050,4755,4885,100223
2020-08-31,4840,5020,4830,4920,71088
2020-09-01,4880,4975,4810,4855,62876
2020-09-02,4855,4875,4755,4800,46776
2020-09-03,4790,4975,4760,4845,60974
2020-09-04,4770,4870,4600,4830,37566
2020-09-07,4830,4980,4825,4955,80252
2020-09-08,5000,5050,4925,5000,91520
2020-09-09,5000,5050,4900,4915,54043
2020-09-10,4975,5000,4900,4960,74474
2020-09-11,4960,5070,4900,4950,63918
2020-09-14,4950,4990,4900,4970,40014
2020-09-15,4940,4995,4890,4980,48581
2020-09-16,4940,5080,4930,4980,91651
2020-09-17,5080,5180,4930,5010,240737
2020-09-18,5090,5120,4925,4980,64874
2020-09-21,4980,5050,4755,4850,64957
2020-09-22,4760,4850,4680,4685,42485
2020-09-23,4695,4915,4610,4680,80447
2020-09-24,4600,4990,4565,4575,130546
2020-09-25,4580,4645,4575,4645,28776
2020-09-28,4685,4795,4650,4705,22720
2020-09-29,4705,4830,4675,4730,27937
2020-10-05,4755,4950,4735,4860,38537
2020-10-06,4885,4925,4810,4895,24746
2020-10-07,4845,4930,4805,4910,18298
2020-10-08,4870,4930,4835,4895,23880
2020-10-12,4895,4975,4820,4950,47348
2020-10-13,4950,4990,4865,4940,32160
2020-10-14,4940,4950,4830,4845,34236
2020-10-15,4810,4840,4720,4780,36814
2020-10-16,4740,4830,4600,4700,31847
2020-10-19,4790,4800,4700,4700,14621
2020-10-20,4655,4785,4655,4785,28002
2020-10-21,4825,4870,4795,4870,14317
2020-10-22,4845,4945,4800,4800,14970
2020-10-23,4770,4845,4655,4705,14545
2020-10-26,4795,4795,4575,4580,25075
2020-10-27,4580,4630,4385,4525,19493
