날짜,시가,고가,저가,종가,거래량
2012-01-02,35800,36200,35400,35400,660071
2012-01-03,35350,35600,35200,35450,1474661
2012-01-04,35650,35650,34900,34900,1371913
2012-01-05,34900,34950,34250,34450,1755008
2012-01-06,34400,34450,33300,33700,2088308
2012-01-09,33650,33650,33000,33150,1283936
2012-01-10,33300,33900,33200,33750,1248015
2012-01-11,33900,34150,33550,33650,982329
2012-01-12,33850,33950,33350,33700,1346962
2012-01-13,33600,33900,33450,33700,972149
2012-01-16,33600,33600,33050,33200,839201
2012-01-17,33250,33600,33150,33350,1165698
2012-01-18,33400,33500,33250,33450,704763
2012-01-19,33600,33850,33450,33750,854459
2012-01-20,33650,33800,33450,33600,1199733
2012-01-25,33700,33850,33450,33800,1358287
2012-01-26,33850,34050,33800,34000,944871
2012-01-27,33850,33900,33550,33750,1071355
2012-01-30,33600,33750,33400,33700,1011707
2012-01-31,33500,33600,33200,33400,1306932
2012-02-01,33450,33500,33200,33300,1114985
2012-02-02,33450,33650,33400,33400,1031658
2012-02-03,33450,33750,33400,33700,929576
2012-02-06,33800,33900,33300,33500,1162756
2012-02-07,33250,33300,32700,32900,2158019
2012-02-08,32900,32950,32250,32650,1604081
2012-02-09,32250,32350,31900,32200,1822837
2012-02-10,32050,32750,31900,32350,1672614
2012-02-13,32300,32750,32300,32400,1037485
2012-02-14,32500,32850,32400,32550,980463
2012-02-15,32700,32900,32400,32500,807239
2012-02-16,32300,32450,32200,32250,715184
2012-02-17,32250,32350,32050,32300,882682
2012-02-20,32250,32400,32000,32100,830734
2012-02-21,32050,32250,32000,32100,698366
2012-02-22,32150,32650,32100,32550,995382
2012-02-23,32700,33000,32500,32750,995515
2012-02-24,32900,33050,32600,32800,713379
2012-02-27,32850,32900,32500,32500,598977
2012-02-28,32600,32600,32200,32300,855338
2012-02-29,32400,32600,32350,32600,872532
2012-03-02,32850,33300,32800,32800,1049843
2012-03-05,32900,33100,32500,32650,567021
2012-03-06,32550,32750,32350,32650,706014
2012-03-07,32300,32400,32200,32300,768159
2012-03-08,32450,32450,32100,32400,1108721
2012-03-09,32400,32450,32100,32250,792288
2012-03-12,32200,32200,31950,32100,695682
2012-03-13,32000,32300,32000,32050,489217
2012-03-14,32150,32200,32000,32000,676042
2012-03-15,31950,32100,31900,31950,545983
2012-03-16,31900,32300,31600,32250,1260489
2012-03-19,32300,32850,32250,32500,1589201
2012-03-20,32750,32850,32350,32500,711295
2012-03-21,32500,33150,32400,33100,1346563
2012-03-22,32900,33050,32800,32850,841881
2012-03-23,32800,32800,32350,32400,652821
2012-03-26,32400,32550,32250,32450,474650
2012-03-27,32450,32600,32200,32250,525928
2012-03-28,32250,32500,32250,32250,347049
2012-03-29,32150,32200,31600,31700,1503175
2012-03-30,31550,31800,31350,31450,1186687
2012-04-02,31400,31650,31400,31600,904872
2012-04-03,31550,31550,31150,31250,1102556
2012-04-04,31050,31100,30700,30700,1073107
2012-04-05,30600,30850,30600,30650,656691
2012-04-06,30550,30700,30450,30600,463137
2012-04-09,30600,30750,30450,30550,490343
2012-04-10,30850,31150,30800,30950,926011
2012-04-12,31150,31200,30500,30900,809508
2012-04-13,30750,30850,30600,30850,606383
2012-04-16,30800,30800,30450,30600,573859
2012-04-17,30500,30550,30300,30350,673738
2012-04-18,30300,30400,30100,30300,820785
2012-04-19,30150,30200,29800,29800,1532645
2012-04-20,29850,30100,29800,29800,742352
2012-04-23,29800,30000,29800,29850,546078
2012-04-24,29850,30100,29550,29800,775128
2012-04-25,29950,30000,29700,29800,481386
2012-04-26,29900,29950,29650,29650,428878
2012-04-27,29600,30000,29200,30000,2197606
2012-04-30,29850,29900,29400,29400,744364
2012-05-02,29350,29400,28850,29300,1400916
2012-05-03,29150,29250,28850,29000,585944
2012-05-04,28900,29000,28650,28800,776907
2012-05-07,28650,30700,28550,30500,3070549
2012-05-08,30450,30550,29850,30500,1033796
2012-05-09,30450,30650,30150,30550,683634
2012-05-10,30350,30400,30000,30050,684282
2012-05-11,30050,30200,29650,29650,579557
2012-05-14,29500,30200,29300,30000,1173176
2012-05-15,30000,30850,29950,30250,2795666
2012-05-16,30400,30600,29750,29750,1482994
2012-05-17,29750,30150,29550,29550,924232
2012-05-18,29400,29450,28900,29100,1127587
2012-05-21,29200,29250,28650,28700,875797
2012-05-22,28850,29200,28600,28850,1483852
2012-05-23,28750,28750,28050,28300,1507777
2012-05-24,28150,28300,27550,27700,1142235
2012-05-25,27900,28150,27700,27800,841333
2012-05-29,28000,28200,27900,28050,988276
2012-05-30,27900,28100,27750,27800,741385
2012-05-31,27650,28350,27600,27950,1422214
2012-06-01,27950,28450,27850,28350,1238800
2012-06-04,27900,28900,27800,28750,2857309
2012-06-05,28550,29150,28400,29100,1517441
2012-06-07,28950,29450,28850,29450,1214444
2012-06-08,29200,29350,29150,29350,784917
2012-06-11,29250,29350,28800,29050,1224651
2012-06-12,28700,28800,28350,28400,1195279
2012-06-13,28450,28450,27900,28100,923854
2012-06-14,27950,28350,27950,28350,915249
2012-06-15,28250,28350,28000,28350,884032
2012-06-18,28400,28700,28300,28600,721132
2012-06-19,28500,28750,28450,28600,501686
2012-06-20,28700,28950,28700,28900,558853
2012-06-21,28850,29300,28850,29100,554981
2012-06-22,28800,28900,28500,28500,864430
2012-06-25,28650,28800,28100,28100,719984
2012-06-26,28400,29350,28300,28950,1910095
2012-06-27,29100,29350,28800,29150,994335
2012-06-28,29250,29850,28950,29550,1038480
2012-06-29,29650,30400,29550,30350,1976879
2012-07-02,30300,30750,30150,30650,1022836
2012-07-03,30700,31200,30650,31150,1281930
2012-07-04,31000,31250,30700,31200,923041
2012-07-05,31000,31300,30750,30950,802710
2012-07-06,30950,30950,30600,30750,431237
2012-07-09,30650,31550,30600,31250,1035802
2012-07-10,31600,32300,31400,32250,2028700
2012-07-11,32050,32850,32050,32700,1665445
2012-07-12,32800,33100,32500,32700,1812415
2012-07-13,32700,32800,32300,32800,1000712
2012-07-16,33150,33200,32500,32600,593310
2012-07-17,32800,32950,32400,32800,688332
2012-07-18,32650,32850,32350,32750,983286
2012-07-19,32750,32750,32000,32050,1008252
2012-07-20,31900,31900,30900,31300,1822122
2012-07-23,31300,31850,31200,31550,1115969
2012-07-24,31600,33300,31550,33150,2134884
2012-07-25,33000,33300,32700,33000,1636009
2012-07-26,32850,33250,32750,32950,851550
2012-07-27,33000,33100,32600,33000,862986
2012-07-30,32200,32450,31200,32000,2747269
2012-07-31,31700,32450,31550,32250,1320078
2012-08-01,32300,32400,31650,32100,709536
2012-08-02,32100,32600,31800,32200,566383
2012-08-03,32150,33150,32050,32900,1140936
2012-08-06,32750,32750,32050,32350,1261791
2012-08-07,32400,32400,31300,31750,1594539
2012-08-08,31750,32350,31750,32100,1170827
2012-08-09,32100,32550,31950,32550,1734179
2012-08-10,32350,32750,32250,32650,794989
2012-08-13,32700,33450,32650,33350,1268723
2012-08-14,33500,34400,33500,34050,1607530
2012-08-16,33900,34650,33800,34450,1309465
2012-08-17,34400,34500,33850,34150,789920
2012-08-20,34300,34300,33800,34250,711299
2012-08-21,34350,34600,34150,34300,704221
2012-08-22,34250,35150,34150,35050,2183633
2012-08-23,34750,35150,34550,34850,1441139
2012-08-24,34850,35500,34650,34650,1398827
2012-08-27,34800,35250,34550,35000,1247534
2012-08-28,35000,35500,35000,35300,1427725
2012-08-29,35300,35700,34650,35200,1390301
2012-08-30,35000,35100,34050,34350,1220317
2012-08-31,34300,34600,34200,34400,697765
2012-09-03,34250,34550,34150,34250,586539
2012-09-04,34000,34200,33750,33900,873749
2012-09-05,34250,34550,34100,34400,1472990
2012-09-06,34750,35900,34700,35500,1716037
2012-09-07,35500,36200,35300,35600,1343556
2012-09-10,35700,36050,35150,35350,871276
2012-09-11,35250,36350,35200,35900,1469518
2012-09-12,36100,36750,36100,36100,1129152
2012-09-13,36400,36700,36100,36350,1160754
2012-09-14,36650,36750,35900,36300,1536746
2012-09-17,35900,36000,35000,35450,1938604
2012-09-18,35300,35350,34700,35100,1412228
2012-09-19,35300,35450,35000,35250,873104
2012-09-20,35300,35700,35200,35700,839807
2012-09-21,35850,36200,35700,35900,852684
2012-09-24,35800,36050,35600,35900,583377
2012-09-25,35900,35950,35550,35550,604134
2012-09-26,35350,35600,35200,35450,346728
2012-09-27,35250,35700,35000,35450,780328
2012-09-28,35300,35350,34800,35200,1109539
2012-10-02,34850,35000,34600,34750,883034
2012-10-04,34750,35150,34650,34900,830120
2012-10-05,34900,35400,34800,35100,601066
2012-10-08,35100,35300,34700,34800,637621
2012-10-09,34900,35500,34850,35150,693698
2012-10-10,35250,35300,35000,35000,556543
2012-10-11,34800,35000,34500,34500,690224
2012-10-12,34650,34850,34300,34550,355424
2012-10-15,34350,35550,34350,35300,1141011
2012-10-16,35250,35600,35000,35400,840635
2012-10-17,35300,35550,35000,35200,728965
2012-10-18,35300,35300,34950,35250,453221
2012-10-19,35250,35300,34850,35100,441023
2012-10-22,34800,35000,34600,34950,469215
2012-10-23,35000,35550,34950,35250,837037
2012-10-24,35150,36950,35150,36700,2592670
2012-10-25,36600,37800,36500,36950,1555188
2012-10-26,36950,37400,36400,36400,997011
2012-10-29,36500,37300,36400,36950,704585
2012-10-30,37150,37400,36650,37150,544087
2012-10-31,37300,37650,36950,36950,565996
2012-11-01,37100,37600,36850,37050,1017886
2012-11-02,37150,37450,36850,37050,895324
2012-11-05,37300,38650,37200,38400,1893909
2012-11-06,38450,38900,38250,38450,904421
2012-11-07,38350,38350,37550,38150,1267907
2012-11-08,37700,38400,37700,38000,970008
2012-11-09,37550,38500,37550,37950,907149
2012-11-12,38050,38350,37700,37950,655455
2012-11-13,38300,38600,37950,38200,817218
2012-11-14,38300,38950,38250,38700,1145893
2012-11-15,38500,39400,38400,39050,1571695
2012-11-16,39400,39600,39100,39550,1205796
2012-11-19,39550,39750,38950,39550,785474
2012-11-20,39200,39500,39100,39100,761386
2012-11-21,39000,39150,38600,38750,663596
2012-11-22,38950,39700,38750,39450,797795
2012-11-23,39400,39750,39150,39750,546575
2012-11-26,39600,39850,39300,39550,526068
2012-11-27,39650,39650,38050,38300,1253506
2012-11-28,38400,38900,37700,37850,1113267
2012-11-29,37950,38100,37050,37350,1435377
2012-11-30,37400,37700,37000,37700,997924
2012-12-03,37700,38700,37600,38200,906758
2012-12-04,38150,38650,38150,38500,639329
2012-12-05,38150,38450,37900,38000,984377
2012-12-06,37850,38000,37150,37350,1321781
2012-12-07,37400,37850,37300,37650,611735
2012-12-10,37700,38400,37700,37900,807503
2012-12-11,38200,38200,37750,37750,848361
2012-12-12,37950,38050,37600,38050,868720
2012-12-13,37800,38300,37800,38200,1361218
2012-12-14,38150,38200,37750,38100,650060
2012-12-17,38100,38300,37850,38100,656206
2012-12-18,38400,38450,38200,38450,1537608
2012-12-20,38400,38500,38100,38450,1344481
2012-12-21,38500,38850,38450,38550,1900588
2012-12-24,38700,38700,38050,38050,1265439
2012-12-26,37950,38050,37450,37500,2634507
2012-12-27,35800,35950,35400,35500,2007438
2012-12-28,35400,35900,35100,35500,1027481
2013-01-02,35600,35950,35050,35400,1202063
2013-01-03,35250,35900,35250,35800,875241
2013-01-04,36000,36950,35850,36500,1650009
2013-01-07,36750,36950,36600,36800,906872
2013-01-08,36500,36750,36300,36300,722631
2013-01-09,36300,36400,35850,36000,630884
2013-01-10,35850,36150,35100,35550,963297
2013-01-11,35550,35700,34850,35150,1034182
2013-01-14,35150,36550,34900,36300,2128956
2013-01-15,36300,36800,36200,36200,1692041
2013-01-16,36600,36850,36350,36700,923258
2013-01-17,36650,37100,36550,36900,1022722
2013-01-18,37000,37150,36650,37150,585910
2013-01-21,37450,37450,36850,37100,410730
2013-01-22,37200,38600,36950,38500,1907474
2013-01-23,38500,38800,38150,38400,902465
2013-01-24,38250,39100,38150,38750,1701403
2013-01-25,38650,38800,38150,38150,1059085
2013-01-28,38100,38300,37500,38000,748504
2013-01-29,38000,38450,36950,37050,1145965
2013-01-30,37050,37800,37050,37100,725587
2013-01-31,37050,37400,36600,36600,832940
2013-02-01,36650,37450,36650,37150,818324
2013-02-04,37350,38750,37300,38300,1494622
2013-02-05,38200,38450,37700,37900,1028225
2013-02-06,38050,38850,37950,38450,1237594
2013-02-07,38200,38350,37850,37900,641617
2013-02-08,37850,37850,36800,36800,1597441
2013-02-12,36800,36800,36050,36650,896075
2013-02-13,36700,36800,35900,36200,1433243
2013-02-14,36150,36200,35200,35250,2437389
2013-02-15,35350,35550,34800,35150,1468997
2013-02-18,35250,35550,35200,35500,814268
2013-02-19,35500,35550,34800,35050,1406121
2013-02-20,35200,35800,35100,35750,1213476
2013-02-21,35500,35550,34900,34950,1314300
2013-02-22,35050,35300,34950,35050,872814
2013-02-25,35200,35250,34650,35050,746905
2013-02-26,34950,35100,34450,34600,731584
2013-02-27,34900,35700,34800,35650,1622056
2013-02-28,35500,35900,35400,35800,1083441
2013-03-04,35800,36000,35450,35450,1115353
2013-03-05,35450,35950,35450,35850,898260
2013-03-06,35850,36600,35800,36300,1479076
2013-03-07,36400,37000,36050,36550,1218512
2013-03-08,36450,37150,36400,37000,1162768
2013-03-11,37100,37600,36700,37150,897888
2013-03-12,37450,37450,36750,36750,599239
2013-03-13,36700,36950,36500,36900,626600
2013-03-14,36700,37050,36450,37050,913029
2013-03-15,36750,37050,36500,36700,903554
2013-03-18,36600,37300,36500,36800,558771
2013-03-19,37100,37300,36850,36950,428422
2013-03-20,36900,37300,36450,36700,557732
2013-03-21,36700,36700,35550,35750,975898
2013-03-22,35600,35650,34600,34850,1555711
2013-03-25,35250,35450,35100,35400,572277
2013-03-26,35300,35400,34950,35400,654866
2013-03-27,35150,35200,35000,35200,535743
2013-03-28,35050,35150,34800,35100,630878
2013-03-29,35300,35350,35100,35300,343986
2013-04-01,35300,35300,34950,35150,256134
2013-04-02,35150,35500,35150,35350,966794
2013-04-03,35400,35950,35350,35850,1195796
2013-04-04,35700,35700,35050,35500,1050031
2013-04-05,35150,35600,35000,35350,892834
2013-04-08,35450,35600,35150,35500,503505
2013-04-09,35200,35350,34450,34800,1202783
2013-04-10,34650,34850,34200,34500,797333
2013-04-11,34750,35000,34350,34800,991903
2013-04-12,34500,34700,34000,34000,1056990
2013-04-15,34000,34550,33850,34450,899105
2013-04-16,34450,35950,34300,35750,2212928
2013-04-17,35500,36900,35500,36400,2016331
2013-04-18,36500,36650,35350,36050,1032233
2013-04-19,35800,36300,35650,36000,661007
2013-04-22,35750,36900,35750,36500,624029
2013-04-23,36300,36500,35900,36450,575303
2013-04-24,36350,36350,35650,36200,679433
2013-04-25,36200,36250,35400,35650,993034
2013-04-26,35550,36000,35550,35750,399383
2013-04-29,35900,36350,35800,36050,1113646
2013-04-30,36050,36550,36000,36050,1493584
2013-05-02,36150,39000,36150,38200,4341899
2013-05-03,38400,39500,38000,38750,2776121
2013-05-06,38750,39200,38050,38300,963038
2013-05-07,38350,39450,38300,38800,1273454
2013-05-08,39000,39300,38350,38950,1192247
2013-05-09,38950,39300,38200,38400,1231303
2013-05-10,38250,38950,38150,38800,647936
2013-05-13,38850,40800,38750,40250,2407254
2013-05-14,40600,41200,40350,40850,1598251
2013-05-15,40800,41050,40000,40800,1157268
2013-05-16,40850,41250,40350,40850,774267
2013-05-20,40550,40900,39750,40450,982802
2013-05-21,40300,40600,39800,40050,909072
2013-05-22,40200,41150,39800,39900,969010
2013-05-23,39850,40800,39600,40250,1045079
2013-05-24,40450,40650,40100,40300,434049
2013-05-27,40150,40400,39850,40150,409444
2013-05-28,40150,40550,40150,40300,719726
2013-05-29,40600,40750,38450,38900,1869553
2013-05-30,38650,38700,38000,38400,1486129
2013-05-31,38400,39050,38350,38700,893382
2013-06-03,38600,38850,38250,38400,466089
2013-06-04,38500,38500,37700,38000,1156708
2013-06-05,38000,38200,37450,37650,1116147
2013-06-07,37650,38100,37450,37650,1099902
2013-06-10,38150,38400,37550,38150,639921
2013-06-11,38400,39100,38100,38600,1254727
2013-06-12,38600,38900,37950,38150,663098
2013-06-13,38350,38400,37500,37600,988031
2013-06-14,37600,38450,37600,38000,918523
2013-06-17,37850,38250,37450,38150,874018
2013-06-18,38100,38150,37600,37900,519501
2013-06-19,37750,37900,36900,37100,835194
2013-06-20,36750,37300,36650,37000,732576
2013-06-21,36500,36700,35800,36250,2331631
2013-06-24,35950,36000,35200,35400,902270
2013-06-25,35400,35400,34400,34850,1347820
2013-06-26,35300,35450,34700,34950,1098520
2013-06-27,35450,36250,35300,35600,1020768
2013-06-28,35700,36300,35300,35800,1311981
2013-07-01,35700,35950,34950,35100,1274401
2013-07-02,35200,35450,34800,35350,748526
2013-07-03,35250,35600,34950,35000,549146
2013-07-04,35100,36350,35050,35900,768273
2013-07-05,36100,36600,35650,36200,685244
2013-07-08,36150,36600,35550,35600,568556
2013-07-09,35900,36500,35500,36200,773579
2013-07-10,36200,36300,35450,35800,670194
2013-07-11,36300,36300,35600,35850,1235828
2013-07-12,35900,36300,35700,36200,1039675
2013-07-15,36300,36300,35300,35400,1665747
2013-07-16,35450,35600,34800,35000,1368981
2013-07-17,34500,34750,33800,34050,3773290
2013-07-18,33900,35150,33800,34600,2529136
2013-07-19,34950,35650,34800,35550,1620114
2013-07-22,35550,35800,35050,35400,892825
2013-07-23,35400,35800,35150,35800,966390
2013-07-24,35750,35800,35450,35700,522954
2013-07-25,35400,36150,35400,36000,649742
2013-07-26,36000,36200,35800,36100,577794
2013-07-29,36000,36800,35900,36400,818166
2013-07-30,36200,36700,35950,36700,717741
2013-07-31,36500,36650,36250,36400,713069
2013-08-01,36500,36500,35950,36250,554048
2013-08-02,36050,36650,35600,36600,1630939
2013-08-05,36600,36850,36050,36100,559079
2013-08-06,36050,36200,35750,35800,584862
2013-08-07,35750,36000,35350,35350,969620
2013-08-08,35400,35800,35050,35500,689905
2013-08-09,35500,36250,35350,35950,889292
2013-08-12,35800,36200,35700,35950,445866
2013-08-13,36000,36000,35250,35300,959097
2013-08-14,35500,35700,35300,35450,504152
2013-08-16,35550,35650,35100,35500,632298
2013-08-19,35500,35950,35500,35650,554974
2013-08-20,35600,35750,35250,35450,781167
2013-08-21,35400,35500,34800,35100,828770
2013-08-22,34800,35000,34300,34800,699410
2013-08-23,34800,34900,34450,34650,619153
2013-08-26,34900,35000,34650,34800,475080
2013-08-27,34600,34850,34450,34550,849902
2013-08-28,34450,34950,34150,34950,1019391
2013-08-29,34950,36100,34900,35750,1742867
2013-08-30,35950,36450,35900,36100,1269559
2013-09-02,37100,37450,36600,36750,2569776
2013-09-03,37200,37500,36750,36750,1263167
2013-09-04,36800,36850,36350,36450,919166
2013-09-05,36350,36600,36000,36450,1283755
2013-09-06,36500,36900,36250,36850,830014
2013-09-09,37250,37300,36550,36850,946692
2013-09-10,36700,36950,36200,36350,1450921
2013-09-11,36600,36850,36200,36350,1208145
2013-09-12,36350,37150,36250,37000,1304423
2013-09-13,37300,37500,36950,37000,1053221
2013-09-16,37100,37300,36300,36650,1130101
2013-09-17,36400,36600,36050,36250,1088349
2013-09-23,36250,36300,35850,36000,1123902
2013-09-24,36000,36150,35850,36000,977015
2013-09-25,36100,36600,36000,36400,737665
2013-09-26,36400,36500,36000,36500,896019
2013-09-27,36300,36350,35900,35950,1233904
2013-09-30,36100,36100,35850,35950,724346
2013-10-01,36000,36400,35950,36050,894954
2013-10-02,36350,36650,36050,36100,1101247
2013-10-04,36400,36700,36150,36600,1208177
2013-10-07,36750,36950,36600,36850,849976
2013-10-08,36900,36950,36100,36250,1307471
2013-10-10,36300,36350,35900,36050,1037335
2013-10-11,36200,36300,35750,36050,1349901
2013-10-14,36100,36150,35500,35600,1120344
2013-10-15,35700,35950,35200,35500,1639880
2013-10-16,35500,35600,35100,35600,1104280
2013-10-17,35850,35900,35600,35800,1299813
2013-10-18,35900,36300,35650,36300,786126
2013-10-21,36400,36500,36250,36450,907402
2013-10-22,36450,36700,35400,35600,2651483
2013-10-23,35600,35900,35400,35600,1382695
2013-10-24,35750,35750,35350,35700,1512975
2013-10-25,35500,35650,35200,35450,1247471
2013-10-28,35650,35700,35250,35550,1380221
2013-10-29,35450,35600,35250,35600,1163187
2013-10-30,35550,35600,35100,35350,1262023
2013-10-31,35150,35400,34950,35050,1269063
2013-11-01,35050,35450,35000,35200,686819
2013-11-04,35350,35400,34000,34400,2654461
2013-11-05,34000,34150,32900,33200,2877178
2013-11-06,33100,33250,32550,32800,2481737
2013-11-07,32850,33200,32600,33000,1553833
2013-11-08,32800,33000,31900,32500,2127111
2013-11-11,32550,32550,31500,31600,1650139
2013-11-12,31600,32700,31300,32700,1611184
2013-11-13,32700,33300,32700,33000,1881741
2013-11-14,32800,33350,32750,33000,908142
2013-11-15,33200,33550,33150,33400,703530
2013-11-18,33350,33500,32550,32700,974208
2013-11-19,32700,33200,32500,32750,1054825
2013-11-20,32750,33100,32700,33100,701845
2013-11-21,33150,33300,32900,32900,611143
2013-11-22,33150,33450,33000,33450,709552
2013-11-25,33300,33600,33100,33350,691257
2013-11-26,33100,33200,32850,33100,1159216
2013-11-27,33100,33300,32900,33150,625840
2013-11-28,33200,33800,33200,33800,947877
2013-11-29,33650,33850,33550,33750,502433
2013-12-02,31500,32050,31100,31450,6620398
2013-12-03,31100,31400,30750,30900,2694513
2013-12-04,30800,31100,30700,30750,1325689
2013-12-05,30850,31000,30500,30500,1398216
2013-12-06,30600,30850,30300,30500,1053442
2013-12-09,30700,30750,30300,30350,1407728
2013-12-10,30200,30300,29900,29950,1414931
2013-12-11,29850,30750,29550,30550,2014285
2013-12-12,30400,30900,30200,30700,1831292
2013-12-13,30700,30850,30450,30650,1001678
2013-12-16,30700,30900,30550,30550,1180006
2013-12-17,31300,31400,30850,31000,1963478
2013-12-18,30950,31150,30800,30950,958159
2013-12-19,31100,31300,30950,31100,1010573
2013-12-20,30850,31050,30800,30850,969432
2013-12-23,30950,31850,30900,31700,1580870
2013-12-24,31700,32400,31650,32100,2067879
2013-12-26,32200,32400,31700,31800,1964080
2013-12-27,31500,31550,31150,31550,1447004
2013-12-30,31600,31750,31250,31550,983103
2014-01-02,31600,31700,30900,30900,941595
2014-01-03,30800,30950,30450,30600,983756
2014-01-06,30600,31150,30500,31150,729901
2014-01-07,30900,31250,30750,30950,985463
2014-01-08,30950,31250,30600,30800,944141
2014-01-09,30850,31900,30850,31900,1882564
2014-01-10,31800,31800,30900,31300,1385904
2014-01-13,31300,31700,31150,31600,706282
2014-01-14,31350,31450,31150,31150,765505
2014-01-15,31150,31250,30900,31000,803616
2014-01-16,31000,31100,30550,30700,1099931
2014-01-17,30800,31050,30700,30700,525448
2014-01-20,30700,31000,30650,30750,496022
2014-01-21,30800,31000,30700,30850,291291
2014-01-22,31000,31000,30850,30850,412028
2014-01-23,30850,30850,30300,30400,893616
2014-01-24,30400,30400,29900,30200,1080375
2014-01-27,29850,30300,29550,29850,1131230
2014-01-28,29700,31500,29700,31200,2714006
2014-01-29,31150,31500,30750,30800,1372246
2014-02-03,31050,31450,30850,30850,1083301
2014-02-04,30750,30950,30450,30600,1137383
2014-02-05,30600,30800,30200,30350,990070
2014-02-06,30200,30800,30150,30200,1009422
2014-02-07,30050,30300,29900,30100,1110574
2014-02-10,30300,30350,30100,30250,603269
2014-02-11,30300,30350,29600,29900,1420386
2014-02-12,30050,30150,29800,30100,705797
2014-02-13,30000,30350,29900,30200,1316776
2014-02-14,30200,30450,29850,29900,1035826
2014-02-17,30100,30200,29850,29950,779034
2014-02-18,29950,30150,29850,30100,537147
2014-02-19,29900,30000,29600,29750,1366980
2014-02-20,29650,29750,29300,29500,1227157
2014-02-21,29450,29500,29150,29350,1153525
2014-02-24,29250,29450,28850,29100,1234528
2014-02-25,29200,29950,29200,29850,1098742
2014-02-26,29750,30200,29650,30100,947075
2014-02-27,29950,30150,29850,29950,594098
2014-02-28,30100,30400,29900,30350,3081895
2014-03-03,30300,30400,29500,29750,1235976
2014-03-04,29550,29600,29150,29300,979865
2014-03-05,29450,29600,29400,29400,611898
2014-03-06,29600,29750,29400,29400,653083
2014-03-07,28650,29100,28500,29100,1916431
2014-03-10,29050,29100,28600,28800,947333
2014-03-11,28700,28850,28350,28600,1134044
2014-03-12,28500,28600,28250,28300,775251
2014-03-13,28400,29250,28300,29000,1455515
2014-03-14,28950,29200,28750,28750,697773
2014-03-17,29000,29050,28800,28850,454951
2014-03-18,29000,29350,28800,29150,642448
2014-03-19,29250,29550,29200,29350,678526
2014-03-20,29400,29400,29000,29300,695743
2014-03-21,29350,29350,28900,29150,691291
2014-03-24,29100,29400,29000,29000,548705
2014-03-25,29050,29600,29050,29300,659318
2014-03-26,29400,29650,29200,29500,690976
2014-03-27,29600,29900,29450,29900,814220
2014-03-28,29800,29900,29650,29700,442029
2014-03-31,29650,29750,29350,29550,573109
2014-04-01,29500,29600,29350,29450,573667
2014-04-02,29450,29650,29100,29100,1169489
2014-04-03,29100,29200,28550,28700,2150260
2014-04-04,28800,29000,28650,29000,699490
2014-04-07,29000,29400,28700,29250,1204617
2014-04-08,29450,32000,29400,31250,7509245
2014-04-09,31400,32800,31350,32600,6702763
2014-04-10,32700,32900,32050,32300,2470363
2014-04-11,32000,32450,31900,32300,1508337
2014-04-14,32050,32650,32000,32150,1271236
2014-04-15,32200,32500,32000,32350,1138132
2014-04-16,32300,32400,32050,32200,1093796
2014-04-17,32400,32400,31750,31900,1082424
2014-04-18,31900,32100,31400,31500,1112556
2014-04-21,31500,31750,31150,31400,849310
2014-04-22,32050,32250,31250,31900,2456853
2014-04-23,32000,32800,31800,32650,2489741
2014-04-24,32750,33250,32450,32500,2026920
2014-04-25,32350,32550,31900,32050,1038920
2014-04-28,32100,32750,32100,32600,1210269
2014-04-29,32600,32900,32350,32600,754520
2014-04-30,32800,32850,32200,32800,1266987
2014-05-02,32850,33000,32500,32650,1118347
2014-05-07,32500,32650,32350,32400,829556
2014-05-08,32900,32900,31800,31950,1500550
2014-05-09,32250,32400,32000,32250,1137432
2014-05-12,32350,32450,32050,32050,698431
2014-05-13,32150,32250,31700,32000,853839
2014-05-14,32000,32650,32000,32500,836155
2014-05-15,32600,32650,32200,32250,510158
2014-05-16,32500,32500,31900,32100,685306
2014-05-19,32150,32250,31800,31950,590696
2014-05-20,32000,32600,31800,32500,843228
2014-05-21,32450,32500,31800,32050,832849
2014-05-22,32000,32150,31600,31850,919013
2014-05-23,31850,32050,31500,31700,753678
2014-05-26,31700,31850,31600,31750,408175
2014-05-27,31600,31800,31400,31550,516321
2014-05-28,31600,31650,31150,31350,688467
2014-05-29,31400,31450,30500,30750,1209565
2014-05-30,30800,30850,29850,30400,1968370
2014-06-02,30400,30500,29900,30100,759235
2014-06-03,30100,30100,29450,29800,1552747
2014-06-05,29700,29800,29150,29450,891429
2014-06-09,29450,30100,29450,30050,738905
2014-06-10,29950,30100,29800,30050,975821
2014-06-11,30250,30250,29850,29900,787648
2014-06-12,30300,30750,30000,30150,1295250
2014-06-13,30350,30400,29850,29900,763272
2014-06-16,29900,30050,29550,29900,626150
2014-06-17,29950,30000,29600,29700,816841
2014-06-18,29700,30300,29550,29850,773724
2014-06-19,30200,30600,30050,30400,1120586
2014-06-20,30600,30750,30250,30450,646156
2014-06-23,30250,30350,30050,30350,582530
2014-06-24,30100,30650,30100,30550,756353
2014-06-25,30600,30850,30450,30600,579719
2014-06-26,30400,30600,30000,30200,838385
2014-06-27,30200,30450,29950,30450,512334
2014-06-30,30550,30750,30500,30550,725785
2014-07-01,30600,30950,30450,30800,591895
2014-07-02,30850,31200,30800,31150,843730
2014-07-03,31050,31250,30850,31150,449623
2014-07-04,31150,31750,31000,31600,1173702
2014-07-07,31650,31800,31250,31400,544402
2014-07-08,31300,31300,30600,30700,787169
2014-07-09,30600,30900,30250,30350,832692
2014-07-10,30550,30600,30100,30350,685314
2014-07-11,30200,30350,30000,30100,764857
2014-07-14,30250,30300,30000,30000,497691
2014-07-15,30050,30500,30050,30150,562222
2014-07-16,30050,30200,29900,30050,660815
2014-07-17,30050,30150,29800,29800,656133
2014-07-18,29800,29850,29550,29650,659930
2014-07-21,29600,29900,29600,29750,432013
2014-07-22,29750,30000,29700,29900,381931
2014-07-23,30100,30100,29900,29950,366845
2014-07-24,30000,30250,29800,29800,689148
2014-07-25,29900,30150,29850,30000,510961
2014-07-28,30050,31000,29950,30750,1208211
2014-07-29,30850,31550,30850,31300,2024700
2014-07-30,31650,33450,31650,33350,6883618
2014-07-31,33500,33700,32950,33300,2908570
2014-08-01,33000,33750,32900,33300,2104883
2014-08-04,33350,33500,32900,33350,1194256
2014-08-05,33350,33350,32950,33050,787347
2014-08-06,33000,33300,32950,33150,688112
2014-08-07,33200,33800,32750,33650,1276198
2014-08-08,33600,34750,33550,34500,3584026
2014-08-11,34700,34800,34200,34500,1239407
2014-08-12,34550,34700,33700,33800,1103414
2014-08-13,33750,34500,33150,34200,1456454
2014-08-14,34050,34300,33800,33800,822122
2014-08-18,33950,34750,33900,34500,1205860
2014-08-19,34500,35200,34450,35100,1622245
2014-08-20,35000,35150,34750,35150,794890
2014-08-21,34900,35100,34300,34650,1072479
2014-08-22,34400,34600,33550,33800,1152926
2014-08-25,33750,34800,33300,34650,980772
2014-08-26,34600,34950,34350,34650,572414
2014-08-27,34600,35000,34600,34750,657297
2014-08-28,34700,35150,34600,34850,634150
2014-08-29,35000,35250,34550,35000,897579
2014-09-01,34750,35250,34750,35150,680133
2014-09-02,35050,35200,34450,34850,646266
2014-09-03,34550,35350,34550,35200,1057040
2014-09-04,35200,35950,34850,35800,2311291
2014-09-05,35700,35950,35600,35750,746008
2014-09-11,35550,35950,35200,35200,903215
2014-09-12,35450,36200,35350,36050,1059089
2014-09-15,36050,36350,35750,36050,637187
2014-09-16,36050,36150,35450,35500,689650
2014-09-17,35450,36000,35400,35700,697592
2014-09-18,35500,35650,35100,35250,762968
2014-09-19,35200,35850,35200,35850,719965
2014-09-22,35950,36000,35600,35800,717225
2014-09-23,35800,37000,35750,36800,2122154
2014-09-24,36700,37000,34950,35700,2149924
2014-09-25,35650,36100,34350,34600,1739142
2014-09-26,34550,34850,34200,34650,949360
2014-09-29,34700,35300,34650,34650,930358
2014-09-30,34750,35050,33900,34300,1075952
2014-10-01,34750,35050,34200,34450,958616
2014-10-02,34400,35300,34250,35050,1081172
2014-10-06,35050,35150,33600,34000,1146689
2014-10-07,34000,34600,33750,34450,688818
2014-10-08,34450,35350,34400,35250,1222098
2014-10-10,35250,35250,34550,35100,764502
2014-10-13,34400,34550,34050,34450,697561
2014-10-14,34550,34550,32900,33250,1438898
2014-10-15,33050,33150,32100,32600,1894235
2014-10-16,32400,32850,31950,32800,1338941
2014-10-17,32750,32850,30500,30700,3402139
2014-10-20,30850,31550,30750,30900,1054894
2014-10-21,30950,31450,30500,31200,1075849
2014-10-22,31350,31650,30700,31100,979991
2014-10-23,30850,31000,30650,30850,849831
2014-10-24,31050,31100,30750,31000,709905
2014-10-27,31100,31850,31100,31600,1038929
2014-10-28,31650,32650,31500,32300,1179934
2014-10-29,32450,32650,31700,32550,1051792
2014-10-30,32300,32400,31800,32050,569718
2014-10-31,31950,33150,31900,32800,1573332
2014-11-03,32600,33800,32450,33350,1195946
2014-11-04,33300,33650,32750,32950,769478
2014-11-05,33050,33050,32600,32900,597406
2014-11-06,32700,32700,31450,31750,1776984
2014-11-07,31750,32150,31650,31950,1029470
2014-11-10,32100,32350,31650,31800,823707
2014-11-11,31950,32100,31700,32100,606056
2014-11-12,32100,32600,32000,32050,493747
2014-11-13,32000,32450,31850,32450,520610
2014-11-14,32400,32500,32150,32250,419146
2014-11-17,32100,32250,31950,32250,398446
2014-11-18,32400,32750,32200,32500,710391
2014-11-19,32700,33100,32600,33000,841825
2014-11-20,33300,33600,33100,33200,775252
2014-11-21,33000,33450,32950,33450,468315
2014-11-24,33350,33600,32700,33250,998442
2014-11-25,33400,33400,33050,33150,556600
2014-11-26,33400,33400,32900,33100,486059
2014-11-27,33100,33100,32600,32800,456687
2014-11-28,32600,33050,32250,32550,762944
2014-12-01,32550,32850,32000,32300,713862
2014-12-02,32200,32350,31500,31650,883230
2014-12-03,32000,32200,31800,31850,492767
2014-12-04,31850,32600,31800,32250,777549
2014-12-05,32200,32600,32100,32300,454742
2014-12-08,32200,32300,31900,32150,536467
2014-12-09,32100,32200,31800,31950,398964
2014-12-10,31750,32000,31350,31750,666289
2014-12-11,31300,31550,31100,31350,805094
2014-12-12,31200,31700,31050,31600,393322
2014-12-15,31200,31600,31150,31450,606202
2014-12-16,31150,31650,31100,31650,688026
2014-12-17,31800,31800,31200,31500,690501
2014-12-18,31500,32050,31450,31550,657702
2014-12-19,31750,32000,31550,31800,613464
2014-12-22,31600,32100,31450,31850,610996
2014-12-23,32000,33300,31950,32500,1277926
2014-12-24,32600,32750,32050,32300,804590
2014-12-26,32250,32300,31800,31800,829426
2014-12-29,31550,31800,31150,31200,768760
2014-12-30,31150,31550,31100,31250,659905
2015-01-02,31100,31850,31050,31600,631854
2015-01-05,31400,32150,31250,31900,666068
2015-01-06,31600,31750,31250,31500,812604
2015-01-07,31300,31300,30600,30850,1327483
2015-01-08,30750,30850,29900,30300,1865853
2015-01-09,30500,30550,29850,29900,1707266
2015-01-12,30100,30250,29750,29950,884818
2015-01-13,29800,30300,29800,29950,857981
2015-01-14,30000,30150,29900,30000,545155
2015-01-15,29950,30150,29800,29950,637586
2015-01-16,29950,30100,29650,29950,1120487
2015-01-19,30000,30100,29750,29800,567426
2015-01-20,29850,30100,29800,29900,594961
2015-01-21,30150,30350,30050,30300,817698
2015-01-22,30500,30550,29800,30000,1411586
2015-01-23,30300,30550,30200,30550,1459595
2015-01-26,30550,30550,30050,30400,581057
2015-01-27,30350,30400,30050,30300,724346
2015-01-28,30050,30550,29750,30000,1394519
2015-01-29,30000,30000,29750,29950,854373
2015-01-30,29850,30100,29550,29950,1592112
2015-02-02,29900,29950,29600,29750,1006235
2015-02-03,29700,29850,29500,29550,1016653
2015-02-04,29550,29650,29050,29300,1567502
2015-02-05,29400,29450,29050,29250,787700
2015-02-06,29250,29300,28650,28850,1261523
2015-02-09,28900,29150,28500,28500,1066702
2015-02-10,28500,28800,28500,28700,552807
2015-02-11,28850,29550,28800,29250,1174743
2015-02-12,29350,29550,29050,29400,1032457
2015-02-13,29150,29400,29050,29200,932229
2015-02-16,29100,29800,29050,29250,963757
2015-02-17,29450,30150,29300,30000,1503690
2015-02-23,30300,30700,30200,30600,1651129
2015-02-24,30400,30700,30150,30250,1236893
2015-02-25,30300,30850,30300,30500,1262446
2015-02-26,30600,30700,30350,30600,861353
2015-02-27,30450,30800,30250,30600,3402100
2015-03-02,30900,30950,30450,30600,998846
2015-03-03,30600,30700,30300,30400,937527
2015-03-04,30500,30550,30300,30400,628821
2015-03-05,30350,30450,30150,30250,498591
2015-03-06,30500,30850,30450,30700,1016533
2015-03-09,30950,30950,30100,30450,1018669
2015-03-10,30250,30350,29750,29850,1079730
2015-03-11,29550,29700,29200,29350,1334052
2015-03-12,29400,30050,29150,29150,1513995
2015-03-13,29350,29900,29350,29750,978122
2015-03-16,29750,29800,29450,29650,398098
2015-03-17,29650,29950,29600,29850,602140
2015-03-18,29700,30100,29700,29800,777666
2015-03-19,30000,30100,29900,29950,564296
2015-03-20,30150,30200,29550,29700,1480656
2015-03-23,29700,29750,29200,29450,971941
2015-03-24,29550,29650,29200,29300,841078
2015-03-25,29300,29450,29150,29150,735056
2015-03-26,29300,29450,29150,29300,730981
2015-03-27,29250,29550,29200,29450,898554
2015-03-30,29550,29550,29200,29250,602628
2015-03-31,29350,29400,28950,29000,1023394
2015-04-01,29200,29250,28900,29000,830587
2015-04-02,29150,29200,28900,29100,710092
2015-04-03,29100,29450,29100,29250,498230
2015-04-06,29300,29300,28950,29050,716433
2015-04-07,29200,29250,29050,29150,698411
2015-04-08,29200,29250,28800,28800,1240218
2015-04-09,28950,29300,28700,29050,1067610
2015-04-10,29200,29200,28800,28950,1207581
2015-04-13,28900,29000,28800,28900,1230616
2015-04-14,28950,30050,28900,30000,2607530
2015-04-15,29850,29900,29550,29650,1208433
2015-04-16,29800,30150,29700,30000,1102501
2015-04-17,30000,30100,29600,29750,1073207
2015-04-20,29600,29800,29350,29450,1019377
2015-04-21,29600,29650,29350,29350,646149
2015-04-22,29400,29600,29300,29350,1036499
2015-04-23,29400,29850,29250,29650,1080897
2015-04-24,29900,30550,29850,30500,2637366
2015-04-27,30700,30700,30050,30300,1148973
2015-04-28,30300,30750,30300,30550,969744
2015-04-29,30750,31250,30650,30900,1796673
2015-04-30,30700,31850,30400,31850,4155161
2015-05-04,31950,32900,31900,32250,2572618
2015-05-06,32250,32400,31500,31850,2027404
2015-05-07,31700,31750,30450,31100,2487411
2015-05-08,30850,31300,30650,30750,819908
2015-05-11,30800,30850,30200,30250,1473991
2015-05-12,30400,31100,30300,30650,904544
2015-05-13,30750,30900,30500,30750,592554
2015-05-14,30850,30850,30300,30500,693925
2015-05-15,30400,30700,30300,30300,715893
2015-05-18,30300,30500,30100,30450,615522
2015-05-19,30400,30450,30050,30100,854427
2015-05-20,30000,30050,29500,29650,1502714
2015-05-21,29700,30100,29700,29700,867194
2015-05-22,29850,30050,29650,29900,767707
2015-05-26,30000,30150,29850,29950,675208
2015-05-27,29900,29950,29550,29800,931953
2015-05-28,29950,30000,29550,29700,1067477
2015-05-29,29550,29600,28950,28950,2366619
2015-06-01,29050,29100,28600,28900,1193607
2015-06-02,28950,29700,28900,29450,1390411
2015-06-03,29500,29800,29300,29400,691963
2015-06-04,29400,29500,29100,29350,798903
2015-06-05,29350,29750,29250,29500,812540
2015-06-08,29350,29350,29000,29300,576164
2015-06-09,29250,29800,29100,29500,738001
2015-06-10,29750,29750,29200,29400,689653
2015-06-11,29400,29450,29100,29150,894649
2015-06-12,29350,29350,29150,29200,508289
2015-06-15,29200,29450,29150,29250,447517
2015-06-16,29250,29400,28950,28950,881468
2015-06-17,29100,29150,28950,28950,510983
2015-06-18,28750,29150,28750,29100,671188
2015-06-19,29050,29200,28500,28500,1418730
2015-06-22,28550,28750,28500,28500,562957
2015-06-23,28750,29100,28600,28900,592759
2015-06-24,29100,29300,28800,28850,490983
2015-06-25,28850,29200,28800,29000,511485
2015-06-26,28950,29000,28550,28700,661604
2015-06-29,28550,28650,28300,28400,743101
2015-06-30,28500,28600,28300,28450,692787
2015-07-01,28600,28600,28400,28400,552662
2015-07-02,28500,29000,28500,28650,711856
2015-07-03,28800,28900,28600,28700,447687
2015-07-06,28700,29200,28650,28750,1142031
2015-07-07,28950,29400,28750,29300,1449045
2015-07-08,29400,29600,28900,28900,896189
2015-07-09,28850,29300,28600,29100,910363
2015-07-10,29150,29450,28850,29300,549563
2015-07-13,29200,29450,29050,29350,531046
2015-07-14,29350,29550,29100,29150,622709
2015-07-15,29250,29500,29150,29400,516222
2015-07-16,29350,29550,29250,29250,394277
2015-07-17,29350,29550,29150,29550,591578
2015-07-20,29600,29600,29300,29500,463959
2015-07-21,29500,29550,29200,29400,454744
2015-07-22,29400,29600,29250,29250,525394
2015-07-23,29250,29300,29100,29200,289517
2015-07-24,29250,29300,28950,29100,480632
2015-07-27,29000,29000,28750,28900,612611
2015-07-28,28900,29600,28850,29500,976279
2015-07-29,29400,30350,29400,30100,1849139
2015-07-30,30050,30450,29900,30200,1274316
2015-07-31,30450,30850,30150,30600,2264110
2015-08-03,31050,31500,30900,31000,2197177
2015-08-04,31000,31200,30550,30700,1297022
2015-08-05,30700,31000,30550,30700,932756
2015-08-06,30850,31000,30100,30250,1166089
2015-08-07,30250,30300,29750,29850,1080402
2015-08-10,29850,30000,29650,29900,711985
2015-08-11,30050,30050,29600,29750,635215
2015-08-12,29850,30450,29800,30150,1272581
2015-08-13,30150,30250,29550,29600,1171972
2015-08-17,29750,29950,29550,29800,520049
2015-08-18,29850,29850,29500,29600,609353
2015-08-19,29700,30650,29650,30350,2120566
2015-08-20,30500,30500,29550,29950,1120941
2015-08-21,29300,29650,29200,29400,1246660
2015-08-24,29250,29350,28300,28650,1694123
2015-08-25,28500,28800,28200,28500,1439401
2015-08-26,28500,28950,28300,28950,1094979
2015-08-27,28950,29350,28650,29100,1231489
2015-08-28,29150,29300,28950,29100,944576
2015-08-31,29050,29200,28850,28850,1122312
2015-09-01,28850,29000,28350,28550,1380173
2015-09-02,28400,28900,28350,28750,796631
2015-09-03,28800,29000,28550,29000,731645
2015-09-04,28900,29150,28700,28900,562451
2015-09-07,28950,29000,28550,28600,471354
2015-09-08,28600,29100,28550,29050,470205
2015-09-09,28950,29100,28700,29050,1225282
2015-09-10,29050,29200,28850,29200,811078
2015-09-11,29100,29800,29100,29450,940151
2015-09-14,29400,29500,29050,29300,416686
2015-09-15,29300,29650,29250,29500,484722
2015-09-16,29500,29750,29450,29700,750937
2015-09-17,29800,29900,29600,29850,999298
2015-09-18,29850,29950,29300,29400,1232139
2015-09-21,29400,29400,29150,29200,647331
2015-09-22,29150,29800,29150,29700,799998
2015-09-23,29500,29900,29450,29850,1092293
2015-09-24,30200,30400,29550,29800,1374991
2015-09-25,29750,30100,29550,30000,886392
2015-09-30,30050,30950,29950,30700,2126625
2015-10-01,30700,30750,30400,30450,921398
2015-10-02,30600,30700,29650,29900,1402552
2015-10-05,30050,30150,29800,30150,709610
2015-10-06,30350,30650,30350,30500,929190
2015-10-07,30350,30400,30100,30250,821479
2015-10-08,30300,30500,30150,30500,580964
2015-10-12,30650,30800,30450,30700,1054815
2015-10-13,30650,30950,30600,30650,1577163
2015-10-14,30600,30600,30350,30400,559197
2015-10-15,30400,30450,30150,30300,462267
2015-10-16,30300,30500,30200,30400,474451
2015-10-19,30350,30450,30250,30450,360027
2015-10-20,30300,30500,30300,30500,309649
2015-10-21,30550,30850,30450,30700,619900
2015-10-22,30700,30850,30400,30400,470735
2015-10-23,30650,30850,30550,30600,525196
2015-10-26,30650,31000,30650,30700,623917
2015-10-27,30750,30850,30450,30600,640710
2015-10-28,30600,30600,30250,30400,1847238
2015-10-29,30250,30500,29850,30000,1652142
2015-10-30,30050,30400,29450,29550,1472557
2015-11-02,29700,29750,29050,29050,1339689
2015-11-03,29100,29350,29050,29250,798580
2015-11-04,29200,29550,29100,29350,707301
2015-11-05,29400,29650,29350,29550,638236
2015-11-06,29500,29550,29100,29400,633516
2015-11-09,29200,29350,28800,28900,925927
2015-11-10,28900,29100,28750,28850,657596
2015-11-11,28850,29050,28750,29000,673357
2015-11-12,28950,28950,28750,28750,397966
2015-11-13,28900,29200,28800,28900,717837
2015-11-16,28700,28950,28650,28800,708762
2015-11-17,29000,29100,28800,28900,367290
2015-11-18,29100,29100,28900,29000,367822
2015-11-19,29200,29600,29150,29600,943603
2015-11-20,29550,29700,29400,29650,619742
2015-11-23,29600,29950,29450,29550,698265
2015-11-24,29550,29850,29400,29800,573500
2015-11-25,29800,29800,29450,29550,456944
2015-11-26,29550,29650,29350,29650,607957
2015-11-27,29500,29850,29500,29800,661944
2015-11-30,30950,31350,29950,29950,4679401
2015-12-01,30350,30450,29850,30100,1285432
2015-12-02,30150,30200,29550,29700,799178
2015-12-03,29450,29700,29300,29550,707382
2015-12-04,29500,29550,29350,29550,435842
2015-12-07,29650,29650,29350,29350,327291
2015-12-08,29500,29500,29200,29200,418663
2015-12-09,29200,29250,29050,29200,393217
2015-12-10,29150,29250,28750,28750,1034917
2015-12-11,28800,29300,28800,28950,715947
2015-12-14,28750,29050,28700,29050,466956
2015-12-15,29050,29100,28800,29050,476018
2015-12-16,29150,29350,29050,29350,445475
2015-12-17,29300,29400,28900,29050,493925
2015-12-18,29050,29100,28750,28850,637310
2015-12-21,28800,29100,28800,28850,405043
2015-12-22,28850,29000,28750,28850,652762
2015-12-23,29050,29100,28900,28950,501816
2015-12-24,29100,29100,28850,28900,670040
2015-12-28,28950,29000,28650,28650,1004629
2015-12-29,28500,28600,28300,28350,876456
2015-12-30,28400,28450,28200,28250,708755
2016-01-04,28050,28250,27900,28000,782252
2016-01-05,27900,28350,27850,28200,544914
2016-01-06,28400,28500,27950,28100,692434
2016-01-07,28100,28100,27600,27750,743159
2016-01-08,27500,27800,27450,27750,702618
2016-01-11,27600,27750,27450,27600,419012
2016-01-12,27700,27800,27500,27500,301460
2016-01-13,27550,27750,27550,27650,616692
2016-01-14,27450,27600,27350,27350,609172
2016-01-15,27500,27650,27000,27150,716424
2016-01-18,27050,27300,27000,27300,543564
2016-01-19,27250,27400,27000,27000,577594
2016-01-20,26850,27100,26050,26350,1145486
2016-01-21,26200,26550,26200,26500,471697
2016-01-22,26600,26700,26350,26450,486044
2016-01-25,26600,26950,26550,26800,364963
2016-01-26,26800,27100,26750,26800,428758
2016-01-27,27050,27200,26700,27000,818356
2016-01-28,26650,27050,26650,26900,627658
2016-01-29,27150,27550,27050,27250,1452003
2016-02-01,28050,28500,27750,27750,1511284
2016-02-02,27750,28450,27700,28200,1459401
2016-02-03,28150,28400,27800,28200,796809
2016-02-04,28200,28350,27950,28200,525623
2016-02-05,28200,28300,27900,28250,335478
2016-02-11,27750,28150,27600,28150,526680
2016-02-12,27850,28100,27500,27850,793601
2016-02-15,27900,28200,27800,28150,398996
2016-02-16,28200,28450,28150,28400,560312
2016-02-17,28450,28650,28350,28500,1214487
2016-02-18,28650,28700,28500,28550,455604
2016-02-19,28550,28800,28450,28600,337569
2016-02-22,28650,28750,28550,28700,406092
2016-02-23,28700,29000,28600,28850,535301
2016-02-24,28800,28950,28700,28750,279106
2016-02-25,28750,28900,28650,28750,239187
2016-02-26,28800,29200,28650,29050,815220
2016-02-29,29000,29300,28750,28900,572064
2016-03-02,29100,29150,28850,28900,590612
2016-03-03,28950,29000,28550,28700,535157
2016-03-04,28700,28750,28550,28600,519953
2016-03-07,28600,28800,28250,28500,985138
2016-03-08,28400,28700,28400,28500,545912
2016-03-09,28500,28950,28500,28750,361004
2016-03-10,28800,28850,28500,28500,1268969
2016-03-11,28650,29100,28600,28850,605631
2016-03-14,29000,29050,28900,29000,448837
2016-03-15,28950,29050,28700,28800,225963
2016-03-16,28850,28950,28800,28850,279032
2016-03-17,28850,28950,28750,28950,345620
2016-03-18,28900,29000,28700,28750,446356
2016-03-21,28850,29000,28700,28800,448194
2016-03-22,28950,29000,28700,28700,564324
2016-03-23,28900,29250,28850,29100,734983
2016-03-24,29200,29500,29200,29200,498495
2016-03-25,29400,29500,29350,29450,682777
2016-03-28,29500,29650,29350,29450,402792
2016-03-29,29450,29600,29350,29600,584363
2016-03-30,29700,29900,29450,29750,583495
2016-03-31,29850,30000,29800,29800,700632
2016-04-01,29900,29950,29650,29650,492168
2016-04-04,29650,29800,29250,29700,649116
2016-04-05,29750,30150,29600,30000,644102
2016-04-06,29950,30250,29900,30100,588429
2016-04-07,30150,30400,29950,30200,525597
2016-04-08,30100,30700,30050,30450,756365
2016-04-11,30450,30800,30450,30600,501818
2016-04-12,30600,30800,30450,30500,452161
2016-04-14,30400,30950,30350,30950,736770
2016-04-15,30750,31000,30750,30800,595795
2016-04-18,30700,30850,30450,30650,353964
2016-04-19,30500,30600,30350,30450,453039
2016-04-20,30400,30650,30400,30500,529342
2016-04-21,30550,30700,30300,30500,560648
2016-04-22,30350,30500,30150,30300,435178
2016-04-25,30150,30450,30100,30200,397460
2016-04-26,30200,30350,30050,30200,532562
2016-04-27,30250,30900,30200,30650,728615
2016-04-28,30750,30900,30700,30700,570971
2016-04-29,30850,30900,30550,30550,519775
2016-05-02,30650,30900,30600,30800,660173
2016-05-03,31000,31850,30900,31650,1341134
2016-05-04,31550,32000,31550,31650,1176328
2016-05-09,31550,32150,31450,31850,966535
2016-05-10,31800,32100,31800,31850,561686
2016-05-11,32050,32050,31550,31700,411182
2016-05-12,31600,31950,31350,31350,885305
2016-05-13,31450,31700,31350,31350,540835
2016-05-16,31400,31950,31400,31800,493991
2016-05-17,31800,32000,31700,31900,403428
2016-05-18,31850,31900,31550,31900,402633
2016-05-19,31700,31950,31300,31450,500164
2016-05-20,31300,31600,31250,31550,344293
2016-05-23,31550,32300,31550,32100,724256
2016-05-24,32050,32450,32000,32100,701635
2016-05-25,32150,32450,31900,32100,427969
2016-05-26,32000,32250,31750,31950,460606
2016-05-27,31850,32400,31600,32100,772558
2016-05-30,31850,32550,31850,32550,617268
2016-05-31,32400,32800,32100,32100,701691
2016-06-01,32300,32400,31600,31950,742107
2016-06-02,31650,31950,30700,31100,1231707
2016-06-03,31100,31500,31100,31300,499737
2016-06-07,31300,31450,30800,30900,543258
2016-06-08,30750,30900,30550,30900,839594
2016-06-09,30750,31400,30650,31100,1162838
2016-06-10,30800,31000,29900,30300,1868648
2016-06-13,30000,30400,29600,29950,1523989
2016-06-14,30200,30550,29900,30250,846266
2016-06-15,30300,30600,30100,30150,424107
2016-06-16,30150,30250,29500,29750,753125
2016-06-17,29750,30050,29650,29650,558971
2016-06-20,29900,29900,29600,29900,442065
2016-06-21,29850,30000,29650,29850,349969
2016-06-22,29800,29900,29700,29800,315146
2016-06-23,29800,29900,29650,29800,255158
2016-06-24,29800,29950,28900,29150,943218
2016-06-27,28900,29500,28800,29450,608516
2016-06-28,29250,30100,29250,29850,742089
2016-06-29,29800,30500,29750,30400,474708
2016-06-30,30350,30450,29650,29650,625480
2016-07-01,29700,30300,29650,29850,420474
2016-07-04,29950,30200,29900,30050,171124
2016-07-05,30100,30600,29950,30200,390358
2016-07-06,30350,30550,30100,30200,268097
2016-07-07,30400,30550,30250,30400,222355
2016-07-08,30300,30700,30200,30650,2022886
2016-07-11,30850,30950,30600,30850,1014801
2016-07-12,30800,31000,30600,30700,348267
2016-07-13,30700,30900,30400,30700,394483
2016-07-14,30700,30750,30250,30250,478611
2016-07-15,30350,30700,30300,30400,287346
2016-07-18,30300,30550,30200,30300,332063
2016-07-19,30400,30400,30000,30000,301780
2016-07-20,30000,30650,29800,30450,428933
2016-07-21,30350,30800,30300,30750,507723
2016-07-22,30700,30900,30550,30850,371640
2016-07-25,30950,31700,30850,31400,792885
2016-07-26,31400,31800,31300,31750,424084
2016-07-27,31800,31950,31600,31750,324767
2016-07-28,31750,31800,31500,31500,399140
2016-07-29,31700,32100,31550,31750,1098071
2016-08-01,32200,32650,32000,32600,855499
2016-08-02,32450,32800,32200,32600,655392
2016-08-03,32350,32950,31950,32750,883260
2016-08-04,32650,32850,32400,32700,508990
2016-08-05,32550,32800,32300,32300,309475
2016-08-08,32300,32500,32100,32150,255448
2016-08-09,32100,32250,31850,32000,312333
2016-08-10,31900,32150,31850,31850,277015
2016-08-11,31950,32650,31900,32350,641805
2016-08-12,32450,32750,32400,32450,288873
2016-08-16,32700,32700,32400,32550,309775
2016-08-17,32450,32800,32400,32650,372811
2016-08-18,32700,32800,32400,32600,347725
2016-08-19,32400,32600,32050,32100,361710
2016-08-22,32000,32100,31200,31300,623582
2016-08-23,31300,31750,31300,31450,447137
2016-08-24,31400,31600,31200,31400,915584
2016-08-25,31500,32300,31200,31950,421124
2016-08-26,31600,32300,31600,32300,316218
2016-08-29,32050,32300,31900,31950,286657
2016-08-30,32000,32200,31700,31950,369026
2016-08-31,31850,32000,31500,31600,386612
2016-09-01,31550,32000,31400,31850,390995
2016-09-02,31850,32100,31450,31650,434848
2016-09-05,31950,32500,31850,32400,442278
2016-09-06,32250,32450,32150,32150,275000
2016-09-07,32150,32350,32100,32300,215809
2016-09-08,32200,32450,31850,31850,646723
2016-09-09,32000,32000,31550,31900,353375
2016-09-12,31750,31850,31400,31850,345961
2016-09-13,31850,31850,31350,31400,603960
2016-09-19,31100,31500,30950,31250,443626
2016-09-20,31050,31150,30850,30900,309660
2016-09-21,30800,31050,30600,30850,416320
2016-09-22,31050,31350,31050,31150,318479
2016-09-23,31450,31600,31300,31400,263469
2016-09-26,31600,31600,31100,31450,290569
2016-09-27,31400,31900,31350,31800,356345
2016-09-28,31700,32000,31700,31950,263981
2016-09-29,31950,32050,31650,31900,256108
2016-09-30,31800,32200,31650,31900,413165
2016-10-04,31900,32250,31800,32150,362684
2016-10-05,32100,32150,31750,32050,247741
2016-10-06,31800,31950,31550,31800,376234
2016-10-07,31800,31800,31400,31400,318042
2016-10-10,31650,31800,31050,31200,463696
2016-10-11,31600,31600,31100,31550,397328
2016-10-12,31600,32000,31500,31900,401087
2016-10-13,31750,31800,31300,31600,420448
2016-10-14,31550,31800,31350,31550,274313
2016-10-17,31750,31750,31350,31550,269934
2016-10-18,31400,31900,31350,31700,443859
2016-10-19,31600,31900,31450,31850,300309
2016-10-20,31700,31900,31500,31750,182825
2016-10-21,31700,32050,31550,31850,463234
2016-10-24,31900,32400,31900,32200,457280
2016-10-25,32300,32500,32150,32300,415029
2016-10-26,32200,32250,31650,32050,429503
2016-10-27,32000,32500,31850,32250,293717
2016-10-28,32250,32400,32000,32250,245832
2016-10-31,32250,32500,32100,32300,425069
2016-11-01,32400,33000,32250,33000,854019
2016-11-02,32850,33100,32800,32900,778202
2016-11-03,32900,33600,32800,33250,828012
2016-11-04,33300,33300,32700,33000,364660
2016-11-07,33300,33300,32350,32350,482795
2016-11-08,32400,32500,31600,31900,781000
2016-11-09,31900,31950,31000,31650,859556
2016-11-10,31750,32250,31550,32250,587799
2016-11-11,32200,32200,31500,31650,689844
2016-11-14,31650,31800,31050,31400,669926
2016-11-15,31550,31550,31200,31500,423619
2016-11-16,31500,31500,30950,31000,574067
2016-11-17,30900,31100,30750,30850,606698
2016-11-18,30850,30900,30650,30700,424384
2016-11-21,30800,30900,30500,30650,284192
2016-11-22,30650,31000,30550,30800,1113206
2016-11-23,30750,31250,30700,30800,598739
2016-11-24,30700,30800,30000,30100,771367
2016-11-25,30000,30100,29750,30100,432230
2016-11-28,30050,30100,29800,29800,422086
2016-11-29,29700,30300,29700,30200,359083
2016-11-30,30200,30250,29800,29850,628606
2016-12-01,29900,30100,29750,29850,519211
2016-12-02,29800,29900,29400,29550,517773
2016-12-05,29500,29550,29200,29500,356830
2016-12-06,29650,29700,29450,29500,377930
2016-12-07,29650,29850,29500,29600,257559
2016-12-08,29750,30250,29600,30250,642118
2016-12-09,30000,30100,29800,29900,401580
2016-12-12,30050,30250,29850,29850,388466
2016-12-13,30050,30100,29750,29750,418177
2016-12-14,29900,30000,29750,29800,335021
2016-12-15,29800,30150,29800,30050,308340
2016-12-16,30050,30100,29900,29950,675644
2016-12-19,30000,30100,29900,29900,274318
2016-12-20,30000,30400,29900,30350,420614
2016-12-21,30300,30400,29950,30100,479871
2016-12-22,30100,30200,29950,30150,270600
2016-12-23,30050,30400,30000,30250,346657
2016-12-26,30250,30350,30150,30250,289098
2016-12-27,30200,30300,30150,30200,544322
2016-12-28,29800,29850,29600,29600,453869
2016-12-29,29750,29750,29400,29400,372667
2017-01-02,29400,29750,29400,29650,249327
2017-01-03,29600,29700,29250,29300,530250
2017-01-04,29350,29450,29150,29300,509171
2017-01-05,29300,29450,29150,29200,491539
2017-01-06,29200,29400,29150,29150,466573
2017-01-09,29150,29300,29100,29200,469877
2017-01-10,29100,29200,29000,29000,475804
2017-01-11,29050,29200,29000,29000,530085
2017-01-12,29150,29350,29050,29250,563658
2017-01-13,29200,29500,29200,29500,309658
2017-01-16,29500,29600,29350,29450,408568
2017-01-17,29550,29650,29350,29450,285894
2017-01-18,29500,29550,29250,29250,346459
2017-01-19,29200,29400,29050,29050,292679
2017-01-20,29200,29350,29100,29250,238977
2017-01-23,29300,29400,29050,29050,229533
2017-01-24,29100,29300,29100,29300,275433
2017-01-25,29350,29350,28850,28900,480805
2017-01-26,29000,29150,28900,28950,364792
2017-01-31,29200,29450,29200,29400,557378
2017-02-01,29700,29750,29400,29450,439337
2017-02-02,29500,29700,29150,29250,798864
2017-02-03,29300,29400,29050,29200,331607
2017-02-06,29450,29700,29350,29600,414560
2017-02-07,29600,30250,29500,30250,732559
2017-02-08,30300,30600,30100,30350,862841
2017-02-09,30500,30700,30300,30600,873237
2017-02-10,30650,30650,30150,30200,1104977
2017-02-13,30400,30600,30200,30600,623623
2017-02-14,30650,30750,30500,30650,307251
2017-02-15,30600,30700,30250,30250,510723
2017-02-16,30350,30450,29900,29950,386675
2017-02-17,30000,30200,29850,30100,418535
2017-02-20,30050,30500,30000,30350,445728
2017-02-21,30350,30450,30050,30250,501294
2017-02-22,30250,30550,30250,30350,487986
2017-02-23,30500,30650,30300,30450,504675
2017-02-24,30500,30550,30200,30450,361896
2017-02-27,30500,30550,30300,30450,255416
2017-02-28,30550,30550,30350,30450,393106
2017-03-02,30600,31100,30550,30750,895175
2017-03-03,30900,31100,30750,31050,750891
2017-03-06,31200,31300,30700,30950,409355
2017-03-07,30900,30950,30750,30750,331168
2017-03-08,30800,31900,30750,31600,1319942
2017-03-09,32000,32300,31800,31800,1080742
2017-03-10,31950,32200,31700,32200,777114
2017-03-13,32100,32300,31850,31850,496153
2017-03-14,31850,32100,31500,31600,549545
2017-03-15,31750,32900,31600,32700,1358350
2017-03-16,32700,32900,32450,32650,745612
2017-03-17,32500,32800,32050,32050,1159490
2017-03-20,32100,32650,32000,32400,407215
2017-03-21,32600,32900,32500,32550,663521
2017-03-22,32550,33000,32500,32800,610424
2017-03-23,32900,33550,32650,33250,1229911
2017-03-24,33350,33500,33100,33250,606976
2017-03-27,33150,33400,32850,33100,465838
2017-03-28,33100,33250,32100,32450,847580
2017-03-29,32550,32550,31750,31900,900909
2017-03-30,32000,32250,31700,32050,396397
2017-03-31,32100,32100,31750,31900,354394
2017-04-03,31950,32750,31900,32700,611505
2017-04-04,32600,33100,32450,32450,692394
2017-04-05,32500,32600,32200,32300,440333
2017-04-06,32200,32650,32100,32600,285703
2017-04-07,32650,32950,32600,32700,376273
2017-04-10,32750,32750,32050,32250,508089
2017-04-11,32200,32500,31250,31600,1131925
2017-04-12,31350,31450,30950,31150,656027
2017-04-13,31200,31550,31200,31400,635184
2017-04-14,31400,31500,31200,31400,210257
2017-04-17,31400,31750,31400,31700,221960
2017-04-18,31850,32000,31750,31750,370235
2017-04-19,31700,32000,31650,32000,507536
2017-04-20,31800,31950,31500,31600,505617
2017-04-21,31650,31750,31350,31450,480668
2017-04-24,31400,31850,31400,31650,275023
2017-04-25,31650,31750,31450,31450,535834
2017-04-26,31600,31650,31150,31200,638521
2017-04-27,31300,31500,31100,31300,532551
2017-04-28,31100,32750,31100,32200,1497180
2017-05-02,32450,32750,32350,32450,895284
2017-05-04,32200,32400,31900,32000,550324
2017-05-08,32000,32100,31550,31950,719348
2017-05-10,31800,32400,31750,32000,656025
2017-05-11,32000,32150,31000,31350,1517882
2017-05-12,31200,31450,31100,31300,459561
2017-05-15,31300,31500,31000,31050,572793
2017-05-16,31150,31300,31000,31050,584427
2017-05-17,31050,31200,30850,31150,421619
2017-05-18,30900,31350,30800,31100,387607
2017-05-19,31350,31700,31350,31700,641977
2017-05-22,31650,31750,31350,31750,410047
2017-05-23,31550,31650,31400,31500,504900
2017-05-24,31500,31800,31500,31800,500826
2017-05-25,31850,32500,31850,32300,747259
2017-05-26,32400,32750,32250,32450,745502
2017-05-29,32550,32650,32150,32250,397736
2017-05-30,32350,32600,32150,32350,337973
2017-05-31,32250,32550,32200,32550,754402
2017-06-01,32450,32600,32300,32300,317997
2017-06-02,32200,32650,32150,32350,614342
2017-06-05,32450,32650,32250,32250,301458
2017-06-07,32000,32200,31900,32000,839720
2017-06-08,31950,32000,31650,31650,954860
2017-06-09,31850,32150,31700,31850,652302
2017-06-12,31700,31750,31350,31700,536495
2017-06-13,31700,32200,31650,32200,505940
2017-06-14,32050,32100,31650,31650,488364
2017-06-15,31600,32150,31500,31650,406306
2017-06-16,31700,32150,31600,31600,869720
2017-06-19,31650,31900,31600,31700,328118
2017-06-20,31800,32200,31700,32050,514885
2017-06-21,32150,32600,32150,32200,743330
2017-06-22,32100,32900,32050,32800,1133629
2017-06-23,32150,32500,31750,32100,739344
2017-06-26,32000,32100,31750,31800,319690
2017-06-27,31800,32450,31700,32150,499654
2017-06-28,32300,32900,32200,32650,697685
2017-06-29,32800,32900,32300,32450,390453
2017-06-30,32350,32800,32350,32600,496945
2017-07-03,32850,34050,32800,34000,1940688
2017-07-04,34250,34350,33550,33750,871134
2017-07-05,33750,33950,33350,33550,700402
2017-07-06,33450,33550,32850,33200,795769
2017-07-07,33050,33650,32900,33300,519436
2017-07-10,33200,33300,32800,33100,417033
2017-07-11,33100,33700,32900,32900,566550
2017-07-12,32750,32900,32350,32450,632827
2017-07-13,32700,33050,32450,32500,840695
2017-07-14,32650,33000,32550,33000,456886
2017-07-17,33150,33450,32850,33050,431894
2017-07-18,33150,33350,32950,33100,435516
2017-07-19,33150,33200,32650,33150,365541
2017-07-20,33400,33600,33100,33250,526637
2017-07-21,33250,34100,33200,34000,873885
2017-07-24,34100,34900,34100,34850,1094866
2017-07-25,34850,34950,34550,34850,627124
2017-07-26,34850,34900,34300,34400,446055
2017-07-27,34650,35150,34550,34800,611725
2017-07-28,35000,35200,34750,34800,1139432
2017-07-31,34800,35150,34500,34800,621141
2017-08-01,34900,35550,34800,35150,859452
2017-08-02,35150,35550,34900,35400,586920
2017-08-03,35400,35500,34500,35000,794932
2017-08-04,34800,35000,34350,34750,431399
2017-08-07,34650,34750,34250,34300,349400
2017-08-08,34200,34300,33800,34150,625591
2017-08-09,33850,34300,33850,33850,364541
2017-08-10,33650,33850,32950,32950,1056910
2017-08-11,32700,33050,32300,33050,893609
2017-08-14,33000,33350,32800,32900,338852
2017-08-16,32950,33150,32600,32650,408058
2017-08-17,32650,32950,32400,32950,514061
2017-08-18,32600,32700,32400,32450,483167
2017-08-21,32400,32450,32050,32100,405506
2017-08-22,32100,32700,32100,32650,402353
2017-08-23,32500,32700,32150,32150,324169
2017-08-24,32150,32400,31550,31800,682027
2017-08-25,32000,32700,31600,32600,544729
2017-08-28,32450,32700,32350,32500,324389
2017-08-29,32350,32800,32100,32150,421524
2017-08-30,32400,32400,31800,31850,733787
2017-08-31,31850,32000,31150,31200,798318
2017-09-01,31250,31550,30800,31150,627495
2017-09-04,30800,31050,30000,30050,2811927
2017-09-05,30100,30400,29800,30350,921229
2017-09-06,30300,30300,29950,30050,818958
2017-09-07,30000,30350,29850,30250,777074
2017-09-08,30200,30200,29900,29950,618742
2017-09-11,29900,30250,29650,30200,603292
2017-09-12,30200,30300,30000,30000,430411
2017-09-13,30000,30350,29800,30000,536544
2017-09-14,30000,30000,29000,29100,2347596
2017-09-15,29150,29500,29000,29400,1811450
2017-09-18,29500,29550,29100,29200,850283
2017-09-19,29100,29200,28950,29100,929407
2017-09-20,29100,29250,29000,29100,779754
2017-09-21,29050,29450,29050,29150,847437
2017-09-22,29200,29350,29100,29200,1133951
2017-09-25,29250,29350,28800,28800,638318
2017-09-26,28800,29000,28650,28700,722658
2017-09-27,28800,29450,28700,29050,917155
2017-09-28,29200,29300,29050,29250,432386
2017-09-29,29350,29400,29050,29150,555247
2017-10-10,29150,29200,28900,28900,898817
2017-10-11,28900,29100,28850,28950,445736
2017-10-12,29000,29400,29000,29000,1585615
2017-10-13,29100,30100,29100,29950,966097
2017-10-16,30150,30850,30050,30600,1195745
2017-10-17,30550,30550,30150,30250,476789
2017-10-18,30150,30250,29800,29900,510495
2017-10-19,29950,30200,29800,29850,474609
2017-10-20,29800,30000,29800,29950,546608
2017-10-23,29950,30000,29650,29700,497904
2017-10-24,29750,29950,29650,29950,240615
2017-10-25,29800,29950,29600,29600,586427
2017-10-26,29650,29800,29350,29500,649120
2017-10-27,29500,29650,29450,29550,393144
2017-10-30,29600,29650,29150,29250,642484
2017-10-31,29350,29350,29050,29350,864498
2017-11-01,29100,29350,29100,29350,688392
2017-11-02,29350,29450,29250,29400,596507
2017-11-03,29450,29650,29400,29600,475042
2017-11-06,29650,29700,29350,29450,603796
2017-11-07,29450,29550,29350,29400,482274
2017-11-08,29400,29500,29100,29300,755472
2017-11-09,29300,29400,29100,29250,785487
2017-11-10,29250,29500,29200,29300,466477
2017-11-13,29300,29350,29100,29150,609269
2017-11-14,29150,29200,29050,29100,582848
2017-11-15,29100,29500,29000,29400,544788
2017-11-16,29450,29500,29200,29250,358627
2017-11-17,29200,29400,29150,29300,431855
2017-11-20,29250,29350,29150,29150,349802
2017-11-21,29200,29450,29200,29400,434660
2017-11-22,29350,29950,29300,29950,923910
2017-11-23,30100,30200,29800,29950,740086
2017-11-24,30100,30300,29950,30100,623626
2017-11-27,30350,30400,29950,30000,467446
2017-11-28,30000,30100,29800,29800,439170
2017-11-29,29950,30150,29900,29950,391842
2017-11-30,30200,30750,30150,30450,1369830
2017-12-01,30550,30750,30250,30350,551467
2017-12-04,30500,30750,30350,30650,619752
2017-12-05,30650,31250,30650,31150,1097993
2017-12-06,31150,31300,30800,30900,698873
2017-12-07,31000,31300,30750,31050,870530
2017-12-08,31050,31150,30100,30250,1207809
2017-12-11,30200,30750,30150,30750,416920
2017-12-12,30650,30700,30250,30600,454737
2017-12-13,30550,31050,30450,30900,583609
2017-12-14,31000,31100,30600,30600,1210431
2017-12-15,30800,31300,30700,31300,885738
2017-12-18,31400,31500,30950,31200,566179
2017-12-19,31100,31350,30700,30700,442921
2017-12-20,30650,31250,30500,31200,513371
2017-12-21,31200,31250,30900,31100,437197
2017-12-22,31150,31200,30900,31050,571414
2017-12-26,31050,31250,31050,31200,988630
2017-12-27,30600,30600,30250,30450,693064
2017-12-28,30400,30450,30150,30250,482886
2018-01-02,30250,30300,29950,30050,395012
2018-01-03,29900,30000,29750,29750,641681
2018-01-04,29750,29900,29500,29500,812804
2018-01-05,29650,30050,29600,29900,329925
2018-01-08,29900,30150,29700,29750,510458
2018-01-09,29800,30550,29700,30400,1015251
2018-01-10,30400,30500,30200,30200,675430
2018-01-11,30350,30400,30000,30000,622991
2018-01-12,30050,30100,29800,29800,510125
2018-01-15,29800,29900,29550,29800,501742
2018-01-16,29800,29850,29600,29650,642000
2018-01-17,29600,29950,29600,29800,595830
2018-01-18,29900,30200,29900,30000,1161757
2018-01-19,30100,30350,29850,30150,585314
2018-01-22,30200,30350,29900,30000,543262
2018-01-23,30000,30350,29950,30050,487943
2018-01-24,30050,30200,30000,30100,450216
2018-01-25,30050,30100,29850,29900,811983
2018-01-26,29850,30100,29750,29950,743365
2018-01-29,30050,30250,29950,29950,804416
2018-01-30,30050,30150,29900,29900,788517
2018-01-31,29900,29900,29550,29650,1522403
2018-02-01,29650,29700,29400,29550,722043
2018-02-02,29550,29600,29400,29450,515541
2018-02-05,29450,29800,29300,29450,728932
2018-02-06,29200,29300,28750,28900,1965078
2018-02-07,29000,29100,28550,28550,1752627
2018-02-08,28550,28700,28300,28300,1818730
2018-02-09,28100,28150,27800,27900,1971779
2018-02-12,28100,28100,27350,27450,2895978
2018-02-13,27500,27800,27450,27500,893517
2018-02-14,27650,28100,27600,27650,660680
2018-02-19,28050,28400,27900,28400,567132
2018-02-20,28400,28450,28050,28050,349949
2018-02-21,28100,28400,28000,28150,410060
2018-02-22,28200,28300,27900,28300,582791
2018-02-23,28350,28400,28100,28200,427320
2018-02-26,28300,28350,28000,28250,548076
2018-02-27,28200,28300,28050,28150,374030
2018-02-28,28100,28100,27850,27900,700989
2018-03-02,27800,27850,27550,27700,528538
2018-03-05,27700,27950,27600,27700,408231
2018-03-06,27800,27900,27550,27650,705543
2018-03-07,27600,27750,27400,27450,694099
2018-03-08,27450,27700,27350,27700,939615
2018-03-09,27650,27950,27550,27700,601599
2018-03-12,27850,27950,27650,27700,610631
2018-03-13,27650,27650,27450,27450,660632
2018-03-14,27400,27800,27400,27750,566995
2018-03-15,27650,27900,27550,27750,432604
2018-03-16,27750,27900,27600,27850,413403
2018-03-19,27850,27950,27650,27800,382359
2018-03-20,27700,27800,27500,27550,471525
2018-03-21,27500,27650,27400,27500,657964
2018-03-22,27450,27600,27350,27350,439803
2018-03-23,27300,27350,27000,27050,719814
2018-03-26,27050,27100,26850,26950,438046
2018-03-27,27050,27500,27000,27250,393592
2018-03-28,27250,27450,27000,27150,494225
2018-03-29,27150,27350,27000,27350,394380
2018-03-30,27450,27550,27350,27550,250048
2018-04-02,27550,27700,27250,27400,340323
2018-04-03,27250,27750,27200,27500,526669
2018-04-04,27500,27900,27400,27700,685151
2018-04-05,27700,27850,27350,27600,420159
2018-04-06,27500,27750,27400,27600,392294
2018-04-09,27600,27800,27400,27650,345714
2018-04-10,27550,27850,27500,27650,339679
2018-04-11,27500,27950,27500,27700,588766
2018-04-12,27700,27750,27500,27500,538204
2018-04-13,27200,27250,26650,26700,1141054
2018-04-16,26600,27100,26550,26850,374974
2018-04-17,26900,27150,26850,27150,387887
2018-04-18,27000,27200,26850,27150,585931
2018-04-19,27000,27150,26850,26850,585842
2018-04-20,26850,27100,26800,26950,476656
2018-04-23,27000,27400,26950,27150,503744
2018-04-24,27300,27450,27200,27250,395617
2018-04-25,27250,27400,27100,27200,417635
2018-04-26,27150,27250,27050,27050,363510
2018-04-27,27050,27300,27000,27050,649388
2018-04-30,27100,27300,27050,27250,635282
2018-05-02,27300,27450,27150,27350,464056
2018-05-03,27350,27900,27200,27800,764257
2018-05-04,27900,27950,27600,27700,570252
2018-05-08,27700,27750,27350,27350,553604
2018-05-09,27350,27550,27200,27500,380991
2018-05-10,27400,27500,27200,27200,937683
2018-05-11,27400,27500,27250,27450,782380
2018-05-14,27250,27450,27200,27300,460097
2018-05-15,27300,27450,27250,27250,341225
2018-05-16,27200,27400,27150,27200,365621
2018-05-17,27200,27400,27100,27400,416772
2018-05-18,27250,27550,27250,27350,270629
2018-05-21,27350,27500,27300,27350,231379
2018-05-23,27300,27350,27200,27250,390754
2018-05-24,27250,27350,27150,27200,224082
2018-05-25,27150,27300,27100,27150,331121
2018-05-28,27200,27350,27200,27250,271895
2018-05-29,27250,27300,27150,27200,252349
2018-05-30,27200,27250,26950,27050,561031
2018-05-31,27050,27200,26950,27000,539112
2018-06-01,27150,27150,26900,27000,252463
2018-06-04,27050,27300,27000,27200,233925
2018-06-05,27200,27350,27100,27350,271199
2018-06-07,27300,27650,27300,27650,556916
2018-06-08,27650,28000,27600,27850,837359
2018-06-11,27950,28400,27900,28350,1245059
2018-06-12,28350,28500,28200,28350,643163
2018-06-14,28450,28500,28100,28100,1100357
2018-06-15,28200,28350,28050,28300,482811
2018-06-18,28300,28850,28150,28550,1227527
2018-06-19,28400,28450,27800,28100,645807
2018-06-20,28100,28300,27800,28150,480497
2018-06-21,28050,28200,27750,27950,894315
2018-06-22,27600,27950,27550,27700,408003
2018-06-25,27700,27950,27500,27950,351053
2018-06-26,27850,28000,27650,27700,313195
2018-06-27,27700,27950,27650,27700,353470
2018-06-28,27850,27900,27450,27700,314293
2018-06-29,27800,27850,27400,27400,357125
2018-07-02,27400,27450,27000,27000,493674
2018-07-03,27050,27150,26800,26900,544289
2018-07-04,26750,27000,26700,26900,590901
2018-07-05,26850,27050,26850,27050,299110
2018-07-06,27000,27550,26900,27550,323349
2018-07-09,27350,27700,27300,27700,303053
2018-07-10,27600,27900,27600,27750,345056
2018-07-11,27550,27900,27550,27900,345712
2018-07-12,27900,27950,27450,27450,482214
2018-07-13,27550,27950,27550,27700,452436
2018-07-16,27750,27950,27750,27900,343266
2018-07-17,27950,28150,27800,28150,374759
2018-07-18,28100,28200,27750,27750,433854
2018-07-19,27800,27900,27250,27450,506962
2018-07-20,27400,27750,27400,27500,323234
2018-07-23,27700,28000,27500,27900,415782
2018-07-24,27850,28000,27750,28000,459025
2018-07-25,28100,28350,28000,28250,438030
2018-07-26,28200,28250,27900,27900,563747
2018-07-27,28100,28250,27850,28150,426376
2018-07-30,28050,28350,28050,28050,390664
2018-07-31,28200,28650,28150,28500,658503
2018-08-01,28600,28700,28200,28350,337680
2018-08-02,28550,28900,28500,28800,1144037
2018-08-03,28950,29300,28850,29250,1126285
2018-08-06,29250,29650,29250,29600,1654504
2018-08-07,29400,29500,28600,28750,989660
2018-08-08,28600,28900,28550,28700,358641
2018-08-09,28800,29300,28750,29000,914128
2018-08-10,29000,29150,28700,28950,531654
2018-08-13,28800,28950,28300,28400,1140996
2018-08-14,28500,28800,28450,28700,433212
2018-08-16,28750,29250,28650,28950,834198
2018-08-17,29000,29100,28700,28750,488225
2018-08-20,28800,28850,28500,28650,397255
2018-08-21,28650,28700,28150,28350,561118
2018-08-22,28250,28300,28100,28150,417256
2018-08-23,28300,28500,28150,28350,416635
2018-08-24,28250,28800,28250,28800,489343
2018-08-27,28850,28950,28550,28800,308603
2018-08-28,28650,29000,28600,28950,341081
2018-08-29,28900,29100,28900,28950,336054
2018-08-30,29000,29050,28650,28850,341350
2018-08-31,28800,29000,28500,28900,381934
2018-09-03,28800,28950,28650,28900,313980
2018-09-04,28750,28950,28700,28700,314532
2018-09-05,28750,29100,28550,28900,386794
2018-09-06,28900,29050,28800,29000,302532
2018-09-07,29100,29100,28900,28950,423346
2018-09-10,28700,29050,28400,28450,736159
2018-09-11,28400,28700,28350,28650,470026
2018-09-12,28650,29150,28600,29150,660844
2018-09-13,29000,29200,28850,28850,992660
2018-09-14,28950,29500,28950,29150,793788
2018-09-17,29150,29800,29050,29700,961958
2018-09-18,29550,29900,29550,29900,687157
2018-09-19,29900,29900,29500,29600,694889
2018-09-20,29450,29850,29450,29700,734073
2018-09-21,29800,29850,29200,29200,867531
2018-09-27,29250,30000,29200,29950,875547
2018-09-28,30000,30400,29900,30150,903620
2018-10-01,30100,30350,29850,30050,964525
2018-10-02,29850,29950,29500,29500,636483
2018-10-04,29700,30050,29650,29800,1506079
2018-10-05,29800,30000,29350,30000,880002
2018-10-08,29900,29900,29550,29900,323617
2018-10-10,29850,30150,29800,30000,693692
2018-10-11,29500,29750,28700,29000,1588800
2018-10-12,28900,29000,28600,28800,728575
2018-10-15,28750,29100,28550,29050,352496
2018-10-16,29250,29350,29050,29250,682241
2018-10-17,29300,29500,29150,29500,493212
2018-10-18,29350,29950,29250,29900,480505
2018-10-19,29800,30000,29550,29900,351349
2018-10-22,29750,30250,29750,30250,616588
2018-10-23,30000,30200,29650,29800,381734
2018-10-24,30000,30000,29650,29900,535205
2018-10-25,29600,29900,29500,29850,808015
2018-10-26,29650,29900,29000,29400,600933
2018-10-29,29250,29500,29150,29350,580868
2018-10-30,29200,29350,28400,28550,847025
2018-10-31,28500,28950,28250,28600,503322
2018-11-01,28650,29050,28650,28650,436059
2018-11-02,28550,29000,28550,28800,446184
2018-11-05,28750,29400,28750,29200,634379
2018-11-06,29350,29400,28950,29050,326593
2018-11-07,29000,29850,29000,29700,906924
2018-11-08,29700,29950,29550,29550,818805
2018-11-09,29550,29750,29450,29600,326779
2018-11-12,29600,29700,29350,29700,334064
2018-11-13,29650,30000,29500,29650,619350
2018-11-14,29700,29950,29700,29950,329412
2018-11-15,29900,29950,29600,29900,282842
2018-11-16,29800,30100,29800,29950,463028
2018-11-19,29850,30100,29600,29600,404830
2018-11-20,29800,30450,29650,30350,1008955
2018-11-21,30300,30550,30200,30550,417723
2018-11-22,30400,30800,30300,30550,462735
2018-11-23,30650,30700,30100,30200,302961
2018-11-26,29400,29750,29250,29650,1085108
2018-11-27,29600,29850,29400,29700,544971
2018-11-28,29750,30300,29700,30300,547394
2018-11-29,30300,30350,29850,29950,613073
2018-11-30,30000,30600,29800,30500,606654
2018-12-03,30450,30800,30200,30350,577616
2018-12-04,30400,30550,30050,30050,335279
2018-12-05,30050,30400,29950,30100,524994
2018-12-06,30200,30400,30050,30400,454946
2018-12-07,30350,30600,30150,30300,293462
2018-12-10,30200,30900,30200,30900,776157
2018-12-11,30750,31200,30600,31150,652218
2018-12-12,31150,31150,30750,30800,413543
2018-12-13,30800,31000,30350,30350,1530650
2018-12-14,30500,30900,30500,30700,763816
2018-12-17,30900,31200,30750,31100,660836
2018-12-18,31100,31250,30300,30300,1012293
2018-12-19,30400,30850,30400,30850,447797
2018-12-20,30900,30900,30350,30550,455812
2018-12-21,30650,30900,30500,30600,737156
2018-12-24,30650,30700,30400,30550,465230
2018-12-26,30350,30450,29900,30200,1004866
2018-12-27,29550,29750,29400,29600,607124
2018-12-28,29550,30050,29350,29800,633383
2019-01-02,29700,30550,29700,30400,696916
2019-01-03,30300,31050,30200,30500,799233
2019-01-04,30550,31000,30550,30600,710749
2019-01-07,30700,30750,30450,30450,362103
2019-01-08,30650,30700,30200,30200,308077
2019-01-09,30150,30300,29700,29700,593734
2019-01-10,29650,29750,29250,29400,1146647
2019-01-11,29350,29450,29100,29300,498075
2019-01-14,29350,29500,29200,29200,360664
2019-01-15,29200,29500,29200,29300,381458
2019-01-16,29300,29450,29150,29250,414568
2019-01-17,29250,29400,29100,29200,341463
2019-01-18,29350,29400,29150,29300,328086
2019-01-21,29300,29350,28900,29000,602200
2019-01-22,29000,29200,28800,29100,362013
2019-01-23,29150,29550,29100,29400,398197
2019-01-24,29250,29400,29050,29200,497898
2019-01-25,29100,29300,29050,29250,533430
2019-01-28,29150,29500,29000,29300,480158
2019-01-29,29400,29500,29100,29100,491360
2019-01-30,29350,29350,28700,28900,979183
2019-01-31,29000,29000,28600,28600,677756
2019-02-01,28550,28750,28550,28600,376462
2019-02-07,28700,28700,28450,28650,416033
2019-02-08,28700,28950,28650,28750,730266
2019-02-11,28900,28950,28700,28700,278267
2019-02-12,28800,28900,28450,28450,834609
2019-02-13,28500,28600,28350,28400,729827
2019-02-14,28400,28550,28200,28550,1103434
2019-02-15,28400,28550,28300,28550,513796
2019-02-18,28550,28650,28350,28500,545759
2019-02-19,28500,28550,28350,28400,405565
2019-02-20,28400,28500,28300,28350,475578
2019-02-21,28350,28400,28200,28300,420937
2019-02-22,28300,28500,28200,28450,293987
2019-02-25,28450,28600,28400,28400,362944
2019-02-26,28450,28500,28300,28300,363209
2019-02-27,28450,28650,28350,28650,328386
2019-02-28,28650,28700,28400,28450,613186
2019-03-04,28400,28550,28300,28300,507664
2019-03-05,28300,28400,28100,28150,535514
2019-03-06,28250,28250,28000,28000,419176
2019-03-07,28100,28150,27900,27900,540772
2019-03-08,27900,27950,27700,27750,535405
2019-03-11,27650,27950,27650,27650,408561
2019-03-12,27850,28000,27700,27700,430033
2019-03-13,27700,27900,27650,27650,304618
2019-03-14,27850,28000,27700,27700,951746
2019-03-15,27750,28150,27750,27950,512649
2019-03-18,28150,28350,28000,28200,391780
2019-03-19,28300,28450,28150,28250,269763
2019-03-20,28150,28350,28150,28150,240328
2019-03-21,28200,28300,27950,27950,358356
2019-03-22,27950,28100,27900,27950,390588
2019-03-25,27900,28250,27800,27850,610307
2019-03-26,27900,27900,27600,27600,533615
2019-03-27,27650,27700,27500,27700,617345
2019-03-28,27650,27800,27600,27800,329976
2019-03-29,27700,27750,27350,27400,1039060
2019-04-01,27400,27600,27100,27250,1368303
2019-04-02,27250,27400,27200,27300,821289
2019-04-03,27300,27350,26950,27100,1733964
2019-04-04,27250,27400,27100,27400,750617
2019-04-05,27500,27650,27400,27600,605684
2019-04-08,27700,27750,27450,27450,798476
2019-04-09,27500,27600,27200,27200,602810
2019-04-10,27200,27850,27200,27700,766830
2019-04-11,27750,27900,27400,27400,1030650
2019-04-12,27550,27700,27450,27450,621006
2019-04-15,27500,27650,27450,27500,602665
2019-04-16,27450,27500,27300,27300,749030
2019-04-17,27350,27450,27250,27300,741394
2019-04-18,27300,27450,27250,27350,580471
2019-04-19,27350,27600,27300,27600,481582
2019-04-22,27550,27750,27450,27500,723340
2019-04-23,27650,27700,27500,27550,461994
2019-04-24,27600,27750,27500,27550,761638
2019-04-25,27550,27650,27450,27500,323820
2019-04-26,27450,27550,27400,27450,501474
2019-04-29,27450,27500,27400,27500,349905
2019-04-30,27500,27500,27250,27350,611298
2019-05-02,27300,27600,27300,27500,435424
2019-05-03,27500,27750,27350,27650,748158
2019-05-07,27500,27950,27400,27900,1129637
2019-05-08,27800,28650,27750,28450,2144187
2019-05-09,28400,28600,28000,28000,1407784
2019-05-10,28050,28450,27800,28150,875349
2019-05-13,28050,28150,27850,28150,584275
2019-05-14,27950,28200,27850,28000,731831
2019-05-15,28000,28000,27700,27800,624349
2019-05-16,27700,27950,27650,27950,682751
2019-05-17,27950,27950,27650,27850,347629
2019-05-20,27900,28000,27450,27450,1121578
2019-05-21,27400,27500,27250,27350,524663
2019-05-22,27350,27500,27200,27250,436066
2019-05-23,27200,27250,27000,27100,510105
2019-05-24,27000,27450,27000,27400,372500
2019-05-27,27300,27500,27200,27350,612703
2019-05-28,27350,28050,27000,28050,5372499
2019-05-29,27950,28150,27550,27900,1658203
2019-05-30,28200,28400,27850,28350,1025477
2019-05-31,28250,28350,27900,27950,1259124
2019-06-03,27850,28000,27600,27600,702987
2019-06-04,27600,28300,27600,28200,886937
2019-06-05,28300,28450,28100,28350,674718
2019-06-07,28350,28450,28100,28200,676518
2019-06-10,28250,28350,28000,28050,670908
2019-06-11,28050,28200,27950,28000,712835
2019-06-12,28200,28250,28050,28100,507055
2019-06-13,28150,28350,28000,28150,810699
2019-06-14,28250,28450,28100,28250,557318
2019-06-17,28350,28600,28250,28600,507879
2019-06-18,28550,28750,28500,28550,621100
2019-06-19,28600,28700,28450,28500,359243
2019-06-20,28600,28600,28300,28400,505181
2019-06-21,28350,28550,28200,28200,507850
2019-06-24,28350,28600,28250,28350,398871
2019-06-25,28400,28500,28200,28300,349989
2019-06-26,28250,28350,28100,28200,395472
2019-06-27,28150,28300,28100,28100,424599
2019-06-28,28150,28500,28100,28350,591590
2019-07-01,28400,28400,28150,28200,406117
2019-07-02,28150,28350,28150,28250,245424
2019-07-03,28400,28400,28100,28150,285310
2019-07-04,28250,28450,28100,28450,313344
2019-07-05,28450,28500,28300,28400,254897
2019-07-08,28350,28500,28050,28050,750526
2019-07-09,28100,28200,27750,27750,796853
2019-07-10,27800,27900,27650,27650,831372
2019-07-11,27700,28000,27650,27800,705870
2019-07-12,27800,28250,27800,28150,442909
2019-07-15,28100,28250,28000,28000,274258
2019-07-16,28000,28100,27850,27950,279233
2019-07-17,28000,28050,27800,27850,311307
2019-07-18,27800,28000,27800,27900,275973
2019-07-19,27850,28050,27850,27950,291241
2019-07-22,27900,27900,27700,27900,217651
2019-07-23,27800,27850,27700,27750,304858
2019-07-24,27700,27850,27650,27650,309270
2019-07-25,27650,27800,27500,27650,485304
2019-07-26,27600,27750,27550,27550,309257
2019-07-29,27550,27750,27500,27550,359236
2019-07-30,27650,27700,27500,27550,286513
2019-07-31,27550,27800,27550,27700,422434
2019-08-01,27650,27750,27500,27600,422035
2019-08-02,27500,28000,27450,27850,970243
2019-08-05,27800,28100,27750,27950,880019
2019-08-06,27800,27900,27450,27900,664124
2019-08-07,27800,27800,27100,27250,909471
2019-08-08,27300,27350,26900,26900,1432350
2019-08-09,27050,27100,26950,27000,684757
2019-08-12,26950,27000,26800,26850,523158
2019-08-13,26850,26900,26650,26850,348267
2019-08-14,26850,26900,26700,26800,284649
2019-08-16,26650,26700,26500,26500,346409
2019-08-19,26600,26850,26500,26850,241767
2019-08-20,26850,27000,26700,26900,286393
2019-08-21,26800,27250,26800,27250,391369
2019-08-22,27100,27250,27050,27050,287636
2019-08-23,27000,27200,26850,27000,287108
2019-08-26,26750,27100,26700,27000,353729
2019-08-27,26900,27100,26850,27000,312164
2019-08-28,26850,27100,26850,26950,285098
2019-08-29,26950,27200,26950,27100,262860
2019-08-30,27000,27150,27000,27000,263779
2019-09-02,26950,27200,26950,27150,176431
2019-09-03,27150,27250,27050,27200,248480
2019-09-04,27150,27300,27000,27300,344585
2019-09-05,27150,27250,27000,27100,554976
2019-09-06,27000,27100,26950,27100,367422
2019-09-09,27100,27100,27000,27050,485147
2019-09-10,27000,27250,27000,27250,439266
2019-09-11,27250,27450,27250,27300,1241394
2019-09-16,27400,27500,27250,27300,494977
2019-09-17,27300,27500,27250,27450,344744
2019-09-18,27500,27700,27450,27550,394561
2019-09-19,27600,27700,27500,27550,310253
2019-09-20,27500,27600,27350,27550,270778
2019-09-23,27550,27750,27450,27600,269666
2019-09-24,27650,27750,27500,27750,299302
2019-09-25,27700,27800,27500,27500,588820
2019-09-26,27600,27600,27500,27500,232611
2019-09-27,27550,27700,27400,27450,397500
2019-09-30,27450,27600,27400,27450,276201
2019-10-01,27500,27550,27400,27450,312570
2019-10-02,27450,27500,27100,27100,439913
2019-10-04,27200,27250,26950,26950,485222
2019-10-07,27000,27150,26950,27000,291356
2019-10-08,27000,27050,26850,27000,771615
2019-10-10,26900,26950,26800,26800,1218056
2019-10-11,26950,27100,26900,26900,528849
2019-10-14,27000,27150,26950,27000,439390
2019-10-15,27000,27050,26900,26950,471994
2019-10-16,26950,27050,26900,26900,406096
2019-10-17,26950,27000,26800,26850,574078
2019-10-18,26800,26950,26750,26800,594235
2019-10-21,26850,27000,26800,26950,352159
2019-10-22,27000,27100,26900,26900,402329
2019-10-23,26900,27000,26800,26850,410394
2019-10-24,26800,26900,26750,26750,409656
2019-10-25,26700,26800,26700,26700,484180
2019-10-28,26750,26900,26750,26850,288037
2019-10-29,26900,26900,26700,26750,388575
2019-10-30,26750,26750,26600,26600,450845
2019-10-31,26600,26650,26500,26500,780554
2019-11-01,26500,26700,26500,26600,418295
2019-11-04,26600,26800,26600,26650,457427
2019-11-05,26600,26750,26550,26550,964027
2019-11-06,26650,26900,26600,26750,666561
2019-11-07,26750,27100,26750,27050,885646
2019-11-08,27150,27350,27000,27200,704208
2019-11-11,27200,27550,27150,27150,808260
2019-11-12,27350,27400,27200,27400,579008
2019-11-13,27300,27350,27150,27250,365405
2019-11-14,27200,27300,27100,27250,657325
2019-11-15,27200,27500,27200,27450,559357
2019-11-18,27450,27550,27350,27500,427694
2019-11-19,27350,27500,27250,27400,362987
2019-11-20,27300,27450,27300,27350,336508
2019-11-21,27400,27450,27200,27300,662921
2019-11-22,27300,27400,27250,27350,293084
2019-11-25,27350,27500,27350,27350,508193
2019-11-26,27350,27500,27350,27500,389447
2019-11-27,27500,27500,27300,27300,319825
2019-11-28,27350,27350,27200,27250,303999
2019-11-29,27350,27350,26900,26950,612804
2019-12-02,27000,27100,26800,26850,748853
2019-12-03,26750,27050,26750,26950,473979
2019-12-04,26800,26950,26750,26800,474328
2019-12-05,26800,26900,26700,26750,400184
2019-12-06,26750,26850,26750,26850,468093
2019-12-09,26850,26950,26750,26750,752963
2019-12-10,26750,26900,26700,26850,352591
2019-12-11,26800,26850,26700,26850,679718
2019-12-12,26850,26950,26750,26900,1764562
2019-12-13,26950,27000,26850,26950,886911
2019-12-16,26950,27000,26900,27000,547608
2019-12-17,27000,27200,26900,27200,1021894
2019-12-18,27100,27150,26900,26950,629050
2019-12-19,26950,27100,26900,27000,820038
2019-12-20,27050,27300,27000,27300,998124
2019-12-23,27300,27400,27100,27400,910258
2019-12-24,27350,27450,27300,27300,960828
2019-12-26,27350,27450,27300,27400,1514054
2019-12-27,26650,26800,26550,26700,1035033
2019-12-30,26850,27000,26750,27000,623282
2020-01-02,26950,26950,26700,26700,489901
2020-01-03,26750,26800,26600,26600,590114
2020-01-06,26550,26600,26400,26400,591055
2020-01-07,26450,26650,26400,26550,351292
2020-01-08,26400,26500,26050,26150,1083062
2020-01-09,26200,26350,26050,26050,1202990
2020-01-10,26100,26250,26050,26050,748424
2020-01-13,26100,26250,26050,26150,486858
2020-01-14,26150,26250,26100,26200,548949
2020-01-15,26200,26300,26100,26200,581502
2020-01-16,26200,26350,26100,26150,518268
2020-01-17,26100,26300,26100,26100,493953
2020-01-20,26150,26200,26050,26100,571622
2020-01-21,26100,26200,26100,26100,316039
2020-01-22,26200,26250,26050,26250,449819
2020-01-23,26150,26200,26100,26100,486932
2020-01-28,25700,25850,25400,25450,1186100
2020-01-29,25550,25700,25350,25600,627148
2020-01-30,25600,25650,25350,25350,701509
2020-01-31,25450,25450,25200,25350,591947
2020-02-03,25250,25250,24700,24750,999884
2020-02-04,24750,24900,24600,24800,832225
2020-02-05,24800,25050,24700,24950,731248
2020-02-06,25100,25700,25000,25450,983607
2020-02-07,25400,25400,25150,25300,583952
2020-02-10,25150,25350,25100,25200,491198
2020-02-11,25250,25300,25150,25150,511968
2020-02-12,25150,25450,25100,25400,641630
2020-02-13,25350,25400,25200,25200,882867
2020-02-14,25200,25300,25000,25000,548736
2020-02-17,25050,25100,24900,25100,291663
2020-02-18,24950,25100,24900,25000,486641
2020-02-19,25100,25150,24900,25000,336686
2020-02-20,25000,25050,24800,24850,522070
2020-02-21,24800,24900,24650,24700,607091
2020-02-24,24450,24500,24050,24100,1091972
2020-02-25,24150,24200,24000,24100,731518
2020-02-26,23800,24100,23700,24000,970320
2020-02-27,23950,24300,23900,24300,766679
2020-02-28,24200,24250,23750,23900,1306961
2020-03-02,23850,23900,23400,23550,833585
2020-03-03,23700,23700,23350,23500,810748
2020-03-04,23300,23750,23250,23650,768675
2020-03-05,24000,24500,23700,24300,1121265
2020-03-06,23800,24100,23650,23950,685785
2020-03-09,23650,23650,23050,23450,893554
2020-03-10,23350,23450,22950,23450,755329
2020-03-11,23250,23350,22750,22850,911930
2020-03-12,22700,22700,21500,22000,2032644
2020-03-13,20350,21250,19950,21000,2435169
2020-03-16,21350,21400,20400,20750,1241451
2020-03-17,19850,20550,19850,20150,1153018
2020-03-18,20150,20300,19000,19000,1342355
2020-03-19,19050,19450,17500,17800,2038799
2020-03-20,17950,19000,17750,18900,1472194
2020-03-23,17750,18000,17250,17650,1376171
2020-03-24,17950,18450,17500,18450,1619980
2020-03-25,18900,19450,18750,19400,1365226
2020-03-26,19550,20000,19200,19300,1302262
2020-03-27,19800,20150,19450,19950,1232628
2020-03-30,19300,20000,19200,19700,893919
2020-03-31,20000,20150,19750,19850,1066075
2020-04-01,19800,20150,19350,19350,1114994
2020-04-02,19350,20100,19200,19950,1532744
2020-04-03,20000,20050,19600,19900,1217644
2020-04-06,19950,21700,19900,21400,2008413
2020-04-07,21800,22000,21100,21300,1438022
2020-04-08,21250,22200,21200,21600,1666794
2020-04-09,21950,22100,21550,21650,1076826
2020-04-10,21650,21800,21350,21650,863683
2020-04-13,21550,21550,21100,21200,864487
2020-04-14,21300,22000,21300,21700,1119145
2020-04-16,21450,21700,21200,21500,903512
2020-04-17,21700,22200,21650,22000,1291129
2020-04-20,22100,23400,22050,23050,1904121
2020-04-21,23000,23350,22400,22800,1464879
2020-04-22,22600,23400,22450,23200,1513550
2020-04-23,23250,24050,23200,23600,1224797
2020-04-24,23350,23500,23050,23150,863431
2020-04-27,23150,23800,23100,23600,858595
2020-04-28,23600,23950,23450,23550,768260
2020-04-29,23900,24100,23700,23850,850555
2020-05-04,24350,24350,23650,23650,1113868
2020-05-06,23900,23900,23250,23500,878191
2020-05-07,23500,23800,23150,23500,711522
2020-05-08,23800,24050,23700,23750,855591
2020-05-11,23850,24000,23400,23450,773828
2020-05-12,23400,24000,23350,23650,951528
2020-05-13,23500,23900,23500,23800,735163
2020-05-14,23900,24200,23850,24100,1324446
2020-05-15,24200,24950,24150,24700,1646547
2020-05-18,25150,25650,24700,24700,1785909
2020-05-19,24900,25300,24900,25000,959530
2020-05-20,24850,25400,24850,24900,876092
2020-05-21,25100,25100,24350,24350,1332951
2020-05-22,24550,24800,24150,24150,930349
2020-05-25,24400,24700,24200,24350,1257054
2020-05-26,24400,24950,24400,24950,948364
2020-05-27,24850,24900,24400,24500,1105447
2020-05-28,24500,24700,24300,24350,1033331
2020-05-29,24400,24650,24250,24350,807637
2020-06-01,24350,25000,24350,24850,1334751
2020-06-02,25000,25400,24950,25150,1068904
2020-06-03,25250,25700,25250,25550,1824860
2020-06-04,25600,25750,25150,25250,1203685
2020-06-05,25300,25550,25100,25300,1170522
2020-06-08,25450,25550,25100,25100,979075
2020-06-09,25100,25400,24900,24950,871401
2020-06-10,25000,25050,24750,24800,1077763
2020-06-11,24800,24950,23700,24350,2413752
2020-06-12,23200,23900,23150,23800,1695675
2020-06-15,23500,23600,22700,22700,1178814
2020-06-16,23100,23650,23050,23650,851098
2020-06-17,23350,23650,23200,23400,765911
2020-06-18,23200,23600,23150,23500,615051
2020-06-19,23650,23750,23350,23650,627452
2020-06-22,23550,24500,23400,24050,1002755
2020-06-23,24150,24350,23550,24000,790001
2020-06-24,23950,24050,23800,23800,625959
2020-06-25,23500,23800,23300,23300,720134
2020-06-26,23400,24050,23200,23700,1028894
2020-06-29,23350,23600,23150,23250,696872
2020-06-30,23350,23650,23300,23550,582065
2020-07-01,23550,23950,23350,23450,1078009
2020-07-02,23950,24200,23850,24100,1361766
2020-07-03,24250,24500,24150,24200,957977
2020-07-06,24350,24450,24000,24250,779570
2020-07-07,24350,24600,23900,23950,1091231
2020-07-08,23850,24050,23600,23600,1093324
2020-07-09,23700,24100,23650,23750,958115
2020-07-10,23750,24150,23550,23900,1096378
2020-07-13,24200,24400,23950,24350,879676
2020-07-14,24250,24750,24200,24600,1166434
2020-07-15,24750,24950,24550,24700,1061696
2020-07-16,24700,24700,24400,24450,908630
2020-07-17,24500,24700,24250,24300,576148
2020-07-20,24350,24500,24050,24150,758518
2020-07-21,24200,24350,24100,24100,833055
2020-07-22,24150,24250,24050,24100,735029
2020-07-23,24150,24150,23800,23850,983940
2020-07-24,23700,23850,23600,23650,708548
2020-07-27,23550,23750,23550,23600,663557
2020-07-28,23800,23950,23650,23700,894018
2020-07-29,23600,24000,23500,23850,820778
2020-07-30,23900,24000,23750,23800,797423
2020-07-31,23800,24000,23700,23800,707167
2020-08-03,24000,24000,23550,23600,766693
2020-08-04,23600,23900,23500,23750,773606
2020-08-05,23750,23950,23600,23700,989341
2020-08-06,23700,23850,23600,23800,1264301
2020-08-07,23800,23950,23650,23850,1180577
2020-08-10,23950,24600,23900,24450,2047371
2020-08-11,24750,24850,24550,24750,2002443
2020-08-12,24800,25850,24500,25600,3065716
2020-08-13,25750,25900,25350,25500,1893949
2020-08-14,25550,25800,25250,25350,1163616
2020-08-18,25250,25300,24300,24400,2040007
2020-08-19,24450,24750,24400,24400,794141
2020-08-20,24300,24350,23650,23650,1676593
2020-08-21,23650,24200,23650,23900,1263928
2020-08-24,23950,24050,23700,23900,934061
2020-08-25,24050,24450,23900,24300,1018821
2020-08-26,24450,24450,23900,24000,1039045
2020-08-27,24000,24050,23650,23800,1153732
2020-08-28,23800,23850,23650,23750,912553
2020-08-31,23900,24100,23750,23900,1181214
2020-09-01,23800,23950,23750,23800,898243
2020-09-02,23800,23900,23650,23850,1052376
2020-09-03,23900,23900,23750,23800,650207
2020-09-04,23450,23550,23400,23500,969573
2020-09-07,23450,23600,23350,23550,761462
2020-09-08,23600,23850,23550,23650,838018
2020-09-09,23450,23550,23350,23350,951491
2020-09-10,23500,23550,23250,23250,1422767
2020-09-11,23300,23450,23250,23250,1011617
2020-09-14,23350,23700,23300,23650,883118
2020-09-15,23750,23750,23500,23550,748321
2020-09-16,23550,23600,23400,23400,766609
2020-09-17,23450,23500,23250,23300,869267
2020-09-18,23250,23550,23200,23400,860155
2020-09-21,23400,23500,23250,23300,628454
2020-09-22,23200,23200,22800,22800,1396530
2020-09-23,22850,22950,22650,22800,761427
2020-09-24,22650,22650,22300,22400,999463
2020-09-25,22400,22450,22250,22400,570306
2020-09-28,22450,22700,22400,22600,489222
2020-09-29,22700,22950,22600,22950,710100
2020-10-05,22900,23200,22850,23050,913018
2020-10-06,23050,23100,22900,22900,653542
2020-10-07,22850,23000,22700,22950,809046
2020-10-08,23050,23100,22900,22950,1030057
2020-10-12,23050,23150,22950,23000,702583
2020-10-13,23000,23150,22950,23150,706823
2020-10-14,23100,23100,22900,22950,729787
2020-10-15,22900,23050,22800,22850,824682
2020-10-16,22900,23050,22800,22900,756149
2020-10-19,22950,23200,22950,23100,919986
2020-10-20,23050,23200,22900,23050,709217
2020-10-21,23050,23200,22950,23100,760078
2020-10-22,23100,23150,22900,22900,1106551
2020-10-23,23000,23150,22950,23150,660396
2020-10-26,23100,23150,22900,22950,880951
2020-10-27,22850,23050,22750,22950,656956
