,date,open,high,low,close,volume,pattern1,pattern2,pattern3,nasdaq
0,2012-01-02,2089,2091,2023,2037,10880,M05,,,
1,2012-01-03,2068,2073,2028,2074,6531,K01,M00K01,,
2,2012-01-04,2071,2071,2014,2055,11572,M02,K00M02,S01M02,U04
3,2012-01-05,2055,2087,2032,2083,10340,P05,M00P05,S04P05,T01
4,2012-01-06,2096,2096,2043,2046,2620,M01,P00M01,S02M01,U04
5,2012-01-09,2046,2123,2034,2110,4570,P05,M00P05,S07P05,U02
6,2012-01-10,2127,2137,2091,2135,3784,K01,P00K01,S02K01,U01
7,2012-01-11,2134,2209,2134,2210,10482,P00,K00P00,P10P00,U04
8,2012-01-12,2228,2410,2191,2301,25520,P05,P00P05,P10P05,U04
9,2012-01-13,2319,2332,2239,2287,9917,M05,P00M05,P10M05,U04
10,2012-01-16,2264,2264,2153,2165,9383,M01,M00M01,S03M01,U04
11,2012-01-17,2173,2264,2164,2208,9703,P05,M00P05,M10P05,D04
12,2012-01-18,2207,2207,2155,2180,4380,M01,P00M01,S01M01,U04
13,2012-01-19,2182,2239,2159,2160,5830,M05,M00M05,S06M05,U04
14,2012-01-20,2164,2219,2155,2174,3930,K00,M00K00,M10K00,U04
15,2012-01-25,2237,2237,2155,2162,6280,M01,K00M01,S01M01,U01
16,2012-01-26,2171,2198,2157,2178,2960,K00,M00K00,S07K00,U04
17,2012-01-27,2159,2214,2159,2167,5051,K02,K00K02,S01K02,D04
18,2012-01-30,2166,2207,2159,2205,4980,P05,K00P05,S04P05,U04
19,2012-01-31,2223,2269,2177,2205,5220,M05,P00M05,P10M05,T01
20,2012-02-01,2187,2387,2178,2283,14915,P05,M00P05,S03P05,U01
21,2012-02-02,2282,2350,2282,2296,12740,P04,P00P04,S02P04,U04
22,2012-02-03,2291,2341,2221,2249,13010,M05,P00M05,P10M05,U04
23,2012-02-06,2250,2273,2214,2269,5080,P05,M00P05,S07P05,U04
24,2012-02-07,2273,2273,2228,2258,5250,M02,P00M02,S01M02,T01
25,2012-02-08,2241,2359,2237,2324,17861,P05,M00P05,S03P05,U01
26,2012-02-09,2391,2391,2282,2324,11950,M01,P00M01,S02M01,U04
27,2012-02-10,2405,2405,2282,2319,6900,M01,M00M01,S03M01,U04
28,2012-02-13,2319,2341,2282,2315,3050,M05,M00M05,M10M05,D04
29,2012-02-14,2287,2328,2259,2283,6610,M05,M00M05,M10M05,U04
30,2012-02-15,2296,2328,2219,2283,9040,M05,M00M05,M10M05,T01
31,2012-02-16,2319,2337,2264,2315,13704,M05,M00M05,S04M05,D04
32,2012-02-17,2314,2400,2314,2346,8930,P03,M00P03,M10P03,U04
33,2012-02-20,2350,2437,2323,2410,17041,P05,P00P05,S02P05,U04
34,2012-02-21,2446,2769,2391,2683,216441,P05,P00P05,P10P05,T01
35,2012-02-22,2751,2751,2537,2574,46459,M01,P00M01,P10M01,T01
36,2012-02-23,2573,2628,2541,2606,18650,P05,M00P05,S03P05,D04
37,2012-02-24,2610,2992,2605,2892,172315,P15,P00P15,S00P15,U04
38,2012-02-27,2846,2973,2614,2683,52197,M05,P10M05,P10M05,U03
39,2012-02-28,2732,2769,2537,2601,19962,M05,M00M05,S06M05,U01
40,2012-02-29,2705,2987,2682,2910,523002,P05,M00P05,M10P05,U04
41,2012-03-02,2955,3137,2819,2960,124702,K00,P00K00,S01K00,U04
42,2012-03-05,2951,2955,2582,2815,84396,M05,K00M05,P10M05,D04
43,2012-03-06,2760,2860,2696,2819,48961,P05,M00P05,S07P05,D04
44,2012-03-07,2769,2782,2710,2769,19562,K01,P00K01,S00K01,D04
45,2012-03-08,2769,2805,2728,2797,28310,P05,K00P05,P10P05,U04
46,2012-03-09,2760,2773,2728,2728,19971,M03,P00M03,P10M03,U04
47,2012-03-12,2728,2760,2641,2651,11160,M05,M00M05,S07M05,U04
48,2012-03-13,2651,2714,2600,2601,19226,M05,M00M05,M10M05,T01
49,2012-03-14,2619,2637,2500,2537,28760,M05,M00M05,M10M05,U04
50,2012-03-15,2573,2578,2523,2556,6190,M05,M00M05,M10M05,T01
51,2012-03-16,2600,2600,2519,2551,3893,M01,M00M01,M10M01,U04
52,2012-03-19,2560,2560,2373,2419,37409,M01,M00M01,M10M01,T01
53,2012-03-20,2400,2441,2059,2260,44658,M05,M00M05,M10M05,U04
54,2012-03-21,2259,2266,2219,2251,12362,M05,M00M05,M10M05,T01
55,2012-03-22,2187,2305,2187,2244,9822,P03,M00P03,M10P03,U01
56,2012-03-23,2244,2269,2198,2265,9910,P05,P00P05,S08P05,D04
57,2012-03-26,2387,2387,2182,2237,14970,M01,P00M01,P10M01,U02
58,2012-03-27,2207,2248,2189,2215,10410,K00,M00K00,S07K00,U04
59,2012-03-28,2214,2228,2166,2205,5080,M05,K00M05,S08M05,T01
60,2012-03-29,2205,2221,2150,2162,10880,M05,M00M05,S04M05,D04
61,2012-03-30,2164,2200,2143,2176,10392,P05,M00P05,M10P05,D04
62,2012-04-02,2168,2173,2107,2146,8460,M05,P00M05,S01M05,T01
63,2012-04-03,2146,2159,2116,2142,9480,M05,M00M05,S07M05,U04
64,2012-04-04,2137,2137,2064,2110,6850,M01,M00M01,M10M01,T01
65,2012-04-05,2118,2118,2078,2117,14330,M02,M00M02,M10M02,D04
66,2012-04-06,2091,2134,2073,2096,3210,K00,M00K00,M10K00,D04
67,2012-04-09,2084,2087,2032,2037,11641,M05,K00M05,S08M05,U04
68,2012-04-10,1984,2225,1984,2080,10240,P03,M00P03,S07P03,D04
69,2012-04-12,2046,2078,2034,2078,10980,P01,P00P01,S00P01,U04
70,2012-04-13,2091,2107,2055,2089,4319,M05,P00M05,P10M05,U04
71,2012-04-16,2048,2155,2048,2153,3980,P03,M00P03,S05P03,D04
72,2012-04-17,2178,2187,2116,2187,2470,K01,P00K01,S02K01,D04
73,2012-04-18,2150,2228,2150,2224,9069,P03,K00P03,P10P03,U04
74,2012-04-19,2223,2228,2173,2219,2620,M05,P00M05,P10M05,D04
75,2012-04-20,2216,2232,2155,2205,5320,M05,M00M05,S06M05,D04
76,2012-04-23,2191,2205,2103,2105,7100,M05,M00M05,S04M05,T01
77,2012-04-24,2053,2091,2053,2055,6910,K02,M00K02,M10K02,D04
78,2012-04-25,2137,2137,2073,2074,2620,M01,K00M01,S08M01,D04
79,2012-04-26,2057,2082,2050,2055,9990,M05,M00M05,S05M05,U04
80,2012-04-27,2064,2075,2046,2069,5650,K01,M00K01,M10K01,U04
81,2012-04-30,2109,2132,2048,2055,4140,M05,K00M05,S04M05,U04
82,2012-05-02,2025,2182,2025,2078,5180,P03,M00P03,S07P03,U02
83,2012-05-03,2073,2150,2050,2151,2030,P01,P00P01,S00P01,U04
84,2012-05-04,2100,2137,2091,2117,1300,P05,P00P05,P10P05,D04
85,2012-05-07,2078,2114,2078,2083,2430,K02,P00K02,P10K02,D04
86,2012-05-08,2105,2105,2046,2080,4450,M01,K00M01,P10M01,U01
87,2012-05-09,2078,2159,2059,2092,4450,P05,M00P05,S03P05,D04
88,2012-05-10,2128,2128,2091,2128,2440,K01,P00K01,S00K01,D04
89,2012-05-11,2137,2150,2078,2101,1800,M05,K00M05,P10M05,T01
90,2012-05-14,2107,2107,2048,2060,5980,M01,M00M01,S07M01,T01
91,2012-05-15,2046,2057,2018,2030,5570,M05,M00M05,M10M05,D04
92,2012-05-16,2055,2071,1966,1978,6720,M05,M00M05,M10M05,D04
93,2012-05-17,1987,2046,1987,2019,1390,P03,M00P03,M10P03,D04
94,2012-05-18,2000,2000,1932,1955,8970,M01,P00M01,S01M01,D04
95,2012-05-21,1955,1973,1918,1935,2760,M05,M00M05,S07M05,D04
96,2012-05-22,1934,1955,1934,1955,8420,P00,M00P00,M10P00,U04
97,2012-05-23,1973,2032,1930,1933,2990,M05,P00M05,S02M05,D04
98,2012-05-24,1909,1982,1909,1974,1930,P03,M00P03,S07P03,U04
99,2012-05-25,1955,1973,1953,1974,1860,P01,P00P01,S02P01,D04
100,2012-05-29,1973,2046,1973,2046,3460,P00,P00P00,P10P00,T01
101,2012-05-30,2023,2055,2014,2014,2710,M04,P00M04,P10M04,U04
102,2012-05-31,2007,2023,1964,1992,2230,M05,M00M05,S06M05,D04
103,2012-06-01,2032,2032,1959,1974,4100,M01,M00M01,M10M01,D04
104,2012-06-04,1955,1955,1887,1939,12610,M02,M00M02,M10M02,D04
105,2012-06-05,1946,2132,1941,1992,2140,P05,M00P05,M10P05,U04
106,2012-06-07,2014,2075,1978,2076,3470,P01,P00P01,S01P01,U04
107,2012-06-08,2025,2046,2007,2008,1990,M05,P00M05,P10M05,D04
108,2012-06-11,2018,2055,2014,2044,2490,P05,M00P05,S07P05,U04
109,2012-06-12,2041,2041,1964,2010,1667,M01,P00M01,S01M01,D04
110,2012-06-13,2014,2032,1955,1978,2460,M05,M00M05,S07M05,U04
111,2012-06-14,1955,1993,1955,1985,4850,P03,M00P03,M10P03,D04
112,2012-06-15,1996,1996,1978,1996,1140,K01,P00K01,S00K01,U04
113,2012-06-18,2114,2114,1989,2028,2104,M01,K00M01,P10M01,U04
114,2012-06-19,1978,2030,1978,2030,500,P00,M00P00,S05P00,U04
115,2012-06-20,2034,2034,1991,2014,760,M01,P00M01,S00M01,U04
116,2012-06-21,1984,2023,1978,2014,3910,P05,M00P05,S03P05,T01
117,2012-06-22,2000,2000,1978,2001,570,K01,P00K01,S08K01,D04
118,2012-06-25,2000,2005,1978,1978,9851,M03,K00M03,P10M03,U04
119,2012-06-26,2000,2023,1996,1996,2130,M04,M00M04,S07M04,D04
120,2012-06-27,1964,2009,1962,2010,3430,P01,M00P01,M10P01,U04
121,2012-06-28,1987,2003,1973,1976,2011,M05,P00M05,S02M05,U04
122,2012-06-29,1975,1998,1971,1992,3110,P05,M00P05,S06P05,D04
123,2012-07-02,1991,1996,1968,1992,5530,K01,P00K01,S04K01,U04
124,2012-07-03,1971,2000,1971,1999,4760,P03,K00P03,S04P03,U04
125,2012-07-04,2000,2018,2000,2014,5010,P03,P00P03,P10P03,U04
126,2012-07-05,2014,2155,2000,2060,17091,P05,P00P05,P10P05,U04
127,2012-07-06,2059,2114,2050,2087,6960,P05,P00P05,P10P05,T01
128,2012-07-09,2123,2123,2000,2092,3420,M02,P00M02,P10M02,D04
129,2012-07-10,2059,2091,2046,2078,2060,P05,M00P05,S05P05,T01
130,2012-07-11,2078,2078,2023,2055,3940,M01,P00M01,S08M01,D04
131,2012-07-12,2053,2078,2012,2024,1800,M05,M00M05,S07M05,D04
132,2012-07-13,2062,2062,1993,2046,4700,M02,M00M02,M10M02,D04
133,2012-07-16,2112,2112,2005,2035,7650,M01,M00M01,M10M01,U04
134,2012-07-17,2034,2043,1968,1969,4690,M05,M00M05,M10M05,D04
135,2012-07-18,1978,2009,1677,1960,10833,M05,M00M05,M10M05,U04
136,2012-07-19,1932,2073,1932,2037,7450,P03,M00P03,M10P03,U04
137,2012-07-20,2091,2091,1982,2067,3970,M02,P00M02,S02M02,U04
138,2012-07-23,2021,2046,2000,2001,5610,M05,M00M05,S05M05,D04
139,2012-07-24,2046,2046,1955,1985,3590,M01,M00M01,M10M01,D04
140,2012-07-25,1977,2000,1905,1937,9330,M05,M00M05,M10M05,D04
141,2012-07-26,2100,2100,1907,1953,6280,M01,M00M01,M10M01,D04
142,2012-07-27,1955,2089,1914,1921,2850,M05,M00M05,M10M05,U04
143,2012-07-30,1939,2023,1914,1949,2570,P05,M00P05,M10P05,U04
144,2012-07-31,1946,1968,1900,1969,3859,P02,P00P02,S01P02,D04
145,2012-08-01,1916,1968,1916,1962,690,P03,P00P03,P10P03,T01
146,2012-08-02,1962,1977,1909,1933,3030,M05,P00M05,P10M05,D04
147,2012-08-03,1932,1937,1909,1933,5390,K01,M00K01,S03K01,D04
148,2012-08-06,1928,1978,1909,1955,6140,P05,K00P05,S08P05,U04
149,2012-08-07,1932,1996,1918,1960,1560,P05,P00P05,P10P05,U04
150,2012-08-08,1996,1996,1912,1976,4150,M02,P00M02,P10M02,U04
151,2012-08-09,1975,2209,1975,2039,5530,P04,M00P04,S05P04,T01
152,2012-08-10,2003,2046,1984,2037,2500,P05,P00P05,S02P05,U03
153,2012-08-13,2032,2032,2018,2030,1130,M02,P00M02,P10M02,U01
154,2012-08-14,2039,2096,2018,2039,3870,K00,M00K00,S06K00,U01
155,2012-08-16,2037,2046,2000,2037,4320,K01,K00K01,S04K01,U04
156,2012-08-17,2046,2046,1934,1999,4440,M01,K00M01,S04M01,U04
157,2012-08-20,2000,2046,2000,2026,2210,P03,M00P03,S07P03,U04
158,2012-08-21,2025,2025,1941,1974,2949,M01,P00M01,S01M01,T01
159,2012-08-22,1973,1982,1955,1971,2550,M05,M00M05,S07M05,D04
160,2012-08-23,1971,2028,1964,1987,2260,P05,M00P05,M10P05,U03
161,2012-08-24,1964,2018,1937,1955,3512,M05,P00M05,S04M05,D04
162,2012-08-27,1950,2021,1930,1935,7770,M05,M00M05,S07M05,U04
163,2012-08-28,1934,1982,1934,1978,4557,P03,M00P03,M10P03,U02
164,2012-08-29,1977,1993,1946,1987,4650,P05,P00P05,S02P05,U02
165,2012-08-30,1987,2173,1987,2017,14884,P04,P00P04,P10P04,U02
166,2012-08-31,2018,2046,2002,2046,8247,P01,P00P01,P10P01,D04
167,2012-09-03,2041,2041,1968,1978,9280,M01,P00M01,P10M01,D04
168,2012-09-04,1996,1998,1957,1994,3640,M05,M00M05,S07M05,U04
169,2012-09-05,1996,2000,1957,1987,2700,M05,M00M05,M10M05,U03
170,2012-09-06,1987,2043,1948,2010,7240,P05,M00P05,S04P05,T01
171,2012-09-07,2021,2023,1973,1978,1851,M05,P00M05,S02M05,U04
172,2012-09-10,1978,2043,1978,2008,4791,P03,M00P03,S07P03,T01
173,2012-09-11,2028,2205,2028,2085,24273,P04,P00P04,S00P04,D04
174,2012-09-12,2078,2273,2062,2203,23584,P05,P00P05,P10P05,T01
175,2012-09-13,2164,2223,2148,2215,8140,P05,P00P05,P10P05,U04
176,2012-09-14,2214,2225,2171,2212,2863,M05,P00M05,P10M05,U04
177,2012-09-17,2191,2214,2169,2169,7632,M03,M00M03,S06M03,U04
178,2012-09-18,2125,2166,2091,2155,7830,P05,M00P05,M10P05,T01
179,2012-09-19,2157,2189,2059,2128,4760,M05,P00M05,S08M05,T01
180,2012-09-20,2128,2219,2023,2080,8620,M05,M00M05,S03M05,U02
181,2012-09-21,2053,2173,2050,2137,10270,P05,M00P05,M10P05,T01
182,2012-09-24,2137,2364,2137,2319,34580,P03,P00P03,S02P03,U02
183,2012-09-25,2278,2332,2269,2292,14319,P05,P00P05,P10P05,D04
184,2012-09-26,2262,2364,2237,2274,15630,P05,P00P05,P10P05,D04
185,2012-09-27,2296,2359,2230,2278,9530,M05,P00M05,P10M05,D04
186,2012-09-28,2273,2273,2230,2267,4478,M02,M00M02,S05M02,U04
187,2012-10-02,2269,2323,2216,2274,5418,K00,M00K00,M10K00,T01
188,2012-10-04,2278,2287,2214,2251,7700,M05,K00M05,S04M05,U04
189,2012-10-05,2248,2248,2091,2114,33611,M01,M00M01,S07M01,U04
190,2012-10-08,2114,2150,2078,2092,2431,M05,M00M05,M10M05,D04
191,2012-10-09,2071,2118,2071,2119,3531,P00,M00P00,M10P00,D04
192,2012-10-10,2123,2139,2046,2087,5391,M05,P00M05,S02M05,D04
193,2012-10-11,2123,2180,2103,2137,2870,P05,M00P05,S03P05,D04
194,2012-10-12,2137,2273,2103,2269,10930,P05,P00P05,S01P05,T01
195,2012-10-15,2350,2350,2209,2210,9730,M01,P00M01,P10M01,T01
196,2012-10-16,2219,2314,2219,2274,8461,P03,M00P03,S03P03,U04
197,2012-10-17,2246,2314,2246,2267,960,P04,P00P04,S01P04,U04
198,2012-10-18,2266,2266,2169,2221,3467,M01,P00M01,P10M01,U02
199,2012-10-19,2169,2184,2139,2142,3360,M05,M00M05,S07M05,D04
200,2012-10-22,2141,2150,2107,2142,2910,K01,M00K01,M10K01,D04
201,2012-10-23,2137,2141,2096,2139,2781,K01,K00K01,S08K01,U04
202,2012-10-24,2198,2198,2100,2119,6620,M01,K00M01,S04M01,D04
203,2012-10-25,2128,2264,2118,2167,6460,P05,M00P05,S07P05,D04
204,2012-10-26,2143,2221,2096,2126,8240,M05,P00M05,S01M05,U02
205,2012-10-29,2125,2225,2125,2135,2930,K02,M00K02,S07K02,U02
206,2012-10-30,2146,2166,2137,2160,3400,P05,K00P05,S04P05,U02
207,2012-10-31,2228,2228,2162,2194,2030,M01,P00M01,P10M01,U01
208,2012-11-01,2193,2205,2180,2205,2210,P01,M00P01,S05P01,D04
209,2012-11-02,2162,2225,2162,2183,7560,P04,P00P04,S00P04,U04
210,2012-11-05,2182,2182,2128,2137,5362,M01,P00M01,P10M01,D04
211,2012-11-06,2137,2155,2123,2124,6060,M05,M00M05,S07M05,U04
212,2012-11-07,2132,2178,2114,2146,8170,P05,M00P05,M10P05,U04
213,2012-11-08,2139,2177,2137,2155,3860,P05,P00P05,S01P05,D04
214,2012-11-09,2137,2143,2098,2130,6290,M05,P00M05,P10M05,D04
215,2012-11-12,2096,2128,2096,2128,6260,P00,M00P00,S07P00,U04
216,2012-11-13,2114,2228,2091,2224,7190,P05,P00P05,S08P05,T01
217,2012-11-14,2364,2555,2341,2556,112160,P01,P00P01,P10P01,D04
218,2012-11-15,2923,2937,2432,2433,597292,M15,P00M15,P10M15,D04
219,2012-11-16,2364,2450,2078,2099,183128,M15,M10M15,S03M15,D04
220,2012-11-19,2105,2171,2091,2137,45060,P05,M10P05,M10P05,U04
221,2012-11-20,2255,2255,2105,2137,32030,M01,P00M01,S01M01,U04
222,2012-11-21,2146,2146,2055,2083,28330,M01,M00M01,S03M01,T01
223,2012-11-22,2114,2114,2032,2058,15231,M01,M00M01,M10M01,T01
224,2012-11-23,2030,2089,2030,2030,7415,K02,M00K02,M10K02,U04
225,2012-11-26,2030,2030,1889,1926,27469,M01,K00M01,M10M01,U04
226,2012-11-27,1934,1996,1914,1976,13620,P05,M00P05,S07P05,U04
227,2012-11-28,1998,2009,1928,1946,9770,M05,P00M05,S01M05,D04
228,2012-11-29,1993,1993,1914,1946,18230,M01,M00M01,S03M01,U04
229,2012-11-30,1991,1991,1932,1953,3025,M01,M00M01,M10M01,U04
230,2012-12-03,1937,1978,1937,1971,6860,P03,M00P03,M10P03,T01
231,2012-12-04,1957,1975,1941,1974,4950,P05,P00P05,S00P05,T01
232,2012-12-05,1973,2003,1909,1939,15381,M05,P00M05,P10M05,T01
233,2012-12-06,1946,1946,1912,1912,11541,M00,M00M00,S07M00,D04
234,2012-12-07,1921,2037,1891,1910,7491,M05,M00M05,M10M05,U04
235,2012-12-10,1909,1914,1889,1914,6460,K01,M00K01,M10K01,D04
236,2012-12-11,1905,1914,1818,1880,7954,M05,K00M05,S04M05,U04
237,2012-12-12,1875,1930,1859,1894,16381,P05,M00P05,S07P05,U04
238,2012-12-13,1896,1932,1887,1924,7980,P05,P00P05,S00P05,D04
239,2012-12-14,1889,1937,1889,1937,7301,P00,P00P00,P10P00,D04
240,2012-12-17,1902,1934,1896,1896,3090,M04,P00M04,P10M04,D04
241,2012-12-18,1887,1905,1864,1898,9120,P05,M00P05,S06P05,U04
242,2012-12-20,1877,1957,1877,1942,3120,P03,P00P03,S04P03,D04
243,2012-12-21,1937,1953,1902,1939,3959,K00,P00K00,P10K00,U03
244,2012-12-24,1914,2021,1909,1914,4952,K02,K00K02,P10K02,D04
245,2012-12-26,1989,1989,1868,1892,5312,M01,K00M01,P10M01,D04
246,2012-12-27,1893,1925,1868,1917,3440,P05,M00P05,S07P05,D04
247,2012-12-28,1877,1948,1877,1921,4750,P03,P00P03,S01P03,T01
248,2013-01-02,1914,2000,1914,1976,10410,P03,P00P03,P10P03,U04
249,2013-01-03,1955,1982,1932,1976,7550,P05,P00P05,P10P05,U04
250,2013-01-04,1975,1978,1905,1914,32010,M05,P00M05,P10M05,D04
251,2013-01-07,1918,1930,1873,1892,52760,M05,M00M05,S07M05,U01
252,2013-01-08,1902,1918,1862,1914,39610,P05,M00P05,M10P05,T01
253,2013-01-09,1914,1959,1887,1953,19200,P05,P00P05,S01P05,T01
254,2013-01-10,1918,1966,1916,1967,6031,P01,P00P01,P10P01,U04
255,2013-01-11,1966,2041,1921,1974,26160,K00,P00K00,P10K00,U04
256,2013-01-14,1932,2078,1932,2028,20451,P03,K00P03,P10P03,U02
257,2013-01-15,2028,2093,2025,2033,16320,K02,P00K02,P10K02,T01
258,2013-01-16,2066,2066,1998,2028,6830,M01,K00M01,P10M01,T01
259,2013-01-17,2000,2068,2000,2064,7260,P03,M00P03,S07P03,U03
260,2013-01-18,2046,2082,2023,2062,10940,P05,P00P05,S00P05,U04
261,2013-01-21,2073,2182,2055,2169,13680,P05,P00P05,P10P05,U04
262,2013-01-22,2169,2250,2137,2183,24730,P05,P00P05,P10P05,T01
263,2013-01-23,2182,2228,2137,2228,12200,P01,P00P01,P10P01,U03
264,2013-01-24,2184,2212,2164,2171,8150,M05,P00M05,P10M05,U04
265,2013-01-25,2171,2214,2157,2215,4750,P01,M00P01,S07P01,D04
266,2013-01-28,2244,2244,2137,2158,4643,M01,P00M01,S02M01,U04
267,2013-01-29,2137,2166,2137,2160,5240,P03,M00P03,S07P03,U02
268,2013-01-30,2159,2168,2114,2155,2940,M05,P00M05,S00M05,T01
269,2013-01-31,2219,2219,2118,2149,3120,M01,M00M01,S06M01,D04
270,2013-02-01,2178,2178,2087,2126,2840,M01,M00M01,M10M01,T01
271,2013-02-04,2127,2127,2048,2110,2580,M02,M00M02,M10M02,U04
272,2013-02-05,2093,2093,2046,2058,2210,M01,M00M01,M10M01,D04
273,2013-02-06,2025,2109,1991,2026,6270,K00,M00K00,M10K00,U04
274,2013-02-07,2034,2034,1980,2008,8370,M01,K00M01,S08M01,T01
275,2013-02-08,2009,2046,2009,2046,2710,P00,M00P00,S07P00,T01
276,2013-02-12,2112,2112,1989,2033,11040,M01,P00M01,S01M01,T01
277,2013-02-13,2032,2091,2005,2037,3410,K00,M00K00,S03K00,T01
278,2013-02-14,2064,2064,2037,2051,1580,M01,K00M01,S00M01,U04
279,2013-02-15,2050,2064,2007,2049,3430,M05,M00M05,S05M05,U01
280,2013-02-18,2048,2082,2048,2069,2591,P03,M00P03,S04P03,U01
281,2013-02-19,2066,2066,2000,2033,6933,M01,P00M01,S02M01,T01
282,2013-02-20,2046,2068,2032,2067,3680,P05,M00P05,S07P05,U04
283,2013-02-21,2037,2084,2034,2064,2870,P05,P00P05,S01P05,D04
284,2013-02-22,2068,2091,2034,2092,4130,P01,P00P01,P10P01,D04
285,2013-02-25,2164,2164,2091,2101,6670,M01,P00M01,P10M01,U04
286,2013-02-26,2100,2114,2068,2105,2780,K01,M00K01,S05K01,D04
287,2013-02-27,2055,2132,2055,2055,5070,K02,K00K02,S00K02,U04
288,2013-02-28,2059,2105,2050,2064,6792,K00,K00K00,P10K00,U04
289,2013-03-04,2073,2109,2066,2092,2160,P05,K00P05,S04P05,U04
290,2013-03-05,2114,2114,2055,2096,9010,M02,P00M02,P10M02,U04
291,2013-03-06,2114,2137,2073,2078,6330,M05,M00M05,S05M05,U04
292,2013-03-07,2082,2137,2075,2128,8251,P05,M00P05,M10P05,T01
293,2013-03-08,2132,2205,2114,2183,14008,P05,P00P05,S01P05,U04
294,2013-03-11,2191,2191,2137,2183,1500,M02,P00M02,P10M02,U04
295,2013-03-12,2182,2205,2050,2096,8750,M05,M00M05,S03M05,U03
296,2013-03-13,2114,2137,2048,2137,4400,P02,M00P02,M10P02,D04
297,2013-03-14,2093,2148,2093,2124,8530,P03,P00P03,S01P03,U01
298,2013-03-15,2123,2273,2123,2174,17090,P03,P00P03,P10P03,U04
299,2013-03-18,2257,2296,2182,2251,22060,M05,P00M05,P10M05,D04
300,2013-03-19,2273,2273,2207,2253,10620,M02,M00M02,S05M02,D04
301,2013-03-20,2273,2328,2228,2269,5560,M05,M00M05,S04M05,T01
302,2013-03-21,2337,2337,2223,2262,10540,M01,M00M01,S04M01,U04
303,2013-03-22,2250,2269,2205,2205,7690,M03,M00M03,M10M03,D04
304,2013-03-25,2205,2232,2187,2228,8050,P05,M00P05,M10P05,U04
305,2013-03-26,2205,2232,2146,2187,5000,M05,P00M05,S00M05,D04
306,2013-03-27,2184,2205,2141,2146,5400,M05,M00M05,S07M05,U04
307,2013-03-28,2155,2168,2132,2137,6060,M05,M00M05,M10M05,U02
308,2013-03-29,2137,2264,2137,2183,5030,P03,M00P03,M10P03,U02
309,2013-04-01,2173,2228,2159,2192,1890,P05,P00P05,S02P05,U04
310,2013-04-02,2264,2264,2091,2208,15750,M02,P00M02,P10M02,D04
311,2013-04-03,2182,2200,2137,2137,4350,M03,M00M03,S05M03,U04
312,2013-04-04,2137,2198,2091,2183,17780,P05,M00P05,M10P05,D04
313,2013-04-05,2182,2182,2130,2178,9490,M02,P00M02,S02M02,U03
314,2013-04-08,2098,2171,2046,2121,10400,P05,M00P05,S06P05,D04
315,2013-04-09,2109,2271,2046,2139,16870,P05,P00P05,S08P05,U04
316,2013-04-10,2139,2173,2114,2162,7380,P05,P00P05,P10P05,U04
317,2013-04-11,2219,2219,2128,2137,2641,M01,P00M01,P10M01,U04
318,2013-04-12,2146,2223,2137,2178,4720,P05,M00P05,S07P05,U01
319,2013-04-15,2214,2255,2166,2215,4960,K00,P00K00,S01K00,T01
320,2013-04-16,2182,2259,2148,2228,13890,P05,K00P05,P10P05,D04
321,2013-04-17,2250,2250,2194,2203,5020,M01,P00M01,P10M01,U04
322,2013-04-18,2194,2273,2182,2233,15028,P05,M00P05,S03P05,D04
323,2013-04-19,2232,2273,2200,2210,7090,M05,P00M05,S00M05,D04
324,2013-04-22,2212,2212,2187,2210,2920,M02,M00M02,S06M02,U04
325,2013-04-23,2230,2250,2166,2178,4860,M05,M00M05,S04M05,U04
326,2013-04-24,2255,2255,2180,2215,3010,M01,M00M01,M10M01,U04
327,2013-04-25,2187,2253,2187,2226,3190,P03,M00P03,M10P03,T01
328,2013-04-26,2193,2228,2159,2180,3500,M05,P00M05,S00M05,U04
329,2013-04-29,2250,2250,2162,2205,2120,M01,M00M01,S07M01,D04
330,2013-04-30,2209,2228,2191,2201,7371,M05,M00M05,M10M05,U04
331,2013-05-02,2209,2341,2200,2251,7400,P05,M00P05,M10P05,D04
332,2013-05-03,2282,2332,2264,2271,7741,M05,P00M05,S01M05,U04
333,2013-05-06,2405,2610,2309,2492,62640,P05,M00P05,S05P05,U04
334,2013-05-07,2482,2523,2437,2474,8310,M05,P00M05,S01M05,U04
335,2013-05-08,2478,2523,2441,2446,4140,M05,M00M05,S06M05,U02
336,2013-05-09,2432,2460,2391,2456,1691,P05,M00P05,M10P05,U04
337,2013-05-10,2455,2455,2396,2433,3190,M01,P00M01,S00M01,T01
338,2013-05-13,2500,2637,2364,2487,12306,M05,M00M05,S04M05,U04
339,2013-05-14,2500,2537,2437,2456,12490,M05,M00M05,M10M05,U01
340,2013-05-15,2446,2464,2387,2392,6040,M05,M00M05,M10M05,U04
341,2013-05-16,2391,2450,2373,2442,6320,P05,M00P05,M10P05,U03
342,2013-05-20,2455,2455,2450,2451,2720,M01,P00M01,S00M01,U04
343,2013-05-21,2405,2528,2391,2396,5770,M05,M00M05,S05M05,T01
344,2013-05-22,2405,2491,2396,2428,4080,P05,M00P05,M10P05,U02
345,2013-05-23,2514,2514,2369,2424,1710,M01,P00M01,S01M01,D04
346,2013-05-24,2369,2410,2328,2342,6040,M05,M00M05,S03M05,T01
347,2013-05-27,2341,2455,2278,2337,10660,M05,M00M05,M10M05,T01
348,2013-05-28,2350,2359,2318,2351,4410,K01,M00K01,M10K01,T01
349,2013-05-29,2328,2378,2328,2369,2770,P03,K00P03,S04P03,U04
350,2013-05-30,2359,2455,2296,2346,6070,M05,P00M05,P10M05,D04
351,2013-05-31,2346,2364,2323,2324,160,M05,M00M05,S06M05,U04
352,2013-06-03,2291,2341,2264,2278,9630,M05,M00M05,M10M05,D04
353,2013-06-04,2291,2455,2291,2337,3000,P04,M00P04,M10P04,U03
354,2013-06-05,2305,2391,2296,2305,770,K02,P00K02,S01K02,D04
355,2013-06-07,2291,2296,2273,2296,5840,K01,K00K01,P10K01,U04
356,2013-06-10,2296,2309,2282,2305,2250,K01,K00K01,S04K01,U04
357,2013-06-11,2319,2391,2273,2324,2960,K00,K00K00,S04K00,U02
358,2013-06-12,2332,2337,2273,2301,3260,M05,K00M05,P10M05,D04
359,2013-06-13,2350,2364,2264,2319,1710,M05,M00M05,S07M05,D04
360,2013-06-14,2319,2387,2296,2337,2370,P05,M00P05,M10P05,U04
361,2013-06-17,2378,2378,2273,2315,2360,M01,P00M01,S00M01,D04
362,2013-06-18,2319,2355,2287,2333,4590,P05,M00P05,S07P05,U04
363,2013-06-19,2332,2387,2273,2315,4980,M05,P00M05,S01M05,U04
364,2013-06-20,2278,2278,2223,2237,8341,M01,M00M01,S04M01,D04
365,2013-06-21,2228,2241,2118,2160,7030,M05,M00M05,M10M05,D04
366,2013-06-24,2121,2166,2064,2092,4182,M05,M00M05,M10M05,T01
367,2013-06-25,2091,2157,2028,2028,11520,M03,M00M03,M10M03,D04
368,2013-06-26,2171,2171,2005,2030,9960,M01,M00M01,M10M01,U04
369,2013-06-27,2209,2209,2096,2137,5510,M01,M00M01,M10M01,U04
370,2013-06-28,2198,2198,2096,2114,4780,M01,M00M01,M10M01,U04
371,2013-07-01,2096,2100,2096,2101,2730,K01,M00K01,M10K01,U01
372,2013-07-02,2223,2223,2057,2128,3480,M01,K00M01,S08M01,U04
373,2013-07-03,2118,2125,2059,2092,1590,M05,M00M05,S05M05,T01
374,2013-07-04,2128,2128,2037,2037,5570,M00,M00M00,M10M00,T01
375,2013-07-05,2046,2091,2037,2078,4320,P05,M00P05,M10P05,U04
376,2013-07-08,2078,2137,2050,2060,1990,M05,P00M05,S01M05,U04
377,2013-07-09,2046,2177,2037,2064,3000,P05,M00P05,S03P05,U02
378,2013-07-10,2062,2100,2025,2080,3410,P05,P00P05,S00P05,U04
379,2013-07-11,2057,2089,2041,2080,10951,P05,P00P05,P10P05,U04
380,2013-07-12,2050,2118,2032,2076,9170,P05,P00P05,P10P05,U04
381,2013-07-15,2075,2075,2030,2030,17300,M00,P00M00,P10M00,U04
382,2013-07-16,2087,2105,2023,2044,25240,M05,M00M05,S07M05,U03
383,2013-07-17,2043,2089,2037,2044,3720,K02,M00K02,M10K02,T01
384,2013-07-18,2032,2068,2023,2060,6530,P05,K00P05,S08P05,U04
385,2013-07-19,2091,2091,2023,2026,10291,M01,P00M01,P10M01,U01
386,2013-07-22,2028,2068,2023,2058,6570,P05,M00P05,S07P05,D04
387,2013-07-23,2091,2091,2023,2060,6441,M01,P00M01,S01M01,U04
388,2013-07-24,2046,2089,2023,2051,23120,K00,M00K00,S05K00,D04
389,2013-07-25,2046,2059,2018,2058,5183,P05,K00P05,S08P05,T01
390,2013-07-26,2057,2157,2023,2064,10190,K00,P00K00,S04K00,U04
391,2013-07-29,2066,2123,2055,2085,3720,P05,K00P05,S04P05,U03
392,2013-07-30,2105,2109,2068,2083,810,M05,P00M05,P10M05,D04
393,2013-07-31,2078,2100,2023,2067,8880,M05,M00M05,S03M05,U04
394,2013-08-01,2046,2109,2046,2092,5000,P03,M00P03,M10P03,U03
395,2013-08-02,2068,2087,2068,2069,1601,K02,P00K02,S02K02,U04
396,2013-08-05,2134,2134,2059,2083,3620,M01,K00M01,P10M01,U04
397,2013-08-06,2055,2080,2023,2080,19880,P01,M00P01,S05P01,U01
398,2013-08-07,2037,2075,2023,2062,5150,P05,P00P05,S08P05,D04
399,2013-08-08,2059,2075,2034,2046,4840,M05,P00M05,P10M05,D04
400,2013-08-09,2100,2128,2046,2053,2465,M05,M00M05,S06M05,U04
401,2013-08-12,2173,2173,2046,2046,3880,M00,M00M00,M10M00,T01
402,2013-08-13,2055,2068,2032,2060,5230,K01,M00K01,M10K01,U03
403,2013-08-14,2041,2107,2028,2064,4640,P05,K00P05,S01P05,U04
404,2013-08-16,2064,2078,2023,2024,6930,M05,P00M05,P10M05,D04
405,2013-08-19,2025,2025,1989,2024,10540,M02,M00M02,S07M02,T01
406,2013-08-20,2023,2059,2000,2017,4082,M05,M00M05,M10M05,D04
407,2013-08-21,2000,2025,1943,1985,6290,M05,M00M05,S04M05,U04
408,2013-08-22,1943,1975,1900,1905,10190,M05,M00M05,M10M05,D04
409,2013-08-23,1943,2043,1905,1933,5040,M05,M00M05,M10M05,U04
410,2013-08-26,2009,2009,1925,1971,2750,M01,M00M01,M10M01,U04
411,2013-08-27,1980,2000,1932,1933,1250,M05,M00M05,M10M05,T01
412,2013-08-28,1941,2000,1923,1944,1740,K00,M00K00,M10K00,D04
413,2013-08-29,1996,1996,1937,1937,3780,M00,K00M00,S01M00,U04
414,2013-08-30,2000,2000,1932,1953,5900,M01,M00M01,S07M01,U04
415,2013-09-02,2014,2014,1907,1939,110,M01,M00M01,M10M01,U04
416,2013-09-03,2046,2046,1923,1969,2110,M01,M00M01,M10M01,D04
417,2013-09-04,2018,2023,1952,1996,210,M05,M00M05,M10M05,U04
418,2013-09-05,2032,2032,1950,2001,1520,M01,M00M01,M10M01,U04
419,2013-09-06,2000,2000,1955,1992,1090,M02,M00M02,M10M02,U03
420,2013-09-09,2021,2041,1987,1992,1242,M05,M00M05,M10M05,T01
421,2013-09-10,2000,2023,1962,2001,7200,K00,M00K00,M10K00,U04
422,2013-09-11,1964,1998,1957,1958,4200,M05,K00M05,S01M05,U04
423,2013-09-12,1966,1978,1959,1978,1784,P01,M00P01,S07P01,T01
424,2013-09-13,1977,2014,1953,1976,3522,M05,P00M05,S01M05,T01
425,2013-09-16,1955,2068,1955,2033,3087,P03,M00P03,S04P03,U03
426,2013-09-17,2032,2032,1973,1974,2577,M01,P00M01,S02M01,T01
427,2013-09-23,1973,2018,1946,2001,2360,P05,M00P05,S06P05,D04
428,2013-09-24,2000,2005,1959,1983,2650,M05,P00M05,S00M05,T01
429,2013-09-25,2039,2039,1964,1987,6927,M01,M00M01,S06M01,U01
430,2013-09-26,2009,2014,1921,1987,5040,M05,M00M05,M10M05,T01
431,2013-09-27,1959,2000,1950,1951,4710,M05,M00M05,M10M05,U04
432,2013-09-30,1950,1987,1946,1964,5290,P05,M00P05,M10P05,T01
433,2013-10-01,1968,1998,1946,1964,4613,M05,P00M05,S04M05,T01
434,2013-10-02,1964,1996,1948,1974,4338,P05,M00P05,S04P05,U04
435,2013-10-04,1973,1973,1943,1958,5493,M01,P00M01,S04M01,D04
436,2013-10-07,1959,1975,1932,1935,6738,M05,M00M05,S04M05,U04
437,2013-10-08,1923,1943,1907,1939,5920,P05,M00P05,M10P05,D04
438,2013-10-10,1941,1955,1925,1939,1050,M05,P00M05,S00M05,D04
439,2013-10-11,1930,1962,1928,1962,6230,P01,M00P01,S04P01,U04
440,2013-10-14,1946,1973,1932,1967,6640,P05,P00P05,S02P05,U04
441,2013-10-15,1955,1966,1941,1951,5854,M05,P00M05,P10M05,U04
442,2013-10-16,1964,1964,1941,1944,542,M01,M00M01,S06M01,D04
443,2013-10-17,1946,1952,1918,1953,10042,K01,M00K01,M10K01,U04
444,2013-10-18,1932,1959,1932,1960,2210,P00,K00P00,S01P00,U04
445,2013-10-21,1959,1959,1937,1955,1950,M02,P00M02,P10M02,U04
446,2013-10-22,1959,1973,1959,1971,2052,P03,M00P03,S06P03,U02
447,2013-10-23,1959,1966,1941,1949,6042,M05,P00M05,S04M05,U03
448,2013-10-24,1948,1987,1946,1964,2821,P05,M00P05,S07P05,D04
449,2013-10-25,1968,1971,1946,1953,6260,M05,P00M05,S04M05,U04
450,2013-10-28,1941,1962,1941,1958,2280,P03,M00P03,S03P03,U04
451,2013-10-29,1959,1962,1952,1953,210,M05,P00M05,S00M05,T01
452,2013-10-30,1939,1966,1939,1953,2650,P03,M00P03,S04P03,U04
453,2013-10-31,1964,1964,1948,1960,2347,M02,P00M02,S08M02,D04
454,2013-11-01,1959,1968,1948,1958,1241,M05,M00M05,S05M05,D04
455,2013-11-04,1959,1968,1946,1955,2443,M05,M00M05,S04M05,U01
456,2013-11-05,1946,2000,1941,1996,7653,P05,M00P05,S04P05,U04
457,2013-11-06,2003,2012,1991,1992,3270,M05,P00M05,S02M05,U01
458,2013-11-07,1966,2002,1966,1996,8740,P03,M00P03,S03P03,T01
459,2013-11-08,1991,2000,1955,1994,6060,K01,P00K01,S00K01,D04
460,2013-11-11,1946,2018,1946,2001,2560,P03,K00P03,P10P03,U04
461,2013-11-12,1984,2109,1984,2046,9591,P03,P00P03,P10P03,T01
462,2013-11-13,2078,2137,2016,2085,18190,K00,P00K00,P10K00,T01
463,2013-11-14,2100,2130,2064,2085,3559,M05,K00M05,P10M05,U04
464,2013-11-15,2171,2171,2087,2128,6844,M01,M00M01,S03M01,U03
465,2013-11-18,2164,2169,2105,2162,8850,M05,M00M05,M10M05,U04
466,2013-11-19,2050,2159,2050,2142,1880,P03,M00P03,M10P03,D04
467,2013-11-20,2159,2159,2091,2092,670,M01,P00M01,S08M01,D04
468,2013-11-21,2087,2087,2005,2046,3077,M01,M00M01,S03M01,T01
469,2013-11-22,2023,2123,2023,2087,4820,P03,M00P03,M10P03,U04
470,2013-11-25,2130,2130,2037,2069,1740,M01,P00M01,S02M01,U04
471,2013-11-26,2121,2121,1959,2069,15430,M02,M00M02,S03M02,U01
472,2013-11-27,2064,2064,2014,2055,700,M02,M00M02,M10M02,U04
473,2013-11-28,2125,2125,2023,2024,1690,M01,M00M01,M10M01,U04
474,2013-11-29,2034,2075,1987,2044,3100,K00,M00K00,M10K00,U04
475,2013-12-02,2078,2078,1987,2042,1960,M01,K00M01,S01M01,U04
476,2013-12-03,2000,2030,1923,1937,14293,M05,M00M05,S03M05,D04
477,2013-12-04,1932,1982,1912,1939,9240,K00,M00K00,M10K00,T01
478,2013-12-05,1939,1959,1900,1933,3780,M05,K00M05,S00M05,T01
479,2013-12-06,2050,2050,1928,1960,2300,M01,M00M01,S04M01,T01
480,2013-12-09,1984,2000,1928,1978,1870,M05,M00M05,M10M05,U04
481,2013-12-10,2009,2009,1934,1992,2450,M02,M00M02,M10M02,U02
482,2013-12-11,2039,2039,1946,1969,980,M01,M00M01,M10M01,T01
483,2013-12-12,1966,1966,1914,1951,390,M02,M00M02,M10M02,D04
484,2013-12-13,1937,2075,1909,1949,2140,P05,M00P05,M10P05,T01
485,2013-12-16,1948,1948,1909,1919,3040,M01,P00M01,S08M01,U01
486,2013-12-17,1909,1952,1891,1953,4290,P01,M00P01,S07P01,U04
487,2013-12-18,1909,1948,1905,1944,1851,P05,P00P05,S02P05,T01
488,2013-12-19,1943,1996,1912,1951,1684,K00,P00K00,P10K00,U04
489,2013-12-20,1923,1941,1846,1885,8420,M05,K00M05,P10M05,D04
490,2013-12-23,1887,1948,1887,1942,2460,P03,M00P03,S07P03,U04
491,2013-12-24,1932,1932,1889,1898,1880,M01,P00M01,S01M01,U04
492,2013-12-26,1991,1991,1902,1933,110,M01,M00M01,S06M01,U02
493,2013-12-27,1900,1930,1887,1887,1530,M04,M00M04,M10M04,U04
494,2013-12-30,1896,1975,1891,1910,1417,P05,M00P05,M10P05,T01
495,2014-01-02,1914,1971,1902,1939,2310,P05,P00P05,S01P05,U04
496,2014-01-03,1877,1916,1877,1903,3120,P03,P00P03,P10P03,D04
497,2014-01-06,1905,1905,1859,1905,1820,K01,P00K01,P10K01,T01
498,2014-01-07,1946,2028,1889,1905,930,M05,K00M05,P10M05,D04
499,2014-01-08,1932,1932,1864,1880,4289,M01,M00M01,S07M01,U04
500,2014-01-09,1880,1887,1868,1876,4843,M05,M00M05,M10M05,U04
501,2014-01-10,1823,1887,1823,1887,6720,P00,M00P00,M10P00,T01
502,2014-01-13,1884,1912,1884,1912,750,P00,P00P00,S02P00,U04
503,2014-01-14,1921,1932,1918,1924,1060,K00,P00K00,P10K00,D04
504,2014-01-15,1975,1975,1841,1867,5057,M01,K00M01,P10M01,U04
505,2014-01-16,1866,1873,1866,1869,1653,K00,M00K00,S07K00,U04
506,2014-01-17,1877,1909,1871,1876,1950,M05,K00M05,S00M05,U01
507,2014-01-20,2046,2150,1941,1958,11462,M05,M00M05,S04M05,U01
508,2014-01-21,1937,2041,1912,2037,13350,P05,M00P05,M10P05,D04
509,2014-01-22,2037,2043,1966,2026,3170,M05,P00M05,S00M05,U04
510,2014-01-23,2059,2059,1941,1942,9180,M01,M00M01,S03M01,U04
511,2014-01-24,1946,1996,1923,1942,880,M05,M00M05,M10M05,D04
512,2014-01-27,1941,1950,1884,1942,2740,K01,M00K01,M10K01,D04
513,2014-01-28,1977,1977,1923,1962,4250,M02,K00M02,S04M02,D04
514,2014-01-29,1932,1964,1925,1964,2500,P01,M00P01,S05P01,U04
515,2014-02-03,1934,1957,1909,1912,950,M05,P00M05,S00M05,D04
516,2014-02-04,1912,1912,1882,1896,1330,M01,M00M01,S07M01,D04
517,2014-02-05,1887,1930,1887,1924,190,P03,M00P03,M10P03,U04
518,2014-02-06,1900,1982,1823,1912,7590,P05,P00P05,S02P05,D04
519,2014-02-07,1921,1932,1896,1905,1030,M05,P00M05,P10M05,U04
520,2014-02-10,1905,1978,1896,1935,3320,P05,M00P05,S03P05,U04
521,2014-02-11,1943,1946,1887,1935,1050,M05,P00M05,S02M05,U04
522,2014-02-12,1934,1959,1905,1960,1510,P01,M00P01,S03P01,U04
523,2014-02-13,1912,1964,1909,1924,3147,P05,P00P05,S02P05,U03
524,2014-02-14,1886,1953,1868,1903,3020,P05,P00P05,P10P05,U04
525,2014-02-17,1902,1923,1902,1924,770,P00,P00P00,P10P00,U04
526,2014-02-18,1909,1932,1891,1910,1850,K00,P00K00,P10K00,U01
527,2014-02-19,1896,1896,1871,1894,1951,M02,K00M02,P10M02,U04
528,2014-02-20,1902,1909,1841,1892,14640,M05,M00M05,S04M05,D04
529,2014-02-21,1891,1939,1891,1910,700,P03,M00P03,S04P03,U04
530,2014-02-24,1891,1893,1871,1887,1260,M05,P00M05,S04M05,T01
531,2014-02-25,1909,1909,1877,1885,3030,M01,M00M01,S07M01,U04
532,2014-02-26,1893,1955,1877,1905,4220,P05,M00P05,M10P05,T01
533,2014-02-27,1909,1932,1902,1903,2550,M05,P00M05,S01M05,U02
534,2014-02-28,2018,2018,1921,1951,1290,M01,M00M01,S04M01,U04
535,2014-03-03,1991,1991,1896,1896,2110,M00,M00M00,M10M00,T01
536,2014-03-04,1886,1907,1886,1903,6440,P03,M00P03,M10P03,D04
537,2014-03-05,1902,1950,1898,1905,1490,K02,P00K02,S00K02,U04
538,2014-03-06,1898,1930,1898,1903,6113,K02,K00K02,P10K02,U02
539,2014-03-07,1893,1909,1889,1903,2100,P05,K00P05,S04P05,T01
540,2014-03-10,1902,1950,1889,1937,2191,P05,P00P05,S04P05,D04
541,2014-03-11,1987,1987,1905,1908,1438,M01,P00M01,P10M01,T01
542,2014-03-12,1916,1916,1898,1903,4370,M01,M00M01,S03M01,D04
543,2014-03-13,1912,1993,1912,1930,5520,P04,M00P04,M10P04,U04
544,2014-03-14,1914,1923,1900,1919,1620,K01,P00K01,S01K01,D04
545,2014-03-17,1905,1937,1902,1930,1241,P05,K00P05,S04P05,D04
546,2014-03-18,1930,1968,1905,1905,2590,M03,P00M03,P10M03,U04
547,2014-03-19,1900,1914,1898,1905,2700,K00,M00K00,S07K00,U04
548,2014-03-20,1907,1907,1887,1887,4960,M00,K00M00,S08M00,D04
549,2014-03-21,1918,1918,1884,1903,3270,M01,M00M01,S07M01,U03
550,2014-03-24,1900,1930,1896,1905,1001,K00,M00K00,M10K00,D04
551,2014-03-25,1889,1909,1889,1910,2208,P00,K00P00,S04P00,D04
552,2014-03-26,1873,1914,1873,1901,871,P03,P00P03,P10P03,U03
553,2014-03-27,1909,1955,1905,1914,1919,K02,P00K02,P10K02,D04
554,2014-03-28,1893,1955,1893,1896,1420,K02,K00K02,P10K02,D04
555,2014-03-31,1900,1900,1893,1894,1730,M01,K00M01,P10M01,U02
556,2014-04-01,1923,1923,1868,1876,10440,M01,M00M01,S04M01,U04
557,2014-04-02,1875,1905,1875,1878,1850,K02,M00K02,M10K02,U04
558,2014-04-03,1880,1930,1877,1880,6210,K02,K00K02,S00K02,U03
559,2014-04-04,1882,1887,1875,1880,3650,M05,K00M05,S04M05,D04
560,2014-04-07,1882,1902,1875,1887,3190,K00,M00K00,S04K00,D04
561,2014-04-08,1846,1882,1846,1869,3940,P03,K00P03,S04P03,D04
562,2014-04-09,1871,1898,1871,1898,1940,P00,P00P00,P10P00,U04
563,2014-04-10,1887,1898,1864,1898,4381,P02,P00P02,P10P02,U04
564,2014-04-11,1873,1898,1873,1878,15250,K02,P00K02,P10K02,D04
565,2014-04-14,1877,1907,1871,1878,1420,K02,K00K02,P10K02,D04
566,2014-04-15,1887,1955,1882,1892,3390,K02,K00K02,S04K02,U04
567,2014-04-16,1891,1959,1891,1910,6580,P04,K00P04,S04P04,U04
568,2014-04-17,1912,1928,1909,1928,380,P01,P00P01,P10P01,U04
569,2014-04-18,1928,1928,1909,1926,1650,M02,P00M02,P10M02,U04
570,2014-04-21,1928,1928,1896,1910,2280,M01,M00M01,S04M01,U03
571,2014-04-22,1918,1918,1868,1876,18320,M01,M00M01,S04M01,U04
572,2014-04-23,1877,1902,1877,1896,3101,P03,M00P03,M10P03,U04
573,2014-04-24,1887,1889,1877,1878,4950,M05,P00M05,S01M05,D04
574,2014-04-25,1875,1905,1866,1885,5370,P05,M00P05,S06P05,U04
575,2014-04-28,1898,1898,1857,1876,5570,M01,P00M01,S04M01,D04
576,2014-04-29,1864,1880,1859,1876,1161,P05,M00P05,S03P05,T01
577,2014-04-30,1875,1877,1859,1876,6560,K01,P00K01,S08K01,U04
578,2014-05-02,1866,1884,1850,1883,4531,P05,K00P05,S04P05,U04
579,2014-05-07,1864,1877,1698,1853,3390,M05,P00M05,S04M05,D04
580,2014-05-08,1821,1850,1818,1851,3280,P01,M00P01,S07P01,D04
581,2014-05-09,1850,1909,1850,1887,1670,P03,P00P03,S08P03,D04
582,2014-05-12,1864,1877,1850,1873,2840,K01,P00K01,P10K01,U04
583,2014-05-13,1866,1886,1862,1867,2180,K02,K00K02,P10K02,U04
584,2014-05-14,1862,1877,1841,1864,3890,K00,K00K00,S04K00,D04
585,2014-05-15,1875,1875,1850,1864,540,M01,K00M01,S04M01,D04
586,2014-05-16,1850,1864,1825,1864,3390,P01,M00P01,S04P01,D04
587,2014-05-19,1864,1898,1750,1821,5890,M05,P00M05,S08M05,U04
588,2014-05-20,1882,1882,1832,1862,609,M01,M00M01,S07M01,U04
589,2014-05-21,1859,1864,1818,1864,3830,K01,M00K01,M10K01,D04
590,2014-05-22,1864,1864,1837,1862,1531,M02,K00M02,S00M02,U04
591,2014-05-23,1855,1859,1823,1858,750,K01,M00K01,S04K01,U04
592,2014-05-26,1832,1855,1818,1842,5540,P05,K00P05,S04P05,U04
593,2014-05-27,1841,1841,1823,1823,5390,M00,P00M00,P10M00,U04
594,2014-05-28,1832,1873,1827,1848,480,P05,M00P05,S07P05,U04
595,2014-05-29,1821,1848,1821,1833,690,P03,P00P03,S01P03,D04
596,2014-05-30,1841,1846,1827,1842,6390,K01,P00K01,P10K01,U04
597,2014-06-02,1850,1877,1821,1842,4939,M05,K00M05,P10M05,T01
598,2014-06-03,1841,1841,1793,1837,3684,M02,M00M02,S04M02,T01
599,2014-06-05,1818,1855,1796,1801,1432,M05,M00M05,S04M05,U04
600,2014-06-09,1800,1841,1800,1828,3977,P03,M00P03,M10P03,U04
601,2014-06-10,1791,1818,1775,1814,2387,P05,P00P05,S02P05,U04
602,2014-06-11,1814,1818,1789,1814,2471,K01,P00K01,P10K01,U01
603,2014-06-12,1773,1864,1773,1864,5107,P00,K00P00,P10P00,T01
604,2014-06-13,1873,1873,1805,1810,3158,M01,P00M01,P10M01,D04
605,2014-06-16,1784,1814,1777,1792,1638,K00,M00K00,S03K00,U04
606,2014-06-17,1793,1816,1793,1812,549,P03,K00P03,S08P03,U03
607,2014-06-18,1841,1841,1787,1817,3578,M01,P00M01,P10M01,U04
608,2014-06-19,1841,1841,1814,1814,63,M00,M00M00,S05M00,U04
609,2014-06-20,1812,1812,1757,1778,2736,M01,M00M01,M10M01,T01
610,2014-06-23,1882,1882,1762,1823,1797,M01,M00M01,M10M01,U03
611,2014-06-24,1800,1800,1775,1776,972,M01,M00M01,M10M01,T01
612,2014-06-25,1755,1782,1755,1773,1169,P03,M00P03,M10P03,D04
613,2014-06-26,1752,1796,1743,1796,10114,P01,P00P01,S08P01,U04
614,2014-06-27,1807,1807,1759,1773,1182,M01,P00M01,P10M01,T01
615,2014-06-30,1775,1775,1727,1751,7764,M01,M00M01,S03M01,U04
616,2014-07-01,1746,1757,1743,1755,2316,P05,M00P05,M10P05,U03
617,2014-07-02,1741,1780,1727,1773,866,P05,P00P05,S00P05,U04
618,2014-07-03,1784,1784,1741,1762,652,M01,P00M01,P10M01,T01
619,2014-07-04,1793,1793,1768,1771,482,M01,M00M01,S03M01,T01
620,2014-07-07,1771,1777,1712,1767,2047,M05,M00M05,M10M05,U04
621,2014-07-08,1775,1775,1727,1769,575,M02,M00M02,M10M02,D04
622,2014-07-09,1771,1773,1759,1773,1801,K01,M00K01,S04K01,D04
623,2014-07-10,1771,1773,1750,1769,1077,M05,K00M05,S04M05,U04
624,2014-07-11,1737,1771,1725,1730,2537,M05,M00M05,S04M05,D04
625,2014-07-14,1727,1764,1705,1748,5175,P05,M00P05,M10P05,U04
626,2014-07-15,1687,1768,1682,1701,9478,P05,P00P05,S02P05,U04
627,2014-07-16,1714,1714,1675,1696,1676,M01,P00M01,P10M01,D04
628,2014-07-17,1696,1712,1680,1710,4245,P05,M00P05,S03P05,U03
629,2014-07-18,1721,1721,1636,1669,11666,M01,P00M01,S00M01,D04
630,2014-07-21,1666,1714,1666,1689,5749,P03,M00P03,S07P03,U04
631,2014-07-22,1689,1725,1687,1701,703,P05,P00P05,S00P05,T01
632,2014-07-23,1727,1737,1700,1719,8151,M05,P00M05,P10M05,U04
633,2014-07-24,1746,1864,1746,1796,21033,P03,M00P03,S05P03,U04
634,2014-07-25,1773,1846,1727,1817,14465,P05,P00P05,S01P05,T01
635,2014-07-28,1814,1827,1796,1796,6864,M03,P00M03,P10M03,D04
636,2014-07-29,1846,1846,1752,1764,5804,M01,M00M01,S06M01,T01
637,2014-07-30,1766,1841,1737,1819,8476,P05,M00P05,M10P05,T01
638,2014-07-31,1864,1864,1743,1796,10823,M01,P00M01,S01M01,U04
639,2014-08-01,1768,1796,1750,1755,825,M05,M00M05,S03M05,D04
640,2014-08-04,1755,1800,1732,1755,645,K00,M00K00,M10K00,D04
641,2014-08-05,1755,1818,1746,1764,3309,P05,K00P05,S04P05,U04
642,2014-08-06,1755,1805,1750,1773,4219,P05,P00P05,S04P05,D04
643,2014-08-07,1780,1780,1757,1760,1266,M01,P00M01,P10M01,U01
644,2014-08-08,1739,1816,1739,1808,1804,P03,M00P03,S03P03,D04
645,2014-08-11,1800,1800,1764,1764,970,M00,P00M00,S02M00,U04
646,2014-08-12,1764,1793,1743,1794,34,P01,M00P01,S06P01,U04
647,2014-08-13,1809,1839,1757,1830,4770,P05,P00P05,S00P05,T01
648,2014-08-14,1796,1800,1762,1783,7492,M05,P00M05,P10M05,U04
649,2014-08-18,1789,1789,1755,1783,8535,M02,M00M02,S07M02,U03
650,2014-08-19,1789,1818,1789,1792,1964,K02,M00K02,S04K02,U04
651,2014-08-20,1791,1816,1743,1773,4926,M05,K00M05,S04M05,U04
652,2014-08-21,1791,1800,1780,1798,1592,K01,M00K01,S07K01,T01
653,2014-08-22,1798,1805,1773,1796,835597,M05,K00M05,S01M05,U02
654,2014-08-25,1821,2064,1821,1892,600261,P04,M00P04,S04P04,U02
655,2014-08-26,1891,1891,1798,1844,91388,M01,P00M01,S01M01,U04
656,2014-08-27,1843,1873,1802,1810,25421,M05,M00M05,S06M05,U04
657,2014-08-28,1841,1841,1773,1798,23299,M01,M00M01,M10M01,T01
658,2014-08-29,1846,1846,1739,1753,23180,M01,M00M01,M10M01,T01
659,2014-09-01,1805,1805,1714,1742,27477,M01,M00M01,M10M01,T01
660,2014-09-02,1768,1782,1727,1742,4369,M05,M00M05,M10M05,U04
661,2014-09-03,1741,1887,1741,1808,21379,P03,M00P03,M10P03,U04
662,2014-09-04,1818,1848,1805,1837,14805,P05,P00P05,S02P05,D04
663,2014-09-05,1839,1855,1818,1837,9610,M05,P00M05,P10M05,T01
664,2014-09-11,1780,1855,1775,1851,83484,P05,M00P05,S03P05,U04
665,2014-09-12,1893,1896,1846,1887,23462,M05,P00M05,S02M05,U02
666,2014-09-15,1877,1887,1841,1871,7065,M05,M00M05,S05M05,D04
667,2014-09-16,1896,1896,1843,1844,9453,M01,M00M01,M10M01,D04
668,2014-09-17,1841,1864,1818,1848,4188,K00,M00K00,M10K00,U04
669,2014-09-18,1891,1891,1823,1823,4745,M00,K00M00,S00M00,U03
670,2014-09-19,1855,1855,1818,1855,2597,K01,M00K01,S07K01,U04
671,2014-09-22,1882,1882,1837,1855,1585,M01,K00M01,M10M01,D04
672,2014-09-23,1843,1887,1812,1814,7651,M05,M00M05,S07M05,D04
673,2014-09-24,1818,1855,1784,1814,6402,M05,M00M05,M10M05,D04
674,2014-09-25,1857,1857,1807,1819,5951,M01,M00M01,M10M01,U04
675,2014-09-26,1784,1846,1777,1785,1262,K02,M00K02,M10K02,D04
676,2014-09-29,1846,1846,1777,1796,6967,M01,K00M01,S08M01,U04
677,2014-09-30,1855,1855,1777,1783,3323,M01,M00M01,S05M01,T01
678,2014-10-01,1775,1830,1775,1776,3754,K02,M00K02,M10K02,D04
679,2014-10-02,1782,1814,1764,1798,3649,P05,K00P05,S08P05,D04
680,2014-10-06,1798,1805,1737,1780,4533,M05,P00M05,P10M05,U04
681,2014-10-07,1791,1793,1752,1773,338,M05,M00M05,S07M05,D04
682,2014-10-08,1750,1793,1750,1787,2115,P03,M00P03,M10P03,D04
683,2014-10-10,1793,1793,1741,1746,2470,M01,P00M01,S00M01,D04
684,2014-10-13,1746,1746,1659,1660,8481,M01,M00M01,S07M01,D04
685,2014-10-14,1664,1698,1659,1683,1224,P05,M00P05,M10P05,D04
686,2014-10-15,1725,1727,1659,1685,1967,M05,P00M05,S01M05,U04
687,2014-10-16,1750,1750,1682,1705,2081,M01,M00M01,S05M01,D04
688,2014-10-17,1741,1741,1673,1701,1164,M01,M00M01,M10M01,U01
689,2014-10-20,1675,1746,1675,1689,1507,P04,M00P04,M10P04,U04
690,2014-10-21,1716,1723,1673,1689,1939,M05,P00M05,S08M05,U04
691,2014-10-22,1689,1709,1636,1678,8907,M05,M00M05,S03M05,U04
692,2014-10-23,1700,1700,1614,1678,2237,M02,M00M02,M10M02,D04
693,2014-10-24,1682,1682,1614,1617,8440,M01,M00M01,M10M01,U04
694,2014-10-27,1636,1668,1632,1653,2819,P05,M00P05,M10P05,U04
695,2014-10-28,1652,1652,1598,1623,5699,M01,P00M01,S01M01,U01
696,2014-10-29,1602,1630,1591,1601,7967,M05,M00M05,S07M05,U04
697,2014-10-30,1600,1625,1589,1610,7068,P05,M00P05,M10P05,D04
698,2014-10-31,1609,1625,1589,1614,878,K00,P00K00,S04K00,U04
699,2014-11-03,1616,1616,1591,1592,2221,M01,K00M01,S04M01,U04
700,2014-11-04,1591,1611,1550,1551,2342,M05,M00M05,S07M05,U03
701,2014-11-05,1591,1591,1546,1573,1623,M01,M00M01,M10M01,D04
702,2014-11-06,1561,1577,1498,1521,17691,M05,M00M05,M10M05,T01
703,2014-11-07,1523,1568,1511,1546,3096,P05,M00P05,M10P05,U04
704,2014-11-10,1564,1573,1527,1569,3177,K01,P00K01,S01K01,T01
705,2014-11-11,1589,1611,1586,1592,1092,K02,K00K02,P10K02,U04
706,2014-11-12,1616,1616,1577,1580,2657,M01,K00M01,P10M01,U03
707,2014-11-13,1750,1791,1614,1683,17272,M05,M00M05,S07M05,U04
708,2014-11-14,1689,1716,1627,1717,4910,P02,M00P02,M10P02,U02
709,2014-11-17,1668,1725,1636,1683,3335,P05,P00P05,S01P05,U03
710,2014-11-18,1705,1805,1682,1751,1101,P05,P00P05,P10P05,D04
711,2014-11-19,1750,1750,1668,1696,478,M01,P00M01,P10M01,U04
712,2014-11-20,1648,1739,1648,1730,5128,P03,M00P03,S07P03,D04
713,2014-11-21,1727,1734,1668,1723,2943,M05,P00M05,S00M05,U04
714,2014-11-24,1721,1746,1659,1685,2888,M05,M00M05,S06M05,U03
715,2014-11-25,1746,1746,1666,1694,155,M01,M00M01,M10M01,U04
716,2014-11-26,1675,1727,1661,1678,1452,K00,M00K00,M10K00,U01
717,2014-11-27,1721,1721,1659,1660,4073,M01,K00M01,S08M01,U01
718,2014-11-28,1666,1702,1646,1660,1522,M05,M00M05,S07M05,U04
719,2014-12-01,1659,1723,1659,1710,2597,P03,M00P03,M10P03,U01
720,2014-12-02,1682,1750,1682,1751,813,P00,P00P00,S02P00,D04
721,2014-12-03,1750,1750,1727,1739,1219,M01,P00M01,P10M01,U04
722,2014-12-04,1750,1750,1709,1737,5215,M02,M00M02,S06M02,U04
723,2014-12-05,1689,1759,1689,1701,2548,P04,M00P04,S04P04,T01
724,2014-12-08,1727,1727,1682,1683,556,M01,P00M01,S08M01,U03
725,2014-12-09,1682,1768,1643,1669,8503,M05,M00M05,S07M05,D04
726,2014-12-10,1675,1727,1675,1687,2201,P04,M00P04,M10P04,U04
727,2014-12-11,1725,1725,1664,1689,1078,M01,P00M01,S01M01,D04
728,2014-12-12,1746,1746,1673,1673,1402,M00,M00M00,S05M00,U04
729,2014-12-15,1682,1727,1661,1723,5054,P05,M00P05,M10P05,D04
730,2014-12-16,1702,1702,1659,1701,3278,M02,P00M02,S01M02,D04
731,2014-12-17,1661,1818,1661,1737,2462,P03,M00P03,S06P03,D04
732,2014-12-18,1741,1741,1602,1673,3027,M01,P00M01,S02M01,U04
733,2014-12-19,1682,1727,1666,1669,289,M05,M00M05,S03M05,U04
734,2014-12-22,1725,1725,1650,1683,6225,M01,M00M01,M10M01,U04
735,2014-12-23,1682,1750,1650,1739,2866,P05,M00P05,M10P05,U04
736,2014-12-24,1696,1730,1673,1687,1705,M05,P00M05,S02M05,D04
737,2014-12-26,1748,1748,1664,1721,502,M02,M00M02,S06M02,U03
738,2014-12-29,1689,1743,1689,1694,309,K02,M00K02,M10K02,U04
739,2014-12-30,1693,1707,1682,1708,653,P01,K00P01,S08P01,T01
740,2015-01-02,1721,1721,1659,1671,1284,M01,P00M01,P10M01,D04
741,2015-01-05,1677,1723,1655,1705,1685,P05,M00P05,S07P05,T01
742,2015-01-06,1673,1680,1646,1673,7049,K01,P00K01,S01K01,D04
743,2015-01-07,1723,1723,1659,1669,1598,M01,K00M01,P10M01,D04
744,2015-01-08,1675,1689,1636,1683,2773,K01,M00K01,S07K01,U04
745,2015-01-09,1773,1773,1661,1669,3529,M01,K00M01,S01M01,U04
746,2015-01-12,1680,1682,1659,1678,2307,M05,M00M05,S07M05,D04
747,2015-01-13,1723,1723,1634,1642,9056,M01,M00M01,M10M01,D04
748,2015-01-14,1650,1664,1618,1619,3749,M05,M00M05,M10M05,T01
749,2015-01-15,1618,1675,1618,1635,751,P04,M00P04,M10P04,D04
750,2015-01-16,1634,1682,1596,1614,5026,M05,P00M05,S00M05,D04
751,2015-01-19,1620,1677,1600,1610,2841,M05,M00M05,S07M05,D04
752,2015-01-20,1616,1698,1614,1617,2804,K02,M00K02,M10K02,U04
753,2015-01-21,1623,1664,1611,1637,2722,P05,K00P05,S04P05,U04
754,2015-01-22,1659,1677,1614,1653,3749,M05,P00M05,P10M05,U03
755,2015-01-23,1652,1677,1632,1669,2016,P05,M00P05,S05P05,U04
756,2015-01-26,1700,1700,1655,1678,7097,M01,P00M01,S02M01,U02
757,2015-01-27,1677,1727,1668,1728,3544,P01,M00P01,S05P01,U04
758,2015-01-28,1687,1737,1682,1728,6283,P05,P00P05,S02P05,D04
759,2015-01-29,1687,1734,1682,1728,3392,P05,P00P05,P10P05,D04
760,2015-01-30,1700,1746,1682,1728,2184,P05,P00P05,P10P05,U04
761,2015-02-02,1748,1748,1700,1735,2128,M02,P00M02,P10M02,D04
762,2015-02-03,1741,1741,1700,1717,1801,M01,M00M01,S05M01,U04
763,2015-02-04,1743,1746,1636,1705,4374,M05,M00M05,M10M05,U04
764,2015-02-05,1682,1730,1614,1683,2983,K00,M00K00,M10K00,T01
765,2015-02-06,1646,1718,1646,1719,3358,P00,K00P00,S08P00,U04
766,2015-02-09,1741,1741,1702,1719,1266,M01,P00M01,P10M01,D04
767,2015-02-10,1741,1741,1705,1726,3110,M01,M00M01,S03M01,D04
768,2015-02-11,1732,1732,1639,1726,4293,M02,M00M02,M10M02,U04
769,2015-02-12,1727,1741,1684,1728,5441,K01,M00K01,S04K01,U04
770,2015-02-13,1700,1773,1700,1764,7444,P03,K00P03,S04P03,U04
771,2015-02-16,1768,1950,1768,1830,65056,P03,P00P03,P10P03,U04
772,2015-02-17,1896,1939,1823,1892,40733,M05,P00M05,P10M05,U04
773,2015-02-23,1864,1900,1805,1819,26362,M05,M00M05,S05M05,U04
774,2015-02-24,1864,1864,1793,1801,13603,M01,M00M01,M10M01,U02
775,2015-02-25,1877,1877,1780,1833,19222,M01,M00M01,M10M01,U02
776,2015-02-26,1832,1864,1821,1864,9716,P01,M00P01,M10P01,T01
777,2015-02-27,1846,1909,1846,1894,11148,P03,P00P03,S00P03,U04
778,2015-03-02,1868,1907,1796,1801,28485,M05,P00M05,P10M05,D04
779,2015-03-03,1887,1887,1746,1753,31540,M01,M00M01,S07M01,U04
780,2015-03-04,1750,1816,1709,1733,24711,M05,M00M05,M10M05,D04
781,2015-03-05,1766,1766,1732,1751,2761,M01,M00M01,M10M01,T01
782,2015-03-06,1737,1787,1737,1776,11239,P03,M00P03,M10P03,U04
783,2015-03-09,1802,2041,1773,1978,171181,P05,P00P05,S02P05,D04
784,2015-03-10,1964,2087,1918,1996,85462,P05,P00P05,P10P05,U04
785,2015-03-11,1996,2291,1978,1978,369330,M04,P00M04,P10M04,D04
786,2015-03-12,2000,2164,1977,2092,92287,P05,M00P05,S03P05,T01
787,2015-03-13,2068,2091,1980,2005,44024,M05,P00M05,S01M05,U04
788,2015-03-16,2043,2046,1953,2021,18586,M05,M00M05,S06M05,D04
789,2015-03-17,2034,2034,1964,1974,10429,M01,M00M01,M10M01,U04
790,2015-03-18,2032,2032,1957,1967,24379,M01,M00M01,M10M01,U02
791,2015-03-19,1975,2037,1959,1976,13903,K02,M00K02,M10K02,U04
792,2015-03-20,2009,2037,1955,1980,11888,M05,K00M05,S01M05,U03
793,2015-03-23,2082,2091,1950,2062,17048,M05,M00M05,S05M05,U04
794,2015-03-24,2039,2182,2039,2142,19401,P03,M00P03,M10P03,D04
795,2015-03-25,2200,2428,2196,2305,81075,P05,P00P05,S02P05,D04
796,2015-03-26,2271,2319,2214,2319,30808,P01,P00P01,P10P01,D04
797,2015-03-27,2319,2664,2319,2378,376138,P04,P00P04,P10P04,T01
798,2015-03-30,2378,2400,2164,2274,117555,M05,P00M05,P10M05,U04
799,2015-03-31,2237,2273,2196,2199,40193,M05,M00M05,S07M05,U04
800,2015-04-01,2184,2319,2184,2315,12694,P03,M00P03,M10P03,D04
801,2015-04-02,2319,2387,2271,2369,26021,P05,P00P05,S02P05,D04
802,2015-04-03,2359,2441,2262,2301,39589,M05,P00M05,P10M05,D04
803,2015-04-06,2296,2341,2246,2296,21455,K00,M00K00,S07K00,U02
804,2015-04-07,2296,2337,2241,2269,21390,M05,K00M05,M10M05,U04
805,2015-04-08,2341,2364,2239,2296,18096,M05,M00M05,S07M05,T01
806,2015-04-09,2337,2523,2296,2437,43130,P05,M00P05,M10P05,U04
807,2015-04-10,2491,2523,2309,2396,28603,M05,P00M05,S01M05,U04
808,2015-04-13,2387,2419,2319,2333,12365,M05,M00M05,S03M05,U04
809,2015-04-14,2332,2341,2250,2310,14824,M05,M00M05,M10M05,T01
810,2015-04-15,2355,2378,2296,2378,13034,P02,M00P02,M10P02,T01
811,2015-04-16,2332,2432,2323,2374,8183,P05,P00P05,S01P05,U04
812,2015-04-17,2359,2437,2296,2410,28960,P05,P00P05,P10P05,T01
813,2015-04-20,2405,2405,2319,2378,26688,M02,P00M02,P10M02,D04
814,2015-04-21,2400,2400,2305,2365,19998,M01,M00M01,S06M01,U04
815,2015-04-22,2364,2446,2180,2269,30781,M05,M00M05,M10M05,U04
816,2015-04-23,2269,2355,2198,2199,14855,M05,M00M05,M10M05,U04
817,2015-04-24,2205,2291,2205,2267,9561,P03,M00P03,M10P03,U04
818,2015-04-27,2237,2291,2169,2251,12237,P05,P00P05,S01P05,U04
819,2015-04-28,2230,2305,2155,2228,15344,M05,P00M05,P10M05,D04
820,2015-04-29,2228,2269,2228,2269,9259,P00,M00P00,S07P00,T01
821,2015-04-30,2291,2291,2205,2240,10498,M01,P00M01,S02M01,D04
822,2015-05-04,2237,2239,2178,2201,7877,M05,M00M05,S03M05,U04
823,2015-05-06,2182,2196,2050,2155,18722,M05,M00M05,M10M05,D04
824,2015-05-07,2114,2228,2080,2137,4003,P05,M00P05,M10P05,D04
825,2015-05-08,2137,2228,2114,2149,5188,P05,P00P05,S08P05,U04
826,2015-05-11,2196,2198,2155,2187,1886,M05,P00M05,P10M05,U04
827,2015-05-12,2244,2244,2178,2208,3907,M01,M00M01,S05M01,T01
828,2015-05-13,2182,2223,2114,2201,6894,P05,M00P05,M10P05,D04
829,2015-05-14,2228,2350,2228,2292,14837,P03,P00P03,S08P03,U02
830,2015-05-15,2291,2332,2246,2269,5567,M05,P00M05,P10M05,U04
831,2015-05-18,2341,2346,2246,2310,6722,M05,M00M05,S06M05,T01
832,2015-05-19,2319,2355,2237,2242,11757,M05,M00M05,M10M05,U04
833,2015-05-20,2250,2323,2246,2251,15734,K02,M00K02,M10K02,T01
834,2015-05-21,2241,2309,2228,2228,4713,M04,K00M04,S01M04,T01
835,2015-05-22,2219,2314,2205,2249,3521,P05,M00P05,S07P05,U04
836,2015-05-26,2309,2309,2187,2287,5291,M02,P00M02,S02M02,T01
837,2015-05-27,2314,2332,2255,2328,17763,P05,M00P05,S05P05,D04
838,2015-05-28,2400,2587,2341,2501,39442,P05,P00P05,S01P05,U04
839,2015-05-29,2505,2523,2369,2474,20479,M05,P00M05,P10M05,T01
840,2015-06-01,2464,2478,2332,2437,9748,M05,M00M05,S03M05,D04
841,2015-06-02,2478,2478,2319,2383,13510,M01,M00M01,M10M01,U03
842,2015-06-03,2296,2378,2262,2324,18156,P05,M00P05,M10P05,T01
843,2015-06-04,2323,2323,2228,2265,7138,M01,P00M01,S08M01,U04
844,2015-06-05,2191,2257,2189,2246,4734,P05,M00P05,S07P05,D04
845,2015-06-08,2241,2300,2232,2274,3281,P05,P00P05,S08P05,U03
846,2015-06-09,2309,2314,2250,2278,2692,M05,P00M05,P10M05,D04
847,2015-06-10,2264,2305,2250,2287,5300,P05,M00P05,S05P05,T01
848,2015-06-11,2323,2359,2273,2315,5550,M05,P00M05,S00M05,U04
849,2015-06-12,2350,2359,2296,2324,4801,M05,M00M05,S05M05,U02
850,2015-06-15,2314,2428,2232,2244,7307,M05,M00M05,M10M05,D04
851,2015-06-16,2205,2248,2205,2221,2124,P03,M00P03,M10P03,D04
852,2015-06-17,2191,2341,2191,2296,3730,P03,P00P03,S08P03,U04
853,2015-06-18,2332,2332,2241,2283,998,M01,P00M01,P10M01,U03
854,2015-06-19,2309,2319,2241,2315,3096,K01,M00K01,S03K01,U04
855,2015-06-22,2278,2405,2278,2401,12040,P03,K00P03,S01P03,D04
856,2015-06-23,2400,2432,2323,2378,11716,M05,P00M05,P10M05,U04
857,2015-06-24,2368,2428,2350,2383,4843,P05,M00P05,S06P05,U02
858,2015-06-25,2364,2423,2359,2369,2490,K02,P00K02,S00K02,D04
859,2015-06-26,2382,2382,2323,2360,3199,M01,K00M01,S04M01,T01
860,2015-06-29,2278,2319,2205,2249,9484,M05,M00M05,S04M05,D04
861,2015-06-30,2191,2305,2141,2255,17094,P05,M00P05,M10P05,D04
862,2015-07-01,2253,2287,2205,2260,8037,K00,P00K00,S00K00,U04
863,2015-07-02,2296,2296,2203,2242,14214,M01,K00M01,P10M01,U04
864,2015-07-03,2237,2300,2228,2258,12825,P05,M00P05,S07P05,U04
865,2015-07-06,2250,2296,2175,2192,11826,M05,P00M05,S00M05,T01
866,2015-07-07,2182,2269,2116,2183,19450,K00,M00K00,S07K00,D04
867,2015-07-08,2207,2278,2162,2205,12319,M05,K00M05,S08M05,U02
868,2015-07-09,2182,2182,2048,2119,11636,M01,M00M01,S05M01,D04
869,2015-07-10,2118,2175,2105,2169,8061,P05,M00P05,M10P05,U03
870,2015-07-13,2146,2246,2146,2235,2152,P03,P00P03,S00P03,U04
871,2015-07-14,2221,2266,2159,2203,6716,M05,P00M05,P10M05,U04
872,2015-07-15,2257,2257,2191,2217,7171,M01,M00M01,S06M01,U04
873,2015-07-16,2264,2269,2173,2237,9805,M05,M00M05,M10M05,T01
874,2015-07-17,2228,2246,2182,2192,18559,M05,M00M05,M10M05,U04
875,2015-07-20,2200,2225,2187,2210,8283,K00,M00K00,M10K00,U04
876,2015-07-21,2296,2305,2209,2251,11551,M05,K00M05,S01M05,U03
877,2015-07-22,2232,2309,2232,2274,12162,P03,M00P03,S05P03,T01
878,2015-07-23,2282,2409,2282,2387,44644,P03,P00P03,S00P03,D04
879,2015-07-24,2387,2450,2305,2351,11387,M05,P00M05,P10M05,D04
880,2015-07-27,2314,2450,2314,2446,15385,P03,M00P03,S03P03,D04
881,2015-07-28,2450,3169,2450,2546,817925,P04,P00P04,S02P04,D04
882,2015-07-29,2573,2819,2500,2819,219458,P01,P00P01,P10P01,U04
883,2015-07-30,2910,2951,2432,2446,168076,M15,P00M15,P10M15,U04
884,2015-07-31,2455,2573,2287,2337,165338,M05,M10M05,S07M05,U04
885,2015-08-03,2432,2482,2337,2378,47273,M05,M00M05,M10M05,T01
886,2015-08-04,2400,2432,2332,2365,24180,M05,M00M05,M10M05,T01
887,2015-08-05,2369,2410,2259,2278,52694,M05,M00M05,M10M05,T01
888,2015-08-06,2319,2396,2273,2305,77790,M05,M00M05,M10M05,U04
889,2015-08-07,2278,2396,2278,2360,25674,P03,M00P03,M10P03,D04
890,2015-08-10,2400,2400,2319,2360,13432,M01,P00M01,S02M01,T01
891,2015-08-11,2359,2359,2241,2274,29285,M01,M00M01,S03M01,U04
892,2015-08-12,2273,2364,2173,2212,38262,M05,M00M05,M10M05,D04
893,2015-08-13,2212,2250,2184,2196,10180,M05,M00M05,M10M05,U02
894,2015-08-17,2198,2587,2198,2292,167152,P04,M00P04,M10P04,U04
895,2015-08-18,2291,2319,2137,2215,33180,M05,P00M05,S01M05,U04
896,2015-08-19,2271,2273,2082,2135,26849,M05,M00M05,S06M05,D04
897,2015-08-20,2178,2178,2053,2137,9928,M02,M00M02,M10M02,D04
898,2015-08-21,2071,2159,2000,2076,15051,K00,M00K00,M10K00,D04
899,2015-08-24,2175,2175,1914,2021,20710,M01,K00M01,S08M01,D04
900,2015-08-25,2023,2059,1937,1951,11033,M05,M00M05,S07M05,D04
901,2015-08-26,1950,2000,1909,1989,13815,P05,M00P05,M10P05,D04
902,2015-08-27,1980,2046,1980,1985,13565,K02,P00K02,S00K02,U04
903,2015-08-28,2034,2041,1982,2024,11199,M05,K00M05,P10M05,U04
904,2015-08-31,2041,2064,1996,2055,7301,P05,M00P05,S05P05,U04
905,2015-09-01,2055,2059,2028,2060,4186,K01,P00K01,S01K01,D04
906,2015-09-02,2109,2137,2025,2114,5703,K01,K00K01,S04K01,D04
907,2015-09-03,2153,2155,2062,2155,6328,K01,K00K01,P10K01,U04
908,2015-09-04,2205,2291,2103,2190,20668,M05,K00M05,P10M05,D04
909,2015-09-07,2250,2250,2128,2203,5611,M01,M00M01,S05M01,D04
910,2015-09-08,2223,2223,2091,2110,5310,M01,M00M01,M10M01,D04
911,2015-09-09,2182,2209,2112,2199,2871,P05,M00P05,M10P05,U04
912,2015-09-10,2203,2203,2105,2155,12446,M01,P00M01,S01M01,D04
913,2015-09-11,2196,2196,2096,2117,5705,M01,M00M01,S07M01,U04
914,2015-09-14,2159,2180,2100,2101,3531,M05,M00M05,M10M05,U04
915,2015-09-15,2100,2128,2016,2067,14433,M05,M00M05,M10M05,D04
916,2015-09-16,2078,2114,2046,2083,4723,K00,M00K00,M10K00,U04
917,2015-09-17,2125,2125,2050,2119,3489,M02,K00M02,S01M02,U04
918,2015-09-18,2075,2166,2075,2124,4684,P03,M00P03,S05P03,U02
919,2015-09-21,2091,2137,2091,2130,2014,P03,P00P03,S00P03,D04
920,2015-09-22,2107,2212,2105,2190,3470,P05,P00P05,P10P05,U01
921,2015-09-23,2191,2191,2114,2117,8005,M01,P00M01,P10M01,D04
922,2015-09-24,2141,2141,2073,2130,2144,M02,M00M02,S03M02,T01
923,2015-09-25,2205,2219,2096,2183,7588,M05,M00M05,M10M05,D04
924,2015-09-30,2196,2196,2096,2160,2999,M01,M00M01,M10M01,D04
925,2015-10-01,2205,2205,2114,2174,1642,M01,M00M01,M10M01,U04
926,2015-10-02,2230,2230,2148,2151,2456,M01,M00M01,M10M01,U02
927,2015-10-05,2178,2178,2091,2137,7020,M01,M00M01,M10M01,U04
928,2015-10-06,2159,2218,2116,2142,4979,M05,M00M05,M10M05,U04
929,2015-10-07,2203,2203,2143,2190,2276,M02,M00M02,M10M02,D04
930,2015-10-08,2203,2216,2146,2205,8996,K01,M00K01,M10K01,U04
931,2015-10-12,2205,2291,2184,2271,11382,P05,K00P05,S04P05,U04
932,2015-10-13,2341,2500,2296,2342,62938,K02,P00K02,P10K02,U03
933,2015-10-14,2387,2409,2287,2396,16691,K01,K00K01,P10K01,D04
934,2015-10-15,2400,2669,2400,2465,32120,P04,K00P04,P10P04,D04
935,2015-10-16,2478,2478,2378,2378,7459,M00,P00M00,P10M00,U04
936,2015-10-19,2378,2419,2305,2346,10639,M05,M00M05,S07M05,U04
937,2015-10-20,2410,2432,2346,2433,6967,P02,M00P02,M10P02,U04
938,2015-10-21,2491,2491,2378,2383,14665,M01,P00M01,S01M01,D04
939,2015-10-22,2405,2491,2323,2456,8013,P05,M00P05,S07P05,D04
940,2015-10-23,2455,2473,2396,2460,4690,K01,P00K01,S01K01,U04
941,2015-10-26,2455,2487,2378,2456,8094,K00,K00K00,P10K00,U04
942,2015-10-27,2487,2546,2414,2496,6734,K00,K00K00,S04K00,U01
943,2015-10-28,2523,2523,2446,2496,3673,M01,K00M01,P10M01,T01
944,2015-10-29,2523,2523,2428,2487,4270,M01,M00M01,S03M01,U04
945,2015-10-30,2478,2478,2400,2451,3541,M01,M00M01,M10M01,D04
946,2015-11-02,2460,2496,2355,2406,5637,M05,M00M05,M10M05,D04
947,2015-11-03,2400,2400,2266,2274,20390,M01,M00M01,M10M01,U04
948,2015-11-04,2319,2350,2259,2337,5333,P05,M00P05,M10P05,U04
949,2015-11-05,2355,2359,2305,2360,1732,K01,P00K01,S01K01,T01
950,2015-11-06,2400,2400,2291,2365,12865,M02,K00M02,P10M02,D04
951,2015-11-09,2364,2396,2305,2365,3265,K00,M00K00,S05K00,U04
952,2015-11-10,2341,2364,2278,2283,5039,M05,K00M05,S08M05,D04
953,2015-11-11,2273,2359,2273,2310,13185,P03,M00P03,S07P03,T01
954,2015-11-12,2314,2428,2296,2355,6779,P05,P00P05,S00P05,D04
955,2015-11-13,2355,2359,2309,2360,3220,K01,P00K01,P10K01,D04
956,2015-11-16,2346,2346,2250,2269,11732,M01,K00M01,P10M01,D04
957,2015-11-17,2278,2300,2203,2253,13637,M05,M00M05,S07M05,U04
958,2015-11-18,2273,2273,2137,2196,14272,M01,M00M01,M10M01,T01
959,2015-11-19,2182,2350,2164,2253,3375,P05,M00P05,M10P05,U04
960,2015-11-20,2194,2341,2194,2274,6070,P03,P00P03,S00P03,T01
961,2015-11-23,2273,2364,2273,2355,5861,P03,P00P03,P10P03,U04
962,2015-11-24,2400,2400,2282,2365,3020,M02,P00M02,P10M02,T01
963,2015-11-25,2364,2364,2273,2310,18013,M01,M00M01,S05M01,T01
964,2015-11-26,2341,2364,2309,2355,1558,P05,M00P05,M10P05,T01
965,2015-11-27,2309,2391,2309,2360,1018,P03,P00P03,S01P03,U03
966,2015-11-30,2355,2396,2300,2369,8563,P05,P00P05,P10P05,U03
967,2015-12-01,2341,2450,2319,2365,6127,P05,P00P05,P10P05,D04
968,2015-12-02,2428,2496,2364,2410,14479,M05,P00M05,P10M05,U04
969,2015-12-03,2410,2455,2350,2410,4606,K00,M00K00,S05K00,D04
970,2015-12-04,2455,2801,2391,2678,108411,P05,K00P05,S04P05,D04
971,2015-12-07,2705,2705,2605,2678,16738,M02,P00M02,P10M02,U04
972,2015-12-08,2609,2687,2578,2642,17715,P05,M00P05,S03P05,D04
973,2015-12-09,2682,2769,2637,2678,17887,M05,P00M05,S08M05,T01
974,2015-12-10,2728,2728,2500,2515,17493,M01,M00M01,S05M01,D04
975,2015-12-11,2505,2528,2414,2419,13818,M05,M00M05,M10M05,U04
976,2015-12-14,2423,2423,2296,2365,7949,M01,M00M01,M10M01,D04
977,2015-12-15,2400,2400,2305,2383,4403,M02,M00M02,M10M02,U04
978,2015-12-16,2400,2450,2355,2451,1372,P01,M00P01,M10P01,U04
979,2015-12-17,2450,2505,2364,2506,10325,P01,P00P01,S01P01,U04
980,2015-12-18,2419,2505,2400,2465,6228,P05,P00P05,P10P05,D04
981,2015-12-21,2500,2514,2428,2474,9045,M05,P00M05,P10M05,D04
982,2015-12-22,2496,2496,2414,2474,1790,M02,M00M02,S05M02,U04
983,2015-12-23,2482,2591,2419,2542,17760,P05,M00P05,M10P05,U04
984,2015-12-24,2546,2546,2391,2392,7566,M01,P00M01,S01M01,U04
985,2015-12-28,2410,2491,2296,2410,16392,K00,M00K00,S07K00,U01
986,2015-12-29,2409,2409,2328,2360,4215,M01,K00M01,M10M01,T01
987,2015-12-30,2341,2469,2332,2456,5183,P05,M00P05,S07P05,U04
988,2016-01-04,2510,2510,2369,2401,28013,M01,P00M01,S02M01,D04
989,2016-01-05,2437,2437,2387,2387,2206,M00,M00M00,S03M00,D04
990,2016-01-06,2482,2482,2400,2465,7258,M02,M00M02,M10M02,T01
991,2016-01-07,2419,2455,2305,2456,30220,P02,M00P02,M10P02,D04
992,2016-01-08,2455,2455,2387,2451,3421,M02,P00M02,S08M02,D04
993,2016-01-11,2428,2428,2364,2401,3065,M01,M00M01,S06M01,D04
994,2016-01-12,2423,2482,2355,2446,9154,P05,M00P05,M10P05,T01
995,2016-01-13,2464,2528,2409,2496,5744,P05,P00P05,S01P05,U04
996,2016-01-14,2473,2478,2364,2478,25774,K01,P00K01,P10K01,D04
997,2016-01-15,2496,2500,2410,2478,11022,M05,K00M05,P10M05,U04
998,2016-01-18,2432,2473,2432,2474,3845,P00,M00P00,S04P00,U04
999,2016-01-19,2419,2441,2300,2319,58515,M05,P00M05,S08M05,D04
1000,2016-01-20,2319,2364,2250,2315,8093,M05,M00M05,S07M05,T01
1001,2016-01-21,2319,2359,2305,2342,5202,P05,M00P05,M10P05,T01
1002,2016-01-22,2341,2378,2319,2342,25452,K00,P00K00,S01K00,T01
1003,2016-01-25,2369,2369,2296,2342,2916,M01,K00M01,S04M01,U04
1004,2016-01-26,2341,2364,2182,2305,25315,M05,M00M05,S03M05,D04
1005,2016-01-27,2500,2500,2319,2319,7633,M00,M00M00,M10M00,U04
1006,2016-01-28,2282,2364,2282,2319,1430,P03,M00P03,M10P03,D04
1007,2016-01-29,2355,2355,2159,2319,11430,M02,P00M02,S08M02,U04
1008,2016-02-01,2250,2341,2230,2274,11364,P05,M00P05,S03P05,U04
1009,2016-02-02,2273,2273,2232,2249,2979,M01,P00M01,S08M01,U02
1010,2016-02-03,2248,2273,2203,2269,8703,P05,M00P05,S07P05,D04
1011,2016-02-04,2269,2355,2250,2271,13991,K02,P00K02,S00K02,D04
1012,2016-02-05,2387,2387,2250,2271,4447,M01,K00M01,P10M01,U02
1013,2016-02-11,2253,2282,2214,2262,8016,K00,M00K00,S03K00,U04
1014,2016-02-12,2262,2273,2187,2242,5141,M05,K00M05,S08M05,D04
1015,2016-02-15,2273,2496,2228,2253,15666,M05,M00M05,S04M05,D04
1016,2016-02-16,2273,2319,2246,2319,6372,P01,M00P01,M10P01,U04
1017,2016-02-17,2305,2305,2228,2265,5323,M01,P00M01,S01M01,U04
1018,2016-02-18,2266,2337,2228,2274,2898,K00,M00K00,S07K00,U04
1019,2016-02-19,2273,2300,2273,2274,1130,K02,K00K02,S01K02,D04
1020,2016-02-22,2355,2355,2273,2315,4979,M01,K00M01,S04M01,U04
1021,2016-02-23,2291,2314,2271,2296,4556,K00,M00K00,S05K00,U04
1022,2016-02-24,2273,2332,2257,2278,1542,K00,K00K00,S08K00,D04
1023,2016-02-25,2337,2337,2269,2274,5169,M01,K00M01,P10M01,U04
1024,2016-02-26,2319,2319,2241,2278,3999,M01,M00M01,S03M01,U04
1025,2016-02-29,2278,2278,2246,2274,2637,M02,M00M02,M10M02,U03
1026,2016-03-02,2282,2282,2237,2271,1736,M02,M00M02,M10M02,U04
1027,2016-03-03,2314,2350,2250,2319,12020,K00,M00K00,S04K00,U04
1028,2016-03-04,2314,2323,2287,2319,1775,K01,K00K01,S01K01,U01
1029,2016-03-07,2300,2341,2300,2337,4061,P03,K00P03,S04P03,U03
1030,2016-03-08,2314,2369,2291,2342,3968,P05,P00P05,P10P05,T01
1031,2016-03-09,2305,2341,2296,2342,4063,P01,P00P01,P10P01,D04
1032,2016-03-10,2309,2337,2300,2305,3286,M05,P00M05,P10M05,U04
1033,2016-03-11,2305,2332,2278,2333,1668,P01,M00P01,S07P01,T01
1034,2016-03-14,2287,2410,2287,2410,32951,P00,P00P00,S02P00,U04
1035,2016-03-15,3133,3133,3133,3133,386128,K00,P00K00,P10K00,U01
1036,2016-03-16,4069,4069,3892,4070,1666963,K01,K00K01,P10K01,D04
1037,2016-03-17,4274,5001,4151,4638,3476526,P05,K00P05,P10P05,U04
1038,2016-03-18,4483,4524,4037,4056,1046253,M05,P00M05,P10M05,U03
1039,2016-03-21,4165,4433,3924,4093,878877,M05,M00M05,S07M05,U04
1040,2016-03-22,4183,4356,3951,4111,328388,M05,M00M05,M10M05,U04
1041,2016-03-23,4106,4106,3796,3933,312021,M01,M00M01,M10M01,U03
1042,2016-03-24,3933,4301,3828,4093,265399,P05,M00P05,M10P05,D04
1043,2016-03-25,4247,4297,4060,4129,195365,M05,P00M05,S00M05,D04
1044,2016-03-28,4156,4592,4087,4297,488358,P05,M00P05,S05P05,U02
1045,2016-03-29,4274,4547,4219,4274,194921,K02,P00K02,S01K02,T01
1046,2016-03-30,4265,4292,4060,4138,121917,M05,K00M05,P10M05,U04
1047,2016-03-31,4069,4092,3796,3961,218697,M05,M00M05,S07M05,U04
1048,2016-04-01,4265,4388,3842,3933,327145,M05,M00M05,M10M05,T01
1049,2016-04-04,3865,3937,3796,3852,106968,M05,M00M05,M10M05,U04
1050,2016-04-05,3865,3946,3810,3856,80062,M05,M00M05,M10M05,D04
1051,2016-04-06,3896,3942,3815,3888,72709,M05,M00M05,S04M05,D04
1052,2016-04-07,3856,4165,3828,4006,186290,P05,M00P05,M10P05,U04
1053,2016-04-08,4015,4078,3828,3865,82935,M05,P00M05,S02M05,D04
1054,2016-04-11,3824,3846,3696,3765,60084,M05,M00M05,S03M05,U01
1055,2016-04-12,3733,3883,3692,3733,44746,K02,M00K02,M10K02,D04
1056,2016-04-14,3815,3815,3692,3697,38321,M01,K00M01,M10M01,U04
1057,2016-04-15,3856,3856,3615,3774,47140,M01,M00M01,S07M01,T01
1058,2016-04-18,3769,3774,3592,3674,36251,M05,M00M05,M10M05,T01
1059,2016-04-19,3746,3751,3637,3706,19670,M05,M00M05,M10M05,U04
1060,2016-04-20,3715,3737,3583,3606,58736,M05,M00M05,M10M05,D04
1061,2016-04-21,3596,3683,3546,3683,43732,P01,M00P01,M10P01,U02
1062,2016-04-22,3687,3765,3619,3670,24958,M05,P00M05,S00M05,T01
1063,2016-04-25,3651,3696,3592,3661,16056,K00,M00K00,S03K00,D04
1064,2016-04-26,3683,3896,3678,3820,79810,P05,K00P05,S04P05,T01
1065,2016-04-27,3805,3837,3705,3738,41818,M05,P00M05,P10M05,T01
1066,2016-04-28,3705,3833,3705,3811,32523,P03,M00P03,S06P03,D04
1067,2016-04-29,3810,4156,3810,4042,170512,P03,P00P03,S02P03,D04
1068,2016-05-02,4147,4196,3937,4024,105547,M05,P00M05,P10M05,D04
1069,2016-05-03,3960,4110,3956,4106,66269,P05,M00P05,S03P05,U04
1070,2016-05-04,4106,4319,4060,4306,114777,P05,P00P05,S00P05,D04
1071,2016-05-09,4274,4410,4046,4079,74521,M05,P00M05,P10M05,U04
1072,2016-05-10,4037,4092,3892,4024,57231,M05,M00M05,S07M05,U04
1073,2016-05-11,4024,4065,3865,4020,32075,M05,M00M05,M10M05,U04
1074,2016-05-12,4019,4197,3955,3997,39375,M05,M00M05,S04M05,D04
1075,2016-05-13,3896,3992,3787,3992,52565,P01,M00P01,S04P01,D04
1076,2016-05-16,3992,4078,3951,4038,62516,P05,P00P05,S08P05,D04
1077,2016-05-17,4046,4160,4001,4011,41978,M05,P00M05,P10M05,U04
1078,2016-05-18,3960,4042,3837,3979,48108,K00,M00K00,S03K00,D04
1079,2016-05-19,3933,4015,3733,3902,50167,M05,K00M05,S08M05,U04
1080,2016-05-20,3842,3896,3737,3870,32395,P05,M00P05,S07P05,D04
1081,2016-05-23,3860,3896,3764,3774,26169,M05,P00M05,S08M05,U04
1082,2016-05-24,3733,3919,3733,3861,29789,P03,M00P03,S07P03,T01
1083,2016-05-25,3828,3942,3796,3820,37823,M05,P00M05,S02M05,U04
1084,2016-05-26,3819,3869,3728,3865,11280,P05,M00P05,S06P05,U04
1085,2016-05-27,4001,4292,3919,4252,153536,P05,P00P05,S02P05,U02
1086,2016-05-30,4251,4333,4174,4252,71771,K00,P00K00,P10K00,U02
1087,2016-05-31,4256,4306,4147,4220,50789,M05,K00M05,P10M05,U04
1088,2016-06-01,4215,4215,4096,4124,45193,M01,M00M01,S04M01,U04
1089,2016-06-02,4242,4242,4101,4161,35214,M01,M00M01,M10M01,U01
1090,2016-06-03,4206,4260,4074,4215,31110,K01,M00K01,M10K01,U04
1091,2016-06-07,4183,4269,4142,4197,22987,K00,K00K00,S01K00,U04
1092,2016-06-08,4197,4197,4055,4124,26752,M01,K00M01,S04M01,T01
1093,2016-06-09,4046,4247,4046,4220,46586,P03,M00P03,S07P03,U03
1094,2016-06-10,4169,4251,4092,4165,20944,M05,P00M05,S02M05,D04
1095,2016-06-13,4092,4156,4028,4120,17718,P05,M00P05,S06P05,D04
1096,2016-06-14,4046,4092,3819,3997,25464,M05,P00M05,S08M05,D04
1097,2016-06-15,3956,4119,3919,3938,16615,M05,M00M05,S07M05,T01
1098,2016-06-16,3910,4065,3851,3933,16788,P05,M00P05,M10P05,T01
1099,2016-06-17,3933,3951,3642,3738,34903,M05,P00M05,S08M05,U03
1100,2016-06-20,3705,3796,3683,3724,29209,P05,M00P05,S07P05,D04
1101,2016-06-21,3751,3792,3724,3765,11396,K00,P00K00,S08K00,U04
1102,2016-06-22,3696,3856,3696,3774,7403,P03,K00P03,P10P03,U02
1103,2016-06-23,3710,3787,3705,3774,14018,P05,P00P05,P10P05,T01
1104,2016-06-24,3787,3810,3296,3524,77023,M05,P00M05,P10M05,U04
1105,2016-06-27,3378,3696,3369,3697,37632,P01,M00P01,S07P01,D04
1106,2016-06-28,3592,3851,3555,3842,32498,P05,P00P05,S00P05,D04
1107,2016-06-29,3837,3951,3687,3842,24037,K00,P00K00,P10K00,U04
1108,2016-06-30,3774,4006,3774,4006,35208,P00,K00P00,P10P00,U04
1109,2016-07-01,4006,4046,3924,4047,19679,P02,P00P02,P10P02,U04
1110,2016-07-04,4019,4069,3960,4002,6326,M05,P00M05,P10M05,U04
1111,2016-07-05,3942,4042,3937,3997,14117,P05,M00P05,S07P05,U04
1112,2016-07-06,3956,3956,3828,3911,14343,M01,P00M01,S08M01,D04
1113,2016-07-07,4046,4046,3869,3956,12914,M01,M00M01,S07M01,U04
1114,2016-07-08,3910,4056,3860,3956,24740,P05,M00P05,M10P05,U04
1115,2016-07-11,3819,3937,3469,3651,268829,M05,P00M05,S08M05,U04
1116,2016-07-12,3569,3819,3569,3797,106958,P03,M00P03,S07P03,U04
1117,2016-07-13,3865,3865,3751,3774,40058,M01,P00M01,S00M01,U04
1118,2016-07-14,3814,3842,3742,3842,57319,P02,M00P02,S03P02,D04
1119,2016-07-15,3842,3856,3787,3852,25507,K01,P00K01,S01K01,U04
1120,2016-07-18,3805,4006,3805,4006,49562,P00,K00P00,S04P00,T01
1121,2016-07-19,3992,4092,3928,4015,58684,P05,P00P05,P10P05,U04
1122,2016-07-20,4019,4033,3919,3956,46492,M05,P00M05,P10M05,D04
1123,2016-07-21,3937,3956,3828,3938,51275,K01,M00K01,S07K01,U04
1124,2016-07-22,3910,4078,3874,4047,61796,P05,K00P05,S08P05,D04
1125,2016-07-25,4046,4165,4001,4156,62938,P05,P00P05,P10P05,U04
1126,2016-07-26,4160,4501,4160,4352,127411,P03,P00P03,P10P03,T01
1127,2016-07-27,4347,4433,4274,4365,40352,K00,P00K00,P10K00,U03
1128,2016-07-28,4365,4428,4237,4343,42347,M05,K00M05,P10M05,U04
1129,2016-07-29,4388,4388,4292,4334,18805,M01,M00M01,S04M01,U04
1130,2016-08-01,4442,4442,4215,4215,23122,M00,M00M00,M10M00,U02
1131,2016-08-02,4215,4251,4124,4215,23117,K00,M00K00,M10K00,U04
1132,2016-08-03,4215,4278,4092,4156,19451,M05,K00M05,M10M05,D04
1133,2016-08-04,4097,4197,4092,4138,13751,P05,M00P05,S07P05,U04
1134,2016-08-05,4160,4192,4001,4193,27810,P02,P00P02,S08P02,U02
1135,2016-08-08,4192,4265,4169,4238,46449,P05,P00P05,P10P05,U04
1136,2016-08-09,4260,4260,4160,4220,20519,M01,P00M01,P10M01,T01
1137,2016-08-10,4160,4228,4137,4202,9218,P05,M00P05,S03P05,U03
1138,2016-08-11,4201,4201,4115,4138,10110,M01,P00M01,S08M01,D04
1139,2016-08-12,4201,4201,4092,4152,20866,M01,M00M01,S07M01,U04
1140,2016-08-16,4192,4192,4069,4115,14685,M01,M00M01,M10M01,U04
1141,2016-08-17,4160,4160,3996,4147,31846,M02,M00M02,M10M02,D04
1142,2016-08-18,4151,4156,4051,4115,7575,M05,M00M05,M10M05,T01
1143,2016-08-19,4124,4124,4046,4111,7462,M02,M00M02,M10M02,U03
1144,2016-08-22,4110,4110,3969,4024,21406,M01,M00M01,S04M01,T01
1145,2016-08-23,3956,4033,3942,4033,22154,P01,M00P01,M10P01,U02
1146,2016-08-24,4019,4042,3956,4011,12675,M05,P00M05,S00M05,U04
1147,2016-08-25,3978,4060,3978,4020,10541,P03,M00P03,S06P03,D04
1148,2016-08-26,4037,4083,4001,4083,19285,P01,P00P01,S02P01,T01
1149,2016-08-29,4074,4183,4001,4070,38500,M05,P00M05,P10M05,U02
1150,2016-08-30,4046,4124,4046,4065,14739,K02,M00K02,S06K02,U03
1151,2016-08-31,4015,4092,3956,4015,27472,K00,K00K00,S04K00,T01
1152,2016-09-01,4037,4037,3955,3997,7935,M01,K00M01,P10M01,T01
1153,2016-09-02,3969,4024,3933,3997,15353,P05,M00P05,S04P05,U03
1154,2016-09-05,3996,4087,3951,4011,14796,K00,P00K00,S08K00,U03
1155,2016-09-06,4083,4083,3928,3979,18136,M01,K00M01,P10M01,U04
1156,2016-09-07,3978,4001,3896,3979,24137,K01,M00K01,S07K01,U04
1157,2016-09-08,4001,4133,3946,3979,23120,M05,K00M05,S08M05,U02
1158,2016-09-09,3978,4092,3910,3956,41299,M05,M00M05,S04M05,D04
1159,2016-09-12,3910,4046,3910,4047,14444,P00,M00P00,M10P00,D04
1160,2016-09-13,4019,4137,4006,4138,37918,P01,P00P01,S02P01,U04
1161,2016-09-19,4115,4319,4115,4279,81781,P03,P00P03,P10P03,T01
1162,2016-09-20,4351,4351,4242,4256,35133,M01,P00M01,P10M01,T01
1163,2016-09-21,4260,4433,4215,4420,90350,P05,M00P05,S03P05,U02
1164,2016-09-22,4433,4501,4306,4379,52874,M05,P00M05,S01M05,U04
1165,2016-09-23,4438,4438,4296,4324,25915,M01,M00M01,S03M01,U04
1166,2016-09-26,4319,4547,4283,4547,48327,P01,M00P01,M10P01,D04
1167,2016-09-27,4501,4751,4478,4534,68453,P05,P00P05,S02P05,D04
1168,2016-09-28,4592,4842,4510,4820,153294,P05,P00P05,P10P05,U04
1169,2016-09-29,0,0,0,4820,0,P10,P00P10,P10P10,U03
1170,2016-09-30,0,0,0,4820,0,P10,P10P10,P10P10,D04
1171,2016-10-04,0,0,0,4820,0,P10,P10P10,P10P10,T01
1172,2016-10-05,0,0,0,4820,0,P10,P10P10,P10P10,T01
1173,2016-10-06,0,0,0,4820,0,P10,P10P10,P10P10,U04
1174,2016-10-07,0,0,0,4820,0,P10,P10P10,P10P10,T01
1175,2016-10-10,0,0,0,4820,0,P10,P10P10,P10P10,T01
1176,2016-10-11,0,0,0,4820,0,P10,P10P10,P10P10,U04
1177,2016-10-12,0,0,0,4820,0,P10,P10P10,P10P10,D04
1178,2016-10-13,0,0,0,4820,0,P10,P10P10,P10P10,T01
1179,2016-10-14,0,0,0,4820,0,P10,P10P10,P10P10,D04
1180,2016-10-17,0,0,0,4820,0,P10,P10P10,P10P10,T01
1181,2016-10-18,0,0,0,4820,0,P10,P10P10,P10P10,D04
1182,2016-10-19,4820,4984,4450,4700,56182,M05,P10M05,P10M05,U04
1183,2016-10-20,4680,4690,4610,4650,9160,M05,M00M05,S03M05,U01
1184,2016-10-21,4645,4965,4640,4770,12498,P05,M00P05,M10P05,T01
1185,2016-10-24,4765,4900,4720,4790,3798,P05,P00P05,S02P05,U04
1186,2016-10-25,4770,4820,4680,4810,5297,P05,P00P05,P10P05,U04
1187,2016-10-26,4780,4810,4700,4755,5987,M05,P00M05,S04M05,D04
1188,2016-10-27,4700,4775,4600,4735,5355,P05,M00P05,S07P05,D04
1189,2016-10-28,4705,4740,4660,4660,4179,M03,P00M03,S08M03,D04
1190,2016-10-31,4660,4720,4600,4685,6568,P05,M00P05,S07P05,D04
1191,2016-11-01,4700,4745,4630,4740,3656,P05,P00P05,S04P05,T01
1192,2016-11-02,4770,4770,4650,4660,7621,M01,P00M01,P10M01,D04
1193,2016-11-03,4630,4720,4630,4635,3848,K02,M00K02,S07K02,D04
1194,2016-11-04,4700,4700,4630,4660,5396,M01,K00M01,S08M01,D04
1195,2016-11-07,4630,4745,4595,4650,8793,K00,M00K00,S05K00,T01
1196,2016-11-08,4650,4690,4635,4650,5596,K00,K00K00,S08K00,U04
1197,2016-11-09,4650,4740,4330,4615,10018,M05,K00M05,S04M05,U04
1198,2016-11-10,4630,4700,4545,4660,4395,P05,M00P05,S04P05,U04
1199,2016-11-11,4780,4800,4650,4730,1986,M05,P00M05,S04M05,D04
1200,2016-11-14,4650,4680,4500,4680,1466,P02,M00P02,S05P02,U04
1201,2016-11-15,4610,4735,4580,4660,2690,P05,P00P05,S08P05,D04
1202,2016-11-16,4660,4660,4565,4640,3738,M02,P00M02,P10M02,U04
1203,2016-11-17,4705,4705,4605,4680,967,M02,M00M02,S03M02,U04
1204,2016-11-18,4780,4900,4700,4760,5800,M05,M00M05,M10M05,U04
1205,2016-11-21,4870,4870,4685,4740,1945,M01,M00M01,M10M01,T01
1206,2016-11-22,4740,4745,4520,4565,2858,M05,M00M05,M10M05,U04
1207,2016-11-23,4565,4600,4505,4545,6332,M05,M00M05,M10M05,U04
1208,2016-11-24,4640,4640,4500,4540,4655,M01,M00M01,M10M01,U04
1209,2016-11-25,4850,4850,4505,4680,2785,M01,M00M01,M10M01,T01
1210,2016-11-28,4580,4675,4560,4675,1800,P01,M00P01,M10P01,U04
1211,2016-11-29,4580,4670,4515,4600,1215,K00,P00K00,S08K00,D04
1212,2016-11-30,4510,4645,4470,4470,7247,M04,K00M04,P10M04,U03
1213,2016-12-01,4500,4580,4445,4570,5756,P05,M00P05,S07P05,D04
1214,2016-12-02,4650,4650,4440,4535,2369,M01,P00M01,S01M01,D04
1215,2016-12-05,4530,4530,4400,4400,4305,M00,M00M00,S03M00,U01
1216,2016-12-06,4500,4500,4400,4500,2594,K01,M00K01,M10K01,U04
1217,2016-12-07,4350,4490,4350,4475,947,P03,K00P03,M10P03,U04
1218,2016-12-08,4475,4570,4410,4470,268,M05,P00M05,P10M05,U04
1219,2016-12-09,4365,4475,4345,4460,2129,P05,M00P05,S03P05,U04
1220,2016-12-12,4460,4460,4350,4400,1875,M01,P00M01,S08M01,U04
1221,2016-12-13,4460,4460,4330,4380,3084,M01,M00M01,S03M01,D04
1222,2016-12-14,4380,4425,4340,4410,1437,P05,M00P05,M10P05,U04
1223,2016-12-15,4450,4500,4330,4345,1059,M05,P00M05,S00M05,D04
1224,2016-12-16,4400,4400,4290,4345,2752,M01,M00M01,S07M01,U04
1225,2016-12-19,4260,4265,4120,4255,2918,M05,M00M05,M10M05,D04
1226,2016-12-20,4130,4255,4130,4230,1070,P03,M00P03,M10P03,U04
1227,2016-12-21,4230,4295,4050,4165,2256,M05,P00M05,S08M05,U04
1228,2016-12-22,4290,4290,4020,4110,2406,M01,M00M01,S03M01,T01
1229,2016-12-23,4260,4260,4045,4160,5382,M01,M00M01,M10M01,D04
1230,2016-12-26,4195,4300,4055,4290,2377,P05,M00P05,M10P05,D04
1231,2016-12-27,4290,4380,4240,4285,2435,M05,P00M05,S01M05,U04
1232,2016-12-28,4200,4400,4200,4360,834,P03,M00P03,S03P03,U04
1233,2016-12-29,4245,4470,4245,4375,1207,P03,P00P03,S02P03,D04
1234,2017-01-02,4375,4435,4300,4435,815,P01,P00P01,P10P01,D04
1235,2017-01-03,4450,4450,4300,4440,1372,M02,P00M02,P10M02,D04
1236,2017-01-04,4305,4440,4305,4395,596,P03,M00P03,S05P03,U04
1237,2017-01-05,4395,4395,4330,4380,898,M02,P00M02,S08M02,U04
1238,2017-01-06,4350,4480,4345,4450,1140,P05,M00P05,S03P05,U03
1239,2017-01-09,4545,4545,4380,4480,520,M01,P00M01,S02M01,U04
1240,2017-01-10,4525,4525,4420,4480,824,M01,M00M01,S05M01,U03
1241,2017-01-11,4400,4475,4380,4445,1475,P05,M00P05,M10P05,U04
1242,2017-01-12,4500,4500,4330,4400,823,M01,P00M01,S08M01,U03
1243,2017-01-13,4305,4380,4300,4335,2574,P05,M00P05,S07P05,D04
1244,2017-01-16,4350,4350,4230,4330,1378,M02,P00M02,S08M02,D04
1245,2017-01-17,4270,4680,4270,4400,2229,P04,M00P04,S03P04,U04
1246,2017-01-18,4520,4520,4330,4500,4080,M02,P00M02,S02M02,D04
1247,2017-01-19,4500,4570,4450,4545,1597,P05,M00P05,S05P05,U04
1248,2017-01-20,4450,4625,4445,4625,2947,P01,P00P01,S04P01,D04
1249,2017-01-23,4605,4800,4605,4670,2818,P04,P00P04,P10P04,U04
1250,2017-01-24,4780,4780,4635,4690,1602,M01,P00M01,P10M01,T01
1251,2017-01-25,4690,4775,4620,4690,1540,K00,M00K00,S05K00,U04
1252,2017-01-26,4570,4690,4560,4680,1295,P05,K00P05,M10P05,U04
1253,2017-01-31,4760,4760,4640,4710,932,M01,P00M01,P10M01,D04
1254,2017-02-01,4710,4745,4695,4730,2250,K00,M00K00,S05K00,T01
1255,2017-02-02,4650,4745,4645,4730,3014,P05,K00P05,S00P05,U04
1256,2017-02-03,4950,4950,3635,3635,64981,M10,P00M10,P10M10,T01
1257,2017-02-06,3720,4080,3720,4000,24882,P03,M10P03,S07P03,U04
1258,2017-02-07,4145,4145,3829,3870,8572,M01,P00M01,S01M01,T01
1259,2017-02-08,3840,3920,3605,3620,10698,M05,M00M05,S03M05,U03
1260,2017-02-09,3635,3690,3530,3680,2852,P05,M00P05,M10P05,U02
1261,2017-02-10,3680,3695,3610,3680,1723,K01,P00K01,S01K01,U04
1262,2017-02-13,3650,3700,3595,3660,1517,K00,K00K00,P10K00,U04
1263,2017-02-14,3660,3720,3600,3605,2072,M05,K00M05,S04M05,U04
1264,2017-02-15,3680,3680,3480,3560,4894,M01,M00M01,S07M01,U04
1265,2017-02-16,3590,3615,3525,3540,1761,M05,M00M05,M10M05,U04
1266,2017-02-17,3545,3585,3405,3455,2394,M05,M00M05,M10M05,T01
1267,2017-02-20,3455,3460,3415,3430,868,M05,M00M05,M10M05,T01
1268,2017-02-21,3430,3435,3300,3350,1439,M05,M00M05,M10M05,U04
1269,2017-02-22,3390,3600,3200,3320,4731,M05,M00M05,M10M05,U04
1270,2017-02-23,3340,3369,3235,3245,7071,M05,M00M05,M10M05,T01
1271,2017-02-24,3280,3340,3240,3325,3089,P05,M00P05,M10P05,D04
1272,2017-02-27,3370,3450,3250,3440,4261,P05,P00P05,S01P05,U03
1273,2017-02-28,3415,3505,3385,3430,1089,K00,P00K00,P10K00,U04
1274,2017-03-02,3405,3530,3350,3375,863,M05,K00M05,P10M05,U04
1275,2017-03-03,3485,3485,3310,3405,1307,M01,M00M01,S07M01,D04
1276,2017-03-06,3400,3465,3335,3460,2403,P05,M00P05,M10P05,U02
1277,2017-03-07,3475,3485,3315,3370,3355,M05,P00M05,S00M05,D04
1278,2017-03-08,3400,3400,3300,3350,2111,M01,M00M01,S07M01,T01
1279,2017-03-09,3390,3390,3280,3300,1796,M01,M00M01,M10M01,U01
1280,2017-03-10,3300,3360,3220,3360,1139,P01,M00P01,M10P01,T01
1281,2017-03-13,3365,3365,3280,3320,1390,M01,P00M01,S00M01,U04
1282,2017-03-14,3320,3335,3240,3280,1263,M05,M00M05,S03M05,U03
1283,2017-03-15,3280,3335,3200,3285,1142,K00,M00K00,M10K00,D04
1284,2017-03-16,3230,3270,3215,3250,2125,P05,K00P05,S00P05,U04
1285,2017-03-17,3250,3295,3200,3240,740,M05,P00M05,P10M05,T01
1286,2017-03-20,3240,3285,3065,3125,2645,M05,M00M05,S04M05,T01
1287,2017-03-21,3175,3180,3029,3135,760,M05,M00M05,M10M05,T01
1288,2017-03-22,3095,3125,3000,3045,2140,M05,M00M05,M10M05,D04
1289,2017-03-23,3050,3220,3050,3220,3107,P00,M00P00,M10P00,U04
1290,2017-03-24,3210,3365,3140,3355,2633,P05,P00P05,S01P05,T01
1291,2017-03-27,3395,3435,3275,3435,9731,P02,P00P02,P10P02,U03
1292,2017-03-28,3435,3520,3430,3500,3563,P05,P00P05,P10P05,U03
1293,2017-03-29,3550,3570,3450,3545,2617,M05,P00M05,P10M05,U04
1294,2017-03-30,3585,3590,3530,3560,977,M05,M00M05,S05M05,U04
1295,2017-03-31,3530,3575,3375,3570,1486,P05,M00P05,M10P05,U04
1296,2017-04-03,3600,3600,3535,3565,1065,M01,P00M01,S00M01,T01
1297,2017-04-04,3600,3600,3500,3540,5588,M01,M00M01,S03M01,D04
1298,2017-04-05,3550,3575,3535,3570,2036,P05,M00P05,M10P05,U01
1299,2017-04-06,3545,3640,3535,3580,2652,P05,P00P05,S01P05,D04
1300,2017-04-07,3580,3760,3540,3745,4576,P05,P00P05,S04P05,U03
1301,2017-04-10,3735,3744,3610,3655,1906,M05,P00M05,P10M05,T01
1302,2017-04-11,3655,3755,3620,3675,978,P05,M00P05,S06P05,U01
1303,2017-04-12,3750,3750,3570,3735,692,M02,P00M02,S00M02,T01
1304,2017-04-13,3735,3735,3590,3650,4255,M01,M00M01,S05M01,D04
1305,2017-04-14,3650,3815,3640,3775,4457,P05,M00P05,M10P05,D04
1306,2017-04-17,3775,3825,3720,3750,1989,M05,P00M05,S02M05,D04
1307,2017-04-18,3780,3875,3780,3855,6910,P03,M00P03,S03P03,U04
1308,2017-04-19,3870,3870,3750,3820,1773,M01,P00M01,S01M01,T01
1309,2017-04-20,3800,3840,3720,3765,2031,M05,M00M05,S03M05,U03
1310,2017-04-21,3819,3899,3724,3835,2865,K00,M00K00,M10K00,U04
1311,2017-04-24,3835,3835,3745,3825,276,M02,K00M02,S01M02,T01
1312,2017-04-25,3825,3825,3780,3795,72,M01,M00M01,S04M01,U04
1313,2017-04-26,3815,3949,3715,3870,4441,P05,M00P05,M10P05,U04
1314,2017-04-27,3805,3880,3805,3870,290,P03,P00P03,S01P03,T01
1315,2017-04-28,3870,3920,3840,3920,2030,P01,P00P01,P10P01,U04
1316,2017-05-02,3820,4050,3820,3880,1658,P04,P00P04,P10P04,U04
1317,2017-05-04,3995,3995,3869,3870,359,M01,P00M01,P10M01,D04
1318,2017-05-08,3875,3920,3835,3920,510,P01,M00P01,S03P01,U04
1319,2017-05-10,3930,3935,3885,3935,518,K01,P00K01,S01K01,U04
1320,2017-05-11,3935,3990,3880,3930,854,M05,K00M05,P10M05,U02
1321,2017-05-12,4000,4765,3930,3985,17156,M05,M00M05,S04M05,T01
1322,2017-05-15,4029,4190,4010,4070,2063,P05,M00P05,M10P05,U01
1323,2017-05-16,4120,4120,3980,4045,1192,M01,P00M01,S01M01,U04
1324,2017-05-17,4100,4180,3964,4035,5638,M05,M00M05,S03M05,U04
1325,2017-05-18,4100,4100,3950,3980,4971,M01,M00M01,M10M01,D04
1326,2017-05-19,4055,4055,3980,4000,4122,M01,M00M01,M10M01,U04
1327,2017-05-22,4110,4110,3980,4005,2818,M01,M00M01,M10M01,U04
1328,2017-05-23,4100,4100,3974,3980,7242,M01,M00M01,M10M01,U04
1329,2017-05-24,4005,4005,3980,4000,1937,M02,M00M02,M10M02,U01
1330,2017-05-25,4100,4100,3980,3980,1552,M00,M00M00,M10M00,U04
1331,2017-05-26,4030,4075,3995,4000,929,M05,M00M05,M10M05,U04
1332,2017-05-29,4100,4100,4035,4080,151,M02,M00M02,M10M02,U04
1333,2017-05-30,4094,4200,4080,4185,2998,P05,M00P05,M10P05,U01
1334,2017-05-31,4890,5440,4660,5190,411400,P05,P00P05,S01P05,T01
1335,2017-06-01,4900,4900,4470,4550,154769,M01,P00M01,P10M01,T01
1336,2017-06-02,4630,4680,4560,4590,27234,M05,M00M05,S07M05,U04
1337,2017-06-05,4625,4710,4570,4620,30856,M05,M00M05,M10M05,U04
1338,2017-06-07,4670,4670,4580,4620,12194,M01,M00M01,S04M01,D04
1339,2017-06-08,4600,4610,4580,4585,20960,M05,M00M05,M10M05,U04
1340,2017-06-09,4590,4660,4585,4620,7214,P05,M00P05,M10P05,U04
1341,2017-06-12,4585,4710,4585,4605,3218,K02,P00K02,S04K02,D04
1342,2017-06-13,4620,4775,4600,4705,11581,P05,K00P05,S04P05,D04
1343,2017-06-14,4720,4760,4665,4760,2528,P01,P00P01,P10P01,U04
1344,2017-06-15,4725,4800,4710,4800,5460,P01,P00P01,P10P01,D04
1345,2017-06-16,4790,4790,4675,4700,11635,M01,P00M01,P10M01,D04
1346,2017-06-19,4700,4745,4695,4695,9027,M04,M00M04,S07M04,T01
1347,2017-06-20,4695,4710,4600,4660,9572,M05,M00M05,M10M05,U04
1348,2017-06-21,4660,4735,4650,4650,2429,M04,M00M04,S04M04,D04
1349,2017-06-22,4655,4745,4650,4655,4073,K02,M00K02,S04K02,U04
1350,2017-06-23,4655,4690,4655,4670,1876,K00,K00K00,S04K00,U01
1351,2017-06-26,4670,4700,4640,4700,3586,P01,K00P01,S04P01,U04
1352,2017-06-27,4700,4755,4680,4755,2158,P01,P00P01,S04P01,D04
1353,2017-06-28,4710,4785,4710,4770,3036,P03,P00P03,P10P03,D04
1354,2017-06-29,4840,4840,4725,4745,2109,M01,P00M01,P10M01,U04
1355,2017-06-30,4725,4765,4725,4750,4206,P03,M00P03,S03P03,D04
1356,2017-07-03,4825,4825,4725,4790,4342,M01,P00M01,S00M01,T01
1357,2017-07-04,4790,4810,4725,4780,3805,M05,M00M05,S05M05,T01
1358,2017-07-05,4810,4900,4730,4900,3925,P01,M00P01,S04P01,D04
1359,2017-07-06,4900,5080,4900,5080,6734,P00,P00P00,S01P00,U04
1360,2017-07-07,5090,5100,4980,5040,3217,M05,P00M05,P10M05,D04
1361,2017-07-10,5070,5070,4910,5030,2944,M02,M00M02,S03M02,U04
1362,2017-07-11,5010,5040,4950,5000,2204,M05,M00M05,M10M05,U04
1363,2017-07-12,5050,5090,4820,4850,5349,M05,M00M05,M10M05,U03
1364,2017-07-13,4945,4950,4850,4920,4475,M05,M00M05,M10M05,U04
1365,2017-07-14,4900,5080,4900,5060,2414,P03,M00P03,M10P03,U03
1366,2017-07-17,5060,5140,5000,5040,2865,M05,P00M05,S02M05,U04
1367,2017-07-18,5100,5100,4990,5050,1845,M01,M00M01,S03M01,T01
1368,2017-07-19,5080,5080,4975,5060,1312,M02,M00M02,M10M02,U04
1369,2017-07-20,5060,5090,5020,5080,1193,K01,M00K01,S04K01,U04
1370,2017-07-21,5090,5110,4850,5010,4990,M05,K00M05,S04M05,U01
1371,2017-07-24,5030,5050,4970,5050,525,K01,M00K01,S07K01,T01
1372,2017-07-25,5020,5030,4940,5020,2087,K01,K00K01,S01K01,U04
1373,2017-07-26,4970,5000,4940,4995,5529,P05,K00P05,S04P05,T01
1374,2017-07-27,5030,5030,4955,5020,1988,M02,P00M02,P10M02,U02
1375,2017-07-28,4970,5090,4955,5000,2000,P05,M00P05,S05P05,D04
1376,2017-07-31,4950,5020,4950,4995,1805,P03,P00P03,S08P03,T01
1377,2017-08-01,5030,5180,4975,5050,3275,K00,P00K00,P10K00,D04
1378,2017-08-02,5070,5550,5070,5440,21002,P03,K00P03,P10P03,U03
1379,2017-08-03,5459,5470,5260,5450,7872,M05,P00M05,P10M05,T01
1380,2017-08-04,5490,5490,5350,5400,2047,M01,M00M01,S05M01,D04
1381,2017-08-07,5349,5450,5250,5260,3128,M05,M00M05,M10M05,U03
1382,2017-08-08,5220,5290,5120,5200,3766,M05,M00M05,M10M05,U04
1383,2017-08-09,5140,5190,4970,5050,8018,M05,M00M05,M10M05,T01
1384,2017-08-10,5050,5110,4940,4980,6467,M05,M00M05,M10M05,D04
1385,2017-08-11,4950,4995,4810,4840,15238,M05,M00M05,M10M05,D04
1386,2017-08-14,4825,4965,4770,4830,8903,K00,M00K00,M10K00,U04
1387,2017-08-16,4835,4945,4800,4865,9810,P05,K00P05,S08P05,T01
1388,2017-08-17,4850,4910,4630,4750,22284,M05,P00M05,S04M05,U03
1389,2017-08-18,0,0,0,4750,0,P10,M00P10,S07P10,D04
1390,2017-08-21,0,0,0,4750,0,P10,P10P10,S08P10,T01
1391,2017-08-22,0,0,0,4750,0,P10,P10P10,P10P10,T01
1392,2017-08-23,0,0,0,4750,0,P10,P10P10,P10P10,U04
1393,2017-08-24,0,0,0,4750,0,P10,P10P10,P10P10,D04
1394,2017-08-25,0,0,0,4750,0,P10,P10P10,P10P10,T01
1395,2017-08-28,0,0,0,4750,0,P10,P10P10,P10P10,T01
1396,2017-08-29,0,0,0,4750,0,P10,P10P10,P10P10,U04
1397,2017-08-30,0,0,0,4750,0,P10,P10P10,P10P10,U04
1398,2017-08-31,0,0,0,4750,0,P10,P10P10,P10P10,U04
1399,2017-09-01,0,0,0,4750,0,P10,P10P10,P10P10,U04
1400,2017-09-04,0,0,0,4750,0,P10,P10P10,P10P10,U04
1401,2017-09-05,0,0,0,4750,0,P10,P10P10,P10P10,U02
1402,2017-09-06,0,0,0,4750,0,P10,P10P10,P10P10,D04
1403,2017-09-07,0,0,0,4750,0,P10,P10P10,P10P10,U04
1404,2017-09-08,4605,4700,4300,4480,532943,M05,P10M05,P10M05,U01
1405,2017-09-11,4500,4540,4360,4390,149554,M05,M00M05,S06M05,D04
1406,2017-09-12,4390,4440,4325,4380,48570,M05,M00M05,M10M05,U04
1407,2017-09-13,4445,4445,4300,4380,41540,M01,M00M01,M10M01,U04
1408,2017-09-14,4410,4410,4240,4340,66774,M01,M00M01,M10M01,U01
1409,2017-09-15,4265,4390,4215,4250,28736,M05,M00M05,M10M05,D04
1410,2017-09-18,4250,4425,4245,4250,50534,K02,M00K02,M10K02,U04
1411,2017-09-19,4315,4315,4200,4270,55336,M01,K00M01,S04M01,U02
1412,2017-09-20,4245,4310,4200,4255,25648,K00,M00K00,S05K00,U02
1413,2017-09-21,4250,4345,4225,4280,33769,P05,K00P05,S08P05,T01
1414,2017-09-22,4335,4335,4100,4240,40741,M01,P00M01,S04M01,D04
1415,2017-09-25,4245,4270,3875,4050,59685,M05,M00M05,S07M05,U01
1416,2017-09-26,4045,4095,3920,4050,38887,K00,M00K00,M10K00,D04
1417,2017-09-27,4100,4190,3950,4145,67325,P05,K00P05,S08P05,U02
1418,2017-09-28,4195,4195,4060,4170,13574,M02,P00M02,P10M02,U04
1419,2017-09-29,4105,4255,4000,4085,50391,M05,M00M05,S05M05,T01
1420,2017-10-10,4110,4135,3840,4080,50793,M05,M00M05,M10M05,T01
1421,2017-10-11,4085,4125,4015,4095,29875,K00,M00K00,S04K00,U02
1422,2017-10-12,4120,4435,4050,4345,53068,P05,K00P05,S04P05,U03
1423,2017-10-13,4395,4415,4155,4360,25376,M05,P00M05,P10M05,T01
1424,2017-10-16,4415,4415,4235,4290,31755,M01,M00M01,S05M01,U03
1425,2017-10-17,4290,4325,4195,4315,49253,P05,M00P05,M10P05,U04
1426,2017-10-18,4320,4785,4320,4595,381788,P03,P00P03,S00P03,T01
1427,2017-10-19,4605,4745,4500,4610,46760,K00,P00K00,P10K00,T01
1428,2017-10-20,4670,4670,4170,4300,287281,M01,K00M01,P10M01,D04
1429,2017-10-23,4295,4365,4155,4300,20749,K00,M00K00,S07K00,U04
1430,2017-10-24,4215,4290,4185,4255,18873,P05,K00P05,S08P05,D04
1431,2017-10-25,4250,4255,4160,4200,21459,M05,P00M05,P10M05,U03
1432,2017-10-26,4160,4245,3990,4000,113738,M05,M00M05,S07M05,D04
1433,2017-10-27,3970,4050,3970,4025,27438,P03,M00P03,M10P03,T01
1434,2017-10-30,4100,4100,4000,4025,39585,M01,P00M01,S00M01,U04
1435,2017-10-31,4030,4130,4000,4085,32221,P05,M00P05,S03P05,T01
1436,2017-11-01,4170,4170,4005,4100,29065,M01,P00M01,S01M01,U04
1437,2017-11-02,4050,4300,4000,4070,52945,K02,M00K02,S05K02,T01
1438,2017-11-03,4100,4100,4010,4075,16122,M02,K00M02,S08M02,T01
1439,2017-11-06,4100,4140,3950,4035,68077,M05,M00M05,S05M05,U04
1440,2017-11-07,4035,4080,3970,4010,13972,M05,M00M05,M10M05,U04
1441,2017-11-08,4020,4020,3905,3920,30614,M01,M00M01,M10M01,T01
1442,2017-11-09,3950,3975,3870,3970,42073,P05,M00P05,M10P05,U04
1443,2017-11-10,3970,4045,3695,3880,242918,M05,P00M05,S01M05,D04
1444,2017-11-13,3815,3885,3720,3800,52754,M05,M00M05,S07M05,T01
1445,2017-11-14,3805,3805,3640,3740,155085,M01,M00M01,M10M01,U02
1446,2017-11-15,3740,3785,3700,3770,56804,P05,M00P05,M10P05,D04
1447,2017-11-16,3795,3795,3745,3775,34527,M01,P00M01,S00M01,D04
1448,2017-11-17,3770,3875,3745,3790,29962,P05,M00P05,S05P05,U04
1449,2017-11-20,3790,4065,3720,3985,147255,P05,P00P05,S04P05,T01
1450,2017-11-21,4065,4065,3815,3845,79633,M01,P00M01,P10M01,U02
1451,2017-11-22,3905,3970,3800,3850,25539,M05,M00M05,S03M05,U04
1452,2017-11-23,3890,3900,3650,3850,59141,M05,M00M05,M10M05,U04
1453,2017-11-24,3760,4030,3750,3970,84827,P05,M00P05,M10P05,U01
1454,2017-11-27,3970,4020,3870,3925,31176,M05,P00M05,S02M05,U04
1455,2017-11-28,3950,4000,3810,3930,12421,M05,M00M05,S03M05,T01
1456,2017-11-29,3930,3965,3795,3835,19578,M05,M00M05,M10M05,U04
1457,2017-11-30,3860,3950,3770,3870,70604,K00,M00K00,M10K00,D04
1458,2017-12-01,3875,4060,3850,3920,46592,P05,K00P05,S01P05,U04
1459,2017-12-04,3950,3950,3785,3850,27061,M01,P00M01,P10M01,D04
1460,2017-12-05,3830,3915,3810,3895,27847,P05,M00P05,S07P05,D04
1461,2017-12-06,3870,4100,3870,4075,43163,P03,P00P03,S00P03,T01
1462,2017-12-07,4080,4080,3905,3950,18837,M01,P00M01,P10M01,U03
1463,2017-12-08,3950,4000,3850,3905,15096,M05,M00M05,S03M05,U04
1464,2017-12-11,3910,4000,3895,3940,10197,P05,M00P05,M10P05,U04
1465,2017-12-12,3940,3970,3890,3970,10636,P01,P00P01,S01P01,U04
1466,2017-12-13,3980,4000,3905,3995,19038,K01,P00K01,P10K01,T01
1467,2017-12-14,4020,4025,3995,4015,15592,M05,K00M05,P10M05,U03
1468,2017-12-15,4045,4440,4010,4310,203837,P05,M00P05,S04P05,D04
1469,2017-12-18,4320,4335,4230,4295,59843,M05,P00M05,S01M05,U04
1470,2017-12-19,4295,4300,4105,4225,30511,M05,M00M05,S03M05,U04
1471,2017-12-20,4280,4330,4095,4330,138803,P02,M00P02,M10P02,D04
1472,2017-12-21,4350,4395,4150,4300,90291,M05,P00M05,S01M05,T01
1473,2017-12-22,4220,4385,4220,4250,37015,P04,M00P04,S03P04,U01
1474,2017-12-26,4215,4260,4090,4090,40568,M03,P00M03,S08M03,T01
1475,2017-12-27,3890,4275,3890,4195,29657,P03,M00P03,S07P03,D04
1476,2017-12-28,4275,4280,4110,4275,29094,K01,P00K01,S00K01,U01
1477,2018-01-02,4260,4450,4205,4450,48156,P01,K00P01,P10P01,D04
1478,2018-01-03,4530,4700,4500,4680,146199,P05,P00P05,P10P05,U04
1479,2018-01-04,4700,4910,4590,4720,191242,K00,P00K00,P10K00,U04
1480,2018-01-05,4750,4810,4600,4780,88248,P05,K00P05,P10P05,U03
1481,2018-01-08,4755,4790,4685,4780,83217,P05,P00P05,P10P05,U04
1482,2018-01-09,4680,4775,4610,4700,22337,K00,P00K00,S04K00,U04
1483,2018-01-10,4765,4775,4605,4695,11541,M05,K00M05,P10M05,U01
1484,2018-01-11,4830,4830,4610,4690,19861,M01,M00M01,S03M01,T01
1485,2018-01-12,4705,4705,4455,4465,73572,M01,M00M01,M10M01,U04
1486,2018-01-15,4455,4545,4350,4430,54690,M05,M00M05,M10M05,U04
1487,2018-01-16,4400,4465,4360,4430,134108,P05,M00P05,M10P05,U04
1488,2018-01-17,4375,4465,4375,4450,42323,P03,P00P03,S08P03,D04
1489,2018-01-18,4450,4750,4425,4705,114897,P05,P00P05,P10P05,U04
1490,2018-01-19,4660,4745,4505,4600,50862,M05,P00M05,P10M05,T01
1491,2018-01-22,4600,4630,4555,4585,13471,M05,M00M05,S06M05,U04
1492,2018-01-23,4580,4680,4555,4680,58127,P01,M00P01,M10P01,U04
1493,2018-01-24,4685,4950,4680,4930,90251,P05,P00P05,S02P05,U04
1494,2018-01-25,4975,5420,4975,5400,277526,P03,P00P03,P10P03,D04
1495,2018-01-26,5400,5640,5300,5490,103377,P05,P00P05,P10P05,T01
1496,2018-01-29,5490,5510,5190,5400,93773,M05,P00M05,P10M05,U04
1497,2018-01-30,5390,5390,5170,5300,61217,M01,M00M01,S07M01,D04
1498,2018-01-31,5280,5280,5050,5120,69387,M01,M00M01,M10M01,D04
1499,2018-02-01,5120,5550,5120,5450,166701,P03,M00P03,M10P03,U02
1500,2018-02-02,5400,6300,5400,6260,342452,P13,P00P13,S02P13,D04
1501,2018-02-05,6250,6580,5820,6500,187965,P05,P10P05,P10P05,D04
1502,2018-02-06,6400,6630,6100,6500,133477,P05,P00P05,P10P05,D04
1503,2018-02-07,6670,6670,6210,6300,99244,M01,P00M01,P10M01,U04
1504,2018-02-08,6300,6400,6150,6300,42077,K00,M00K00,S07K00,D04
1505,2018-02-09,6300,6440,6010,6440,48306,P02,K00P02,M10P02,D04
1506,2018-02-12,6440,6800,6350,6580,112246,P05,P00P05,P10P05,U04
1507,2018-02-13,6570,6600,6300,6490,67110,M05,P00M05,P10M05,U04
1508,2018-02-14,6500,6510,6250,6480,78809,M05,M00M05,S06M05,U04
1509,2018-02-19,6390,6460,6250,6410,57409,K01,M00K01,M10K01,U04
1510,2018-02-20,6410,6420,6170,6230,43857,M05,K00M05,S08M05,T01
1511,2018-02-21,6230,6680,6160,6320,61456,P05,M00P05,S07P05,T01
1512,2018-02-22,6320,6380,6150,6260,30490,M05,P00M05,S00M05,T01
1513,2018-02-23,6350,6350,6140,6260,46473,M01,M00M01,S03M01,T01
1514,2018-02-26,6300,6340,6040,6100,53839,M05,M00M05,M10M05,U04
1515,2018-02-27,5900,6200,5900,6070,57754,P03,M00P03,M10P03,U04
1516,2018-02-28,6080,6080,5720,5930,93882,M01,P00M01,S08M01,D04
1517,2018-03-02,5990,5990,5610,5710,96554,M01,M00M01,S03M01,D04
1518,2018-03-05,5710,5770,5270,5550,85737,M05,M00M05,M10M05,U04
1519,2018-03-06,5510,5610,5260,5530,151953,K01,M00K01,M10K01,U04
1520,2018-03-07,5690,5690,5250,5300,31899,M01,K00M01,S08M01,U04
1521,2018-03-08,5300,5460,5140,5320,56056,K00,M00K00,S07K00,U04
1522,2018-03-09,5440,5500,5300,5380,37794,M05,K00M05,S00M05,U04
1523,2018-03-12,5300,5410,5220,5350,33731,P05,M00P05,S05P05,U04
1524,2018-03-13,5350,5490,5240,5300,57346,M05,P00M05,S08M05,U04
1525,2018-03-14,5450,5450,5250,5310,36877,M01,M00M01,S04M01,D04
1526,2018-03-15,5550,5550,5270,5470,28683,M02,M00M02,M10M02,T01
1527,2018-03-16,5470,5630,5380,5620,31193,P05,M00P05,M10P05,T01
1528,2018-03-19,5680,5740,5540,5710,50156,P05,P00P05,S02P05,T01
1529,2018-03-20,5780,5800,5620,5700,36513,M05,P00M05,P10M05,D04
1530,2018-03-21,5820,5900,5710,5710,77945,M03,M00M03,S03M03,U03
1531,2018-03-22,5640,5750,5520,5550,33213,M05,M00M05,M10M05,T01
1532,2018-03-23,5370,5540,5370,5470,34303,P03,M00P03,M10P03,D04
1533,2018-03-26,5330,6330,5070,6300,761240,P15,P00P15,S08P15,D04
1534,2018-03-27,6270,6350,5910,6350,372406,P02,P10P02,P10P02,U04
1535,2018-03-28,6200,6430,6020,6280,301521,P05,P00P05,P10P05,D04
1536,2018-03-29,6280,6800,6260,6760,833674,P05,P00P05,P10P05,D04
1537,2018-03-30,6930,7240,5560,6050,3411727,M15,P00M15,P10M15,D04
1538,2018-04-02,6050,6070,5500,5700,415069,M05,M10M05,S07M05,U04
1539,2018-04-03,5600,5990,5560,5910,241549,P05,M00P05,M10P05,D04
1540,2018-04-04,5910,5920,5700,5840,153359,M05,P00M05,S00M05,U04
1541,2018-04-05,5490,5700,5250,5370,518549,M05,M00M05,S03M05,U04
1542,2018-04-06,5400,5440,5240,5320,135255,M05,M00M05,M10M05,U04
1543,2018-04-09,5320,5350,5120,5300,119607,M05,M00M05,M10M05,D04
1544,2018-04-10,5240,5620,5240,5600,136859,P03,M00P03,M10P03,U04
1545,2018-04-11,5600,5890,5570,5590,225627,M05,P00M05,S02M05,U04
1546,2018-04-12,5660,5780,5430,5480,118470,M05,M00M05,S03M05,D04
1547,2018-04-13,5540,5740,5300,5740,156703,P01,M00P01,M10P01,U04
1548,2018-04-16,5750,5990,5570,5780,258195,P05,P00P05,S01P05,D04
1549,2018-04-17,5790,7510,5770,7510,1611227,P11,P00P11,P10P11,U04
1550,2018-04-18,7690,7700,7000,7410,1182732,M05,P10M05,P10M05,U04
1551,2018-04-19,7470,7490,6810,7190,511020,M05,M00M05,S03M05,U03
1552,2018-04-20,7290,7630,6580,7050,677114,M05,M00M05,M10M05,D04
1553,2018-04-23,7050,7410,6920,7170,361689,P05,M00P05,M10P05,D04
1554,2018-04-24,7180,7280,6730,6930,262711,M05,P00M05,S00M05,T01
1555,2018-04-25,6940,7050,6330,6470,309136,M05,M00M05,S07M05,D04
1556,2018-04-26,6470,6800,6380,6740,111273,P05,M00P05,M10P05,T01
1557,2018-04-27,6700,6850,6410,6730,150669,K00,P00K00,S00K00,U04
1558,2018-04-30,6870,7810,6710,7120,2360237,P05,K00P05,P10P05,T01
1559,2018-05-02,7280,7490,6990,7020,720090,M05,P00M05,P10M05,U04
1560,2018-05-03,6970,7260,6810,6890,360667,M05,M00M05,S03M05,D04
1561,2018-05-04,6850,7120,6710,7040,179598,P05,M00P05,M10P05,T01
1562,2018-05-08,6950,6950,6100,6180,479074,M11,P00M11,S02M11,U04
1563,2018-05-09,6290,6340,5730,5970,319871,M05,M10M05,S07M05,T01
1564,2018-05-10,6090,6120,5900,5900,142122,M03,M00M03,M10M03,U04
1565,2018-05-11,6020,6290,5930,6290,139672,P01,M00P01,M10P01,U04
1566,2018-05-14,6290,6750,6190,6490,445674,P05,P00P05,S01P05,T01
1567,2018-05-15,6500,6560,6210,6300,162471,M05,P00M05,P10M05,U02
1568,2018-05-16,5980,6100,5770,5770,274431,M03,M00M03,S03M03,D04
1569,2018-05-17,5770,6170,5630,5720,144170,M05,M00M05,M10M05,U04
1570,2018-05-18,5690,5900,5610,5890,116437,P05,M00P05,M10P05,T01
1571,2018-05-21,5990,6120,5790,6120,108590,P01,P00P01,S02P01,D04
1572,2018-05-23,6120,6200,5840,5950,90443,M05,P00M05,P10M05,T01
1573,2018-05-24,5900,6010,5720,5900,127777,K00,M00K00,S07K00,U04
1574,2018-05-25,5540,5700,5420,5520,274346,M05,K00M05,M10M05,T01
1575,2018-05-28,5750,5950,5750,5770,245261,K02,M00K02,S07K02,T01
1576,2018-05-29,5780,5780,5560,5610,108085,M01,K00M01,S01M01,U02
1577,2018-05-30,5600,5710,5490,5650,100917,P05,M00P05,S07P05,D04
1578,2018-05-31,5600,5900,5600,5750,103048,P03,P00P03,S00P03,U04
1579,2018-06-01,5680,5910,5610,5620,112103,M05,P00M05,P10M05,T01
1580,2018-06-04,5630,6000,5630,5900,114489,P03,M00P03,S06P03,U04
1581,2018-06-05,5870,5900,5600,5800,80416,M05,P00M05,S01M05,U04
1582,2018-06-07,5840,6020,5720,5900,145355,P05,M00P05,S06P05,U04
1583,2018-06-08,5910,5910,5720,5800,66935,M01,P00M01,S01M01,D04
1584,2018-06-11,5760,5840,5630,5730,89234,M05,M00M05,S07M05,U02
1585,2018-06-12,5820,5820,5480,5530,98909,M01,M00M01,M10M01,U03
1586,2018-06-14,5600,5600,5310,5310,79688,M00,M00M00,M10M00,T01
1587,2018-06-15,5310,5410,5190,5370,41634,P05,M00P05,M10P05,U04
1588,2018-06-18,5240,5440,5150,5240,86310,K00,P00K00,S00K00,T01
1589,2018-06-19,5200,5300,4900,4900,149534,M03,K00M03,P10M03,T01
1590,2018-06-20,4915,5250,4900,5180,88777,P05,M00P05,S07P05,D04
1591,2018-06-21,5070,5720,5020,5460,223433,P05,P00P05,S01P05,U04
1592,2018-06-22,5500,5580,5190,5460,84703,M05,P00M05,P10M05,D04
1593,2018-06-25,5500,5530,5320,5360,32389,M05,M00M05,S03M05,T01
1594,2018-06-26,5230,5390,5100,5160,96839,M05,M00M05,M10M05,D04
1595,2018-06-27,5130,5280,5040,5060,54620,M05,M00M05,M10M05,U04
1596,2018-06-28,5000,5140,4890,4960,69355,M05,M00M05,M10M05,D04
1597,2018-06-29,4960,5240,4750,5240,110927,P01,M00P01,M10P01,U04
1598,2018-07-02,5180,6670,5180,5950,2278290,P13,P00P13,S02P13,U01
1599,2018-07-03,7730,7730,7730,7730,521532,K00,P10K00,P10K00,U04
1600,2018-07-04,10000,10000,10000,10000,242720,K00,K00K00,P10K00,U04
1601,2018-07-05,11500,12000,10300,11000,10691382,M05,K00M05,P10M05,D04
1602,2018-07-06,11100,12200,10550,12200,3177700,P01,M00P01,S05P01,U04
1603,2018-07-09,12050,13100,11450,12700,2887212,P05,P00P05,S01P05,U04
1604,2018-07-10,12350,13000,11950,12750,1047601,P05,P00P05,P10P05,U04
1605,2018-07-11,12600,13700,12250,12800,1252634,P05,P00P05,P10P05,U01
1606,2018-07-12,13650,13650,11000,12100,2052479,M11,P00M11,P10M11,D04
1607,2018-07-13,12000,12350,11600,12150,692159,P05,M10P05,S07P05,U04
1608,2018-07-16,12150,12250,11750,12150,403083,K01,P00K01,S00K01,T01
1609,2018-07-17,12150,15500,11900,13750,3498930,P15,K00P15,P10P15,T01
1610,2018-07-18,13700,14450,13200,13950,1241733,P05,P10P05,P10P05,U04
1611,2018-07-19,13750,14900,13750,14400,1251715,P03,P00P03,P10P03,T01
1612,2018-07-20,14400,14700,11150,12000,2249328,M15,P00M15,P10M15,D04
1613,2018-07-23,11250,11750,9310,9310,2775259,M13,M10M13,S07M13,T01
1614,2018-07-24,9450,11100,9450,9990,1768737,P04,M10P04,M10P04,U04
1615,2018-07-25,10000,11500,9780,10500,2104758,P05,P00P05,S01P05,T01
1616,2018-07-26,10250,11150,9960,10450,1461081,P05,P00P05,P10P05,U04
1617,2018-07-27,10400,10650,10100,10450,488510,K00,P00K00,P10K00,D04
1618,2018-07-30,10500,11000,10450,10900,635362,P05,K00P05,P10P05,D04
1619,2018-07-31,10850,12750,10850,12200,3025140,P13,P00P13,P10P13,D04
1620,2018-08-01,12200,13200,11900,13150,1513130,P05,P10P05,P10P05,U04
1621,2018-08-02,13100,14400,12900,13900,1727058,P05,P00P05,P10P05,U04
1622,2018-08-03,13800,13800,11650,11650,2624143,M10,P00M10,P10M10,U04
1623,2018-08-06,11600,12750,11200,11950,1237778,P05,M10P05,S07P05,U02
1624,2018-08-07,12050,12450,11950,12050,615916,K02,P00K02,S00K02,U04
1625,2018-08-08,12100,12300,11450,11900,442675,M05,K00M05,P10M05,U04
1626,2018-08-09,11800,12100,11450,11500,542876,M05,M00M05,S07M05,U01
1627,2018-08-10,12000,12850,11850,12500,1543650,P05,M00P05,M10P05,U01
1628,2018-08-13,12550,12700,12050,12050,559080,M03,P00M03,S01M03,D04
1629,2018-08-14,11850,12300,11650,12200,385666,P05,M00P05,S03P05,T01
1630,2018-08-16,12100,12800,11900,12800,580728,P01,P00P01,S00P01,D04
1631,2018-08-17,12400,12650,11800,12000,875066,M05,P00M05,P10M05,U04
1632,2018-08-20,11850,11950,10750,10950,960433,M05,M00M05,S07M05,U02
1633,2018-08-21,11200,11400,10800,10950,609272,M05,M00M05,M10M05,U01
1634,2018-08-22,10850,10950,10500,10650,477639,M05,M00M05,M10M05,U04
1635,2018-08-23,10200,10350,9500,10100,1176911,M05,M00M05,M10M05,U04
1636,2018-08-24,9700,10300,9700,10250,851750,P03,M00P03,M10P03,T01
1637,2018-08-27,10000,10100,9730,9830,795385,M05,P00M05,S02M05,U04
1638,2018-08-28,9810,10550,9810,10100,964816,P03,M00P03,S06P03,U04
1639,2018-08-29,10100,10550,9960,10500,528898,P05,P00P05,S02P05,U02
1640,2018-08-30,10550,10750,10200,10450,430924,M05,P00M05,P10M05,U04
1641,2018-08-31,10450,10550,10350,10450,288975,K00,M00K00,S03K00,T01
1642,2018-09-03,10550,10600,10200,10300,270613,M05,K00M05,S04M05,T01
1643,2018-09-04,10250,10650,10100,10450,391796,P05,M00P05,S07P05,U03
1644,2018-09-05,10350,10900,10300,10550,427666,P05,P00P05,S00P05,T01
1645,2018-09-06,10600,10800,10450,10500,403636,M05,P00M05,P10M05,D04
1646,2018-09-07,10550,10700,10200,10450,357894,M05,M00M05,S03M05,D04
1647,2018-09-10,10450,10700,10300,10650,403989,P05,M00P05,M10P05,T01
1648,2018-09-11,10650,10950,10600,10700,669654,K00,P00K00,S02K00,U03
1649,2018-09-12,10950,11050,10500,10550,575627,M05,K00M05,P10M05,U04
1650,2018-09-13,10400,10500,9990,10250,619477,M05,M00M05,S07M05,T01
1651,2018-09-14,10350,10700,10250,10300,386642,M05,M00M05,M10M05,U04
1652,2018-09-17,10400,10600,10350,10350,415881,M04,M00M04,M10M04,T01
1653,2018-09-18,10350,10700,10250,10500,381085,P05,M00P05,S04P05,D04
1654,2018-09-19,10600,11500,10450,11500,1375664,P01,P00P01,S02P01,U04
1655,2018-09-20,11400,11550,11050,11150,773555,M05,P00M05,P10M05,T01
1656,2018-09-21,11150,11800,11150,11800,703079,P00,M00P00,S06P00,U04
1657,2018-09-27,11700,12400,11550,12100,900216,P05,P00P05,S02P05,T01
1658,2018-09-28,12100,12250,11850,12100,609938,K00,P00K00,P10K00,U04
1659,2018-10-01,12350,12600,11150,11800,1018590,M05,K00M05,P10M05,U01
1660,2018-10-02,11700,12400,11650,12150,667527,P05,M00P05,S07P05,T01
1661,2018-10-04,12200,12250,11550,11650,732065,M05,P00M05,S00M05,U04
1662,2018-10-05,11550,11800,10900,11050,562823,M05,M00M05,S07M05,D04
1663,2018-10-08,11250,11700,11200,11600,652139,P05,M00P05,M10P05,D04
1664,2018-10-10,11500,11750,11100,11100,394668,M03,P00M03,S01M03,T01
1665,2018-10-11,10300,10800,9880,9880,778709,M03,M00M03,S07M03,D04
1666,2018-10-12,9300,10150,9300,9970,549607,P03,M00P03,M10P03,D04
1667,2018-10-15,9970,10750,9970,10150,380064,P04,P00P04,S00P04,U04
1668,2018-10-16,10150,10600,10000,10100,223450,M05,P00M05,P10M05,D04
1669,2018-10-17,10400,10400,9900,10100,227732,M01,M00M01,S03M01,U04
1670,2018-10-18,10050,10100,9840,10050,160731,K01,M00K01,M10K01,T01
1671,2018-10-19,9950,10050,9810,9920,161394,M05,K00M05,M10M05,D04
1672,2018-10-22,9920,10100,9730,9920,112257,K00,M00K00,S07K00,D04
1673,2018-10-23,9920,9970,9330,9460,272129,M05,K00M05,S04M05,U03
1674,2018-10-24,9490,9690,8520,8760,476132,M05,M00M05,S07M05,D04
1675,2018-10-25,8290,8370,7750,7980,701068,M05,M00M05,M10M05,D04
1676,2018-10-26,8080,8220,7640,7900,462020,M05,M00M05,M10M05,U04
1677,2018-10-29,7910,8170,6930,7300,549406,M05,M00M05,M10M05,D04
1678,2018-10-30,6880,7600,6880,7430,345021,P03,M00P03,M10P03,D04
1679,2018-10-31,7420,8290,7360,8040,386115,P05,P00P05,S00P05,U04
1680,2018-11-01,8000,8460,8000,8340,217233,P03,P00P03,P10P03,U04
1681,2018-11-02,8250,8910,8250,8750,300119,P03,P00P03,P10P03,U04
1682,2018-11-05,8700,8850,8440,8690,166476,M05,P00M05,P10M05,D04
1683,2018-11-06,8660,9180,8520,8690,303092,K00,M00K00,S06K00,D04
1684,2018-11-07,8720,8850,8410,8410,181624,M03,K00M03,S04M03,U04
1685,2018-11-08,8460,8750,8460,8590,122367,P03,M00P03,S07P03,U04
1686,2018-11-09,8520,8590,8200,8280,124873,M05,P00M05,S01M05,D04
1687,2018-11-12,8200,8200,7790,7790,230762,M00,M00M00,S07M00,D04
1688,2018-11-13,7700,8060,7350,8060,240607,P01,M00P01,M10P01,D04
1689,2018-11-14,8070,8410,7970,8220,183072,P05,P00P05,S00P05,T01
1690,2018-11-15,8030,8270,8030,8200,56925,P03,P00P03,P10P03,D04
1691,2018-11-16,8140,8410,8110,8160,136670,K02,P00K02,P10K02,U04
1692,2018-11-19,8130,8480,8120,8480,185592,P01,K00P01,P10P01,T01
1693,2018-11-20,8190,8900,8190,8600,456563,P03,P00P03,P10P03,D04
1694,2018-11-21,8530,8580,8230,8250,279150,M05,P00M05,P10M05,D04
1695,2018-11-22,8260,8330,7940,8110,203527,M05,M00M05,S06M05,D04
1696,2018-11-23,7970,8200,7740,7840,177902,M05,M00M05,M10M05,U04
1697,2018-11-26,7840,8000,7710,7760,120475,M05,M00M05,M10M05,D04
1698,2018-11-27,7870,8750,7750,8500,601149,P05,M00P05,M10P05,U04
1699,2018-11-28,8530,8780,8440,8560,235603,K00,P00K00,S01K00,T01
1700,2018-11-29,8560,8660,8180,8250,193983,M05,K00M05,P10M05,U04
1701,2018-11-30,8200,8350,7930,8070,239608,M05,M00M05,S07M05,T01
1702,2018-12-03,8070,8250,7970,8060,160899,M05,M00M05,M10M05,U04
1703,2018-12-04,8000,8100,7870,8030,130486,K00,M00K00,M10K00,U04
1704,2018-12-05,7820,8000,7570,7650,263450,M05,K00M05,S04M05,U04
1705,2018-12-06,7460,7630,7060,7130,417749,M05,M00M05,S07M05,D04
1706,2018-12-07,7110,7810,7110,7750,350180,P03,M00P03,M10P03,U04
1707,2018-12-10,7520,7640,7280,7460,228475,M05,P00M05,S02M05,D04
1708,2018-12-11,7550,7550,6620,6630,558634,M11,M00M11,S06M11,U04
1709,2018-12-12,6550,7000,6500,6660,336611,P05,M10P05,M10P05,U02
1710,2018-12-13,6660,6740,6560,6650,207579,M05,P00M05,S00M05,U04
1711,2018-12-14,6650,6680,6200,6600,273315,M05,M00M05,S03M05,D04
1712,2018-12-17,6500,6570,6020,6090,305750,M05,M00M05,S04M05,D04
1713,2018-12-18,6070,6240,5830,6010,369022,M05,M00M05,M10M05,D04
1714,2018-12-19,6020,6240,5980,6070,275941,P05,M00P05,M10P05,U04
1715,2018-12-20,6030,6170,5940,5990,233510,M05,P00M05,S04M05,D04
1716,2018-12-21,5840,6080,5750,6060,211202,P05,M00P05,S07P05,D04
1717,2018-12-24,6030,6030,5850,5920,162549,M01,P00M01,S02M01,D04
1718,2018-12-26,5800,5800,5560,5650,329632,M01,M00M01,S06M01,D04
1719,2018-12-27,5730,6530,5730,6330,1140951,P13,M00P13,M10P13,U04
1720,2018-12-28,6370,6500,6100,6100,559443,M03,P10M03,S01M03,U04
1721,2019-01-02,6100,6800,6080,6150,536450,P05,M00P05,S03P05,U04
1722,2019-01-03,6110,6370,6060,6110,365294,K02,P00K02,S00K02,U04
1723,2019-01-04,6090,6150,5860,6140,190084,P05,K00P05,S04P05,D04
1724,2019-01-07,6160,6300,6000,6010,206425,M05,P00M05,S04M05,U04
1725,2019-01-08,6010,6090,5830,5850,230155,M05,M00M05,S07M05,U04
1726,2019-01-09,5970,6010,5810,5890,145498,M05,M00M05,M10M05,U04
1727,2019-01-10,5900,6890,5900,6200,1547823,P04,M00P04,M10P04,U04
1728,2019-01-11,6220,6470,6220,6350,446511,P03,P00P03,S01P03,U04
1729,2019-01-14,6400,6400,6200,6280,224586,M01,P00M01,P10M01,T01
1730,2019-01-15,6240,6400,6220,6330,150685,P05,M00P05,S03P05,D04
1731,2019-01-16,6330,6800,6330,6800,531666,P00,P00P00,S00P00,U04
1732,2019-01-17,6970,7250,6390,6440,841903,M05,P00M05,P10M05,U02
1733,2019-01-18,6470,6550,6280,6510,195747,P05,M00P05,S03P05,U04
1734,2019-01-21,6550,6610,6300,6490,262208,M05,P00M05,S01M05,U04
1735,2019-01-22,6420,6540,6330,6350,174910,M05,M00M05,S03M05,U04
1736,2019-01-23,6330,6350,6180,6240,188053,M05,M00M05,M10M05,D04
1737,2019-01-24,6240,6530,6210,6480,220027,P05,M00P05,M10P05,U01
1738,2019-01-25,6470,6510,6310,6430,183616,M05,P00M05,S02M05,U04
1739,2019-01-28,6410,6660,6260,6660,398363,P01,M00P01,S06P01,U04
1740,2019-01-29,6800,6840,6400,6400,472008,M03,P00M03,S02M03,D04
1741,2019-01-30,6390,6510,6340,6450,225315,P05,M00P05,S07P05,D04
1742,2019-01-31,6450,6540,6360,6540,156675,P01,P00P01,S00P01,U04
1743,2019-02-01,6600,6600,6430,6480,181956,M01,P00M01,P10M01,U04
1744,2019-02-07,6480,6750,6480,6670,362828,P03,M00P03,S03P03,D04
1745,2019-02-08,6690,7290,6660,7210,843138,P05,P00P05,S02P05,D04
1746,2019-02-11,7290,7290,7030,7040,310479,M01,P00M01,P10M01,U02
1747,2019-02-12,7010,7100,6800,6850,267625,M05,M00M05,S03M05,U02
1748,2019-02-13,6850,6980,6800,6880,168586,K00,M00K00,M10K00,U04
1749,2019-02-14,6950,6980,6730,6730,162205,M03,K00M03,S00M03,U01
1750,2019-02-15,6690,6800,6640,6750,103697,P05,M00P05,S07P05,U01
1751,2019-02-18,6820,7190,6780,7050,427287,P05,P00P05,S00P05,U01
1752,2019-02-19,7180,7180,6960,7050,210894,M01,P00M01,P10M01,U04
1753,2019-02-20,7050,7230,6920,7160,242935,P05,M00P05,S03P05,U03
1754,2019-02-21,6810,6950,6770,6840,444511,K00,P00K00,S00K00,T01
1755,2019-02-22,6840,6930,6800,6820,151141,M05,K00M05,P10M05,D04
1756,2019-02-25,6820,6850,6650,6690,180319,M05,M00M05,S04M05,U04
1757,2019-02-26,6670,6670,6370,6380,422055,M01,M00M01,M10M01,U04
1758,2019-02-27,6370,6570,6290,6560,218208,P05,M00P05,M10P05,T01
1759,2019-02-28,6510,6740,6310,6400,289022,M05,P00M05,S00M05,U01
1760,2019-03-04,6310,6480,6310,6350,215871,P04,M00P04,S06P04,U04
1761,2019-03-05,6350,6650,6310,6480,171965,P05,P00P05,S08P05,T01
1762,2019-03-06,6580,6580,6330,6360,114268,M01,P00M01,P10M01,T01
1763,2019-03-07,6360,6420,6150,6180,129957,M05,M00M05,S03M05,D04
1764,2019-03-08,6020,6100,5850,5910,313669,M05,M00M05,M10M05,D04
1765,2019-03-11,5950,6000,5890,5970,84721,K00,M00K00,M10K00,T01
1766,2019-03-12,5990,6350,5990,6270,113180,P03,K00P03,S01P03,U04
1767,2019-03-13,6280,6300,6130,6240,60072,M05,P00M05,P10M05,U04
1768,2019-03-14,6240,6440,6170,6400,79699,P05,M00P05,S03P05,U04
1769,2019-03-15,6330,6500,6220,6370,120686,P05,P00P05,S02P05,T01
1770,2019-03-18,6450,6490,6310,6430,82811,M05,P00M05,P10M05,U04
1771,2019-03-19,6390,6580,6200,6270,93792,M05,M00M05,S05M05,U04
1772,2019-03-20,6200,6340,6090,6180,84245,M05,M00M05,M10M05,U02
1773,2019-03-21,6150,6260,5760,6040,316099,M05,M00M05,M10M05,U01
1774,2019-03-22,6040,6290,6000,6100,100722,P05,M00P05,M10P05,U04
1775,2019-03-25,5930,6050,5810,5900,146566,M05,P00M05,S00M05,D04
1776,2019-03-26,5850,5980,5850,5920,97911,P03,M00P03,S07P03,T01
1777,2019-03-27,5870,6590,5870,6130,1232930,P03,P00P03,S00P03,U04
1778,2019-03-28,6130,6270,6050,6120,209860,M05,P00M05,P10M05,D04
1779,2019-03-29,6130,6250,6030,6100,165768,M05,M00M05,S03M05,U04
1780,2019-04-01,6150,6400,6050,6320,169982,P05,M00P05,S04P05,U04
1781,2019-04-02,6400,6540,6310,6310,229498,M03,P00M03,S01M03,U04
1782,2019-04-03,6310,6750,6280,6500,496261,P05,M00P05,S03P05,U03
1783,2019-04-04,6510,6660,6460,6610,271171,P05,P00P05,S02P05,U04
1784,2019-04-05,6610,6610,6300,6500,213122,M01,P00M01,P10M01,T01
1785,2019-04-08,6500,6790,6500,6640,250127,P03,M00P03,S07P03,U04
1786,2019-04-09,6680,6690,6450,6550,132940,M05,P00M05,S02M05,U03
1787,2019-04-10,6480,6880,6440,6790,332984,P05,M00P05,S03P05,D04
1788,2019-04-11,6790,6910,6770,6840,185588,P05,P00P05,S02P05,U04
1789,2019-04-12,6820,6950,6660,6830,268040,K00,P00K00,P10K00,T01
1790,2019-04-15,6900,6930,6750,6820,160195,M05,K00M05,S04M05,U04
1791,2019-04-16,6810,6880,6660,6850,158994,P05,M00P05,S07P05,T01
1792,2019-04-17,6850,6850,6610,6680,165956,M01,P00M01,S00M01,U04
1793,2019-04-18,6450,6470,6150,6300,448106,M05,M00M05,S07M05,T01
1794,2019-04-19,6340,6370,6210,6340,121976,K01,M00K01,M10K01,T01
1795,2019-04-22,6300,6400,6250,6250,153333,M04,K00M04,M10M04,T01
1796,2019-04-23,6310,6310,6150,6190,119244,M01,M00M01,S07M01,U03
1797,2019-04-24,6210,6350,6090,6320,101181,P05,M00P05,M10P05,U04
1798,2019-04-25,6230,6320,5800,6210,193731,M05,P00M05,S01M05,T01
1799,2019-04-26,6220,6220,5990,6010,133822,M01,M00M01,S07M01,U03
1800,2019-04-29,5950,6100,5950,5970,93503,K02,M00K02,M10K02,U04
1801,2019-04-30,6090,6260,5960,6260,98343,P01,K00P01,S08P01,U03
1802,2019-05-02,6200,6440,6200,6320,104046,P03,P00P03,P10P03,D04
1803,2019-05-03,6300,6310,6220,6260,69847,M05,P00M05,P10M05,T01
1804,2019-05-07,6180,6260,6100,6100,51123,M03,M00M03,S06M03,D04
1805,2019-05-08,6100,6180,6010,6090,86618,M05,M00M05,M10M05,D04
1806,2019-05-09,6090,6090,5810,5980,197544,M01,M00M01,M10M01,T01
1807,2019-05-10,5840,6250,5840,6160,144360,P03,M00P03,M10P03,D04
1808,2019-05-13,6160,6200,5960,6030,90126,M05,P00M05,S02M05,U01
1809,2019-05-14,6030,6040,5820,5980,122975,M05,M00M05,S03M05,D04
1810,2019-05-15,5980,6090,5950,6000,69787,K00,M00K00,M10K00,U04
1811,2019-05-16,6000,6090,5890,5910,75297,M05,K00M05,S04M05,U04
1812,2019-05-17,5920,6010,5770,5830,91946,M05,M00M05,S07M05,U04
1813,2019-05-20,5780,5950,5350,5450,264142,M05,M00M05,M10M05,D04
1814,2019-05-21,5450,5610,5370,5420,139154,M05,M00M05,M10M05,D04
1815,2019-05-22,5440,5580,5360,5400,64441,M05,M00M05,M10M05,U04
1816,2019-05-23,5590,5730,5420,5620,79669,P05,M00P05,S04P05,D04
1817,2019-05-24,5510,5730,5390,5460,88892,M05,P00M05,S01M05,D04
1818,2019-05-27,5400,5510,5290,5380,77485,M05,M00M05,S07M05,D04
1819,2019-05-28,5320,5370,5150,5250,125127,M05,M00M05,M10M05,U02
1820,2019-05-29,5210,5260,5050,5090,115903,M05,M00M05,M10M05,D04
1821,2019-05-30,5090,5200,4980,5040,149433,M05,M00M05,M10M05,D04
1822,2019-05-31,5010,5140,5010,5060,72034,P03,M00P03,M10P03,U03
1823,2019-06-03,4960,5060,4825,4900,223744,M05,P00M05,S00M05,D04
1824,2019-06-04,4900,5020,4810,4975,79775,P05,M00P05,S07P05,D04
1825,2019-06-05,5020,5050,4910,4940,98998,M05,P00M05,S02M05,U04
1826,2019-06-07,4940,5230,4895,5200,197359,P05,M00P05,S03P05,U04
1827,2019-06-10,5290,6000,5170,5850,452553,P15,P00P15,S02P15,U04
1828,2019-06-11,5750,5870,5650,5790,165641,P05,P10P05,P10P05,U04
1829,2019-06-12,5790,5790,5630,5660,112752,M01,P00M01,P10M01,T01
1830,2019-06-13,5640,5750,5600,5730,48610,P05,M00P05,S07P05,D04
1831,2019-06-14,5710,5920,5660,5710,106194,K02,P00K02,S00K02,U04
1832,2019-06-17,5680,6480,5510,5670,643460,M05,K00M05,P10M05,D04
1833,2019-06-18,5660,5970,5600,5770,209884,P05,M00P05,S04P05,U04
1834,2019-06-19,5800,5880,5700,5760,93525,M05,P00M05,S02M05,U04
1835,2019-06-20,5710,5900,5690,5750,145476,P05,M00P05,S03P05,U04
1836,2019-06-21,5770,5790,5560,5620,118118,M05,P00M05,S08M05,U04
1837,2019-06-24,5560,5700,5390,5450,122004,M05,M00M05,S07M05,T01
1838,2019-06-25,5450,5540,5340,5380,53580,M05,M00M05,M10M05,D04
1839,2019-06-26,5380,5440,5200,5280,140157,M05,M00M05,M10M05,D04
1840,2019-06-27,5320,5800,3700,3700,1537512,M13,M00M13,M10M13,U04
1841,2019-06-28,3840,4100,3430,3820,1811023,M05,M10M05,M10M05,U04
1842,2019-07-01,3760,4470,3745,4180,1662882,P15,M00P15,M10P15,U04
1843,2019-07-02,4100,4350,4000,4055,395340,M05,P10M05,S02M05,U04
1844,2019-07-03,4005,4130,3995,4100,91747,P05,M00P05,S06P05,U03
1845,2019-07-04,3980,4100,3850,4050,233515,P05,P00P05,S02P05,U03
1846,2019-07-05,4050,4150,3985,4025,129019,M05,P00M05,P10M05,U04
1847,2019-07-08,3970,4030,3805,3900,162365,M05,M00M05,S03M05,T01
1848,2019-07-09,3890,3950,3655,3715,216223,M05,M00M05,M10M05,D04
1849,2019-07-10,3715,3895,3645,3800,130632,P05,M00P05,M10P05,U04
1850,2019-07-11,3850,4560,3790,4060,923360,P05,P00P05,S00P05,U04
1851,2019-07-12,4015,4150,3990,4090,152586,P05,P00P05,P10P05,T01
1852,2019-07-15,4090,4135,3945,4000,165114,M05,P00M05,P10M05,U04
1853,2019-07-16,3950,4110,3930,4010,107578,P05,M00P05,S07P05,U03
1854,2019-07-17,4080,4240,4015,4110,220910,P05,P00P05,S00P05,D04
1855,2019-07-18,4085,4200,4035,4075,132398,M05,P00M05,P10M05,D04
1856,2019-07-19,4040,4285,4040,4200,233476,P03,M00P03,S04P03,U03
1857,2019-07-22,4190,4230,4000,4000,178570,M03,P00M03,S02M03,D04
1858,2019-07-23,4015,4175,3965,4015,228027,K02,M00K02,S07K02,U04
1859,2019-07-24,3990,4035,3800,3845,235784,M05,K00M05,M10M05,U04
1860,2019-07-25,3840,3850,3715,3850,111116,K01,M00K01,S07K01,U04
1861,2019-07-26,3900,3920,3635,3750,213112,M05,K00M05,S00M05,D04
1862,2019-07-29,3700,3785,3380,3380,298170,M03,M00M03,S07M03,U04
1863,2019-07-30,3310,3455,2980,2985,516016,M05,M00M05,M10M05,D04
1864,2019-07-31,3085,3190,2845,3135,345645,P05,M00P05,M10P05,T01
1865,2019-08-01,3035,3215,3035,3095,204835,P04,P00P04,S01P04,D04
1866,2019-08-02,3030,3250,3000,3155,134372,P05,P00P05,P10P05,D04
1867,2019-08-05,3130,3140,2810,2810,332867,M13,P00M13,P10M13,D04
1868,2019-08-06,2785,2915,2535,2700,461361,M05,M10M05,S07M05,D04
1869,2019-08-07,2815,2960,2705,2795,243426,M05,M00M05,M10M05,U04
1870,2019-08-08,2830,3140,2830,3135,215621,P13,M00P13,M10P13,U04
1871,2019-08-09,3080,3205,3060,3105,143179,P05,P10P05,S01P05,U04
1872,2019-08-12,3010,3200,3000,3200,124122,P01,P00P01,P10P01,D04
1873,2019-08-13,3290,3450,3170,3325,239579,P05,P00P05,P10P05,D04
1874,2019-08-14,3400,3680,3310,3540,255127,P05,P00P05,P10P05,U04
1875,2019-08-16,3500,3590,3435,3580,153306,P05,P00P05,P10P05,T01
1876,2019-08-19,3545,3565,3350,3380,192849,M05,P00M05,P10M05,U04
1877,2019-08-20,3380,3460,3350,3415,86008,P05,M00P05,S07P05,U04
1878,2019-08-21,3415,3415,3330,3375,115892,M01,P00M01,S00M01,D04
1879,2019-08-22,3395,3550,3375,3500,144846,P05,M00P05,S07P05,U04
1880,2019-08-23,3580,3580,3245,3410,234752,M01,P00M01,S01M01,D04
1881,2019-08-26,3300,3410,3210,3350,110003,P05,M00P05,S03P05,D04
1882,2019-08-27,3320,3980,3320,3755,861401,P13,P00P13,S08P13,U04
1883,2019-08-28,3715,4265,3600,3870,1282870,P05,P10P05,P10P05,D04
1884,2019-08-29,3850,4260,3790,3900,846259,P05,P00P05,P10P05,U04
1885,2019-08-30,3880,3955,3815,3835,376019,M05,P00M05,P10M05,U04
1886,2019-09-02,3850,4190,3850,4000,430790,P03,M00P03,S07P03,U04
1887,2019-09-03,3980,4140,3940,4065,251838,P05,P00P05,S01P05,T01
1888,2019-09-04,4060,4450,4055,4370,579059,P05,P00P05,P10P05,D04
1889,2019-09-05,4365,4425,4310,4380,240029,K00,P00K00,P10K00,U04
1890,2019-09-06,4320,4405,4230,4270,225475,M05,K00M05,P10M05,U04
1891,2019-09-09,4280,4480,4280,4385,202116,P03,M00P03,S07P03,T01
1892,2019-09-10,4375,4375,4265,4270,113310,M01,P00M01,S01M01,T01
1893,2019-09-11,4270,4380,4245,4300,99742,P05,M00P05,S07P05,T01
1894,2019-09-16,4390,4680,4320,4570,387765,P05,P00P05,S00P05,T01
1895,2019-09-17,4565,4565,4290,4510,242747,M02,P00M02,P10M02,D04
1896,2019-09-18,4405,4910,4405,4795,589244,P03,M00P03,S06P03,U04
1897,2019-09-19,4785,5090,4760,4820,379624,P05,P00P05,S02P05,T01
1898,2019-09-20,4820,4950,4705,4760,279137,M05,P00M05,P10M05,U01
1899,2019-09-23,4760,4860,4285,4460,746914,M05,M00M05,S07M05,D04
1900,2019-09-24,4430,4440,4075,4330,674397,M05,M00M05,M10M05,T01
1901,2019-09-25,4230,4320,4000,4150,262595,M05,M00M05,M10M05,D04
1902,2019-09-26,4150,4255,3970,4190,294358,P05,M00P05,M10P05,U04
1903,2019-09-27,4100,4180,4010,4010,113817,M03,P00M03,S00M03,D04
1904,2019-09-30,4350,4530,4055,4330,767945,M05,M00M05,S07M05,D04
1905,2019-10-01,4350,4460,4115,4295,434068,M05,M00M05,M10M05,U04
1906,2019-10-02,4290,4295,4050,4100,311204,M05,M00M05,M10M05,D04
1907,2019-10-04,4100,4265,4050,4200,271620,P05,M00P05,M10P05,U04
1908,2019-10-07,4460,4965,4200,4545,1604850,P05,P00P05,S00P05,U04
1909,2019-10-08,4595,4665,4415,4415,500552,M03,P00M03,P10M03,D04
1910,2019-10-10,4650,5650,4410,4455,4739246,M05,M00M05,S07M05,U04
1911,2019-10-11,4590,4865,4550,4680,1866841,P05,M00P05,M10P05,U04
1912,2019-10-14,4880,5150,4755,4845,2148948,M05,P00M05,S01M05,U04
1913,2019-10-15,4825,4940,4675,4935,418978,P05,M00P05,S05P05,T01
1914,2019-10-16,5050,5210,4940,5080,1226396,P05,P00P05,S02P05,U04
1915,2019-10-17,4990,5120,4865,4965,539201,M05,P00M05,P10M05,D04
1916,2019-10-18,5000,5000,4815,4880,372270,M01,M00M01,S07M01,U04
1917,2019-10-21,4880,5910,4790,5750,4753594,P15,M00P15,M10P15,D04
1918,2019-10-22,6500,7450,6460,6930,12801254,P05,P10P05,S02P05,U04
1919,2019-10-23,7110,7360,6790,7180,7263864,P05,P00P05,P10P05,D04
1920,2019-10-24,7280,7320,5980,6470,4232568,M15,P00M15,P10M15,U03
1921,2019-10-25,6350,6680,5830,6300,2154534,M05,M10M05,S07M05,U04
1922,2019-10-28,6350,6500,5840,5950,1206634,M05,M00M05,M10M05,U04
1923,2019-10-29,6000,6270,5720,6060,1623343,P05,M00P05,M10P05,U04
1924,2019-10-30,6000,6170,5820,5830,1016574,M05,P00M05,S01M05,D04
1925,2019-10-31,5830,6130,5610,6050,993615,P05,M00P05,S07P05,U04
1926,2019-11-01,5990,7190,5960,6810,8712299,P15,P00P15,S02P15,T01
1927,2019-11-04,7300,8200,7280,7680,11634697,P05,P10P05,P10P05,U04
1928,2019-11-05,7520,7550,6970,7140,2346331,M05,P00M05,P10M05,U04
1929,2019-11-06,7250,7420,6850,7100,2029899,M05,M00M05,S07M05,T01
1930,2019-11-07,6900,7680,6850,7330,3236289,P05,M00P05,M10P05,D04
1931,2019-11-08,7250,7390,7000,7060,765918,M05,P00M05,S02M05,U04
1932,2019-11-11,7160,7190,6970,7080,743575,M05,M00M05,S06M05,U04
1933,2019-11-12,7080,7150,6810,6850,700959,M05,M00M05,M10M05,T01
1934,2019-11-13,6880,6980,6770,6800,351773,M05,M00M05,M10M05,U03
1935,2019-11-14,6800,8840,6750,8840,16320007,P11,M00P11,M10P11,T01
1936,2019-11-15,9500,11450,9100,11450,24124226,P11,P10P11,S02P11,T01
1937,2019-11-18,11450,13750,10550,11500,25869141,K00,P10K00,P10K00,U04
1938,2019-11-19,11300,12900,10750,11600,11748340,P05,K00P05,P10P05,U02
1939,2019-11-20,12200,12350,11000,12000,5864470,M05,P00M05,P10M05,U03
1940,2019-11-21,11850,12100,10850,11200,3504172,M05,M00M05,S05M05,D04
1941,2019-11-22,10800,10950,9530,9910,7539549,M05,M00M05,M10M05,T01
1942,2019-11-25,10000,10150,9310,9530,4994215,M05,M00M05,M10M05,U02
1943,2019-11-26,9650,9910,9190,9710,5583221,P05,M00P05,M10P05,U04
1944,2019-11-27,9170,9340,8950,9290,3822103,P05,P00P05,S01P05,U03
1945,2019-11-28,9170,9190,8500,8770,3239375,M05,P00M05,P10M05,U03
1946,2019-11-29,8700,8700,7710,7930,3935167,M01,M00M01,S07M01,U04
1947,2019-12-02,8100,9150,7930,9150,6172961,P11,M00P11,M10P11,D04
1948,2019-12-03,9280,9430,8210,8260,5802115,M15,P10M15,S01M15,D04
1949,2019-12-04,8000,8150,7610,8150,3245734,P02,M10P02,S03P02,D04
1950,2019-12-05,8050,8060,6900,7010,3317736,M15,P00M15,S08M15,U04
1951,2019-12-06,7000,7250,6680,7050,1954294,P05,M10P05,S07P05,U01
1952,2019-12-09,7060,7390,6690,7170,1948696,P05,P00P05,S00P05,U04
1953,2019-12-10,7110,7550,7000,7340,1982444,P05,P00P05,P10P05,D04
1954,2019-12-11,7160,7350,7070,7180,928532,K00,P00K00,P10K00,T01
1955,2019-12-12,7180,8360,7100,7590,9994694,P05,K00P05,P10P05,U04
1956,2019-12-13,7580,8240,7450,7880,3941352,P05,P00P05,P10P05,U04
1957,2019-12-16,7850,8300,7750,8030,3363805,P05,P00P05,P10P05,U03
1958,2019-12-17,8180,8200,7880,7930,1442632,M05,P00M05,P10M05,U04
1959,2019-12-18,7930,7990,7600,7640,1082252,M05,M00M05,S03M05,U02
1960,2019-12-19,7640,7770,7520,7600,847896,M05,M00M05,M10M05,U01
1961,2019-12-20,7600,7950,7530,7900,1485538,P05,M00P05,M10P05,U04
1962,2019-12-23,7910,8540,7450,8210,4494340,P05,P00P05,S02P05,U04
1963,2019-12-24,8250,8430,7810,7840,1757342,M05,P00M05,P10M05,U03
1964,2019-12-26,7710,8100,7560,7980,1552098,P05,M00P05,S07P05,U01
1965,2019-12-27,7980,8220,7840,7900,1504784,M05,P00M05,S00M05,U04
1966,2019-12-30,7870,8180,7810,8090,1239195,P05,M00P05,S03P05,T01
1967,2020-01-02,8110,8180,7960,8100,1029138,M05,P00M05,S02M05,U04
1968,2020-01-03,8140,8140,7840,7900,1033587,M01,M00M01,S05M01,U04
1969,2020-01-06,7720,8020,7590,7740,932849,K00,M00K00,M10K00,D04
1970,2020-01-07,7750,7900,7720,7720,467940,M04,K00M04,S08M04,U04
1971,2020-01-08,7630,7690,7100,7280,1252445,M05,M00M05,S04M05,T01
1972,2020-01-09,7500,7920,7500,7800,1015555,P03,M00P03,M10P03,U04
1973,2020-01-10,7840,7960,7740,7910,543013,P05,P00P05,S01P05,U04
1974,2020-01-13,7930,8630,7930,8290,2947172,P03,P00P03,P10P03,T01
1975,2020-01-14,8350,8600,8210,8400,1501684,P05,P00P05,P10P05,U04
1976,2020-01-15,8400,8550,8250,8470,708831,P05,P00P05,P10P05,T01
1977,2020-01-16,7930,8290,7790,8160,1432195,P05,P00P05,P10P05,U01
1978,2020-01-17,8200,8260,8040,8150,515583,M05,P00M05,P10M05,U04
1979,2020-01-20,8170,8490,7990,8050,749953,M05,M00M05,S03M05,U04
1980,2020-01-21,8050,8110,7900,7990,418850,M05,M00M05,M10M05,U04
1981,2020-01-22,7970,8230,7930,8140,539119,P05,M00P05,M10P05,T01
1982,2020-01-23,8140,8190,7870,8000,452536,M05,P00M05,S02M05,U02
1983,2020-01-28,7800,8180,7530,7770,858371,M05,M00M05,S03M05,D04
1984,2020-01-29,7810,7860,7610,7680,320827,M05,M00M05,M10M05,U04
1985,2020-01-30,7620,7800,7240,7380,378782,M05,M00M05,M10M05,U01
1986,2020-01-31,7310,7470,7000,7000,394514,M03,M00M03,M10M03,U03
1987,2020-02-03,6880,7560,6500,7530,833248,P05,M00P05,M10P05,D04
1988,2020-02-04,7420,7750,7420,7640,515950,P03,P00P03,S02P03,U04
1989,2020-02-05,7710,7910,7480,7520,437321,M05,P00M05,P10M05,U04
1990,2020-02-06,7530,8050,7530,7760,800901,P03,M00P03,S03P03,U04
1991,2020-02-07,7800,7890,7590,7780,308825,M05,P00M05,S01M05,U04
1992,2020-02-10,7790,8090,7730,7980,920931,P05,M00P05,S05P05,D04
1993,2020-02-11,8090,8100,7920,8000,320748,M05,P00M05,S01M05,U04
1994,2020-02-12,8050,8100,7910,7940,428074,M05,M00M05,S05M05,U02
1995,2020-02-13,8070,8090,7660,7780,693638,M05,M00M05,M10M05,U04
1996,2020-02-14,7700,7820,7510,7550,412678,M05,M00M05,M10M05,T01
1997,2020-02-17,7550,7660,7400,7460,282470,M05,M00M05,M10M05,T01
1998,2020-02-18,7430,7550,7280,7310,268600,M05,M00M05,M10M05,U03
1999,2020-02-19,7310,7530,7030,7450,299237,P05,M00P05,M10P05,T01
2000,2020-02-20,7700,7700,7150,7180,348903,M01,P00M01,S02M01,U04
2001,2020-02-21,7070,7120,6970,6980,411816,M05,M00M05,S07M05,D04
2002,2020-02-24,6550,6790,6200,6550,448267,K00,M00K00,M10K00,D04
2003,2020-02-25,6460,7100,6460,7100,505883,P00,K00P00,M10P00,D04
2004,2020-02-26,6900,7180,6770,6970,209774,P05,P00P05,P10P05,D04
2005,2020-02-27,7000,8140,6830,7400,2050337,P05,P00P05,P10P05,U03
2006,2020-02-28,7370,7370,6600,6750,912000,M01,P00M01,P10M01,D04
2007,2020-03-02,6720,6950,6450,6760,576730,P05,M00P05,S07P05,T01
2008,2020-03-03,6870,7100,6720,7000,839984,P05,P00P05,S00P05,U04
2009,2020-03-04,6900,7180,6830,6950,534571,P05,P00P05,P10P05,D04
2010,2020-03-05,6980,8000,6900,7300,3135413,P05,P00P05,P10P05,U04
2011,2020-03-06,7130,7240,7000,7040,623396,M05,P00M05,P10M05,D04
2012,2020-03-09,6980,7020,6670,6680,601136,M05,M00M05,S06M05,D04
2013,2020-03-10,6490,6890,6420,6820,527914,P05,M00P05,M10P05,D04
2014,2020-03-11,6820,6870,6510,6570,342834,M05,P00M05,S00M05,U04
2015,2020-03-12,6450,6720,6000,6280,491599,M05,M00M05,S03M05,D04
2016,2020-03-13,5810,6090,5350,5810,749989,K00,M00K00,M10K00,D04
2017,2020-03-16,6150,6180,5630,5770,438850,M05,K00M05,M10M05,U04
2018,2020-03-17,5480,6150,5200,5930,593264,P05,M00P05,S07P05,D04
2019,2020-03-18,5910,6200,5590,5600,460347,M05,P00M05,S00M05,U04
2020,2020-03-19,5900,5990,4710,4965,782463,M15,M00M15,S06M15,D04
2021,2020-03-20,5000,5330,5000,5260,459632,P03,M10P03,M10P03,U04
2022,2020-03-23,4995,6040,4900,5380,1229073,P05,P00P05,S01P05,D04
2023,2020-03-24,5620,5830,5430,5650,837592,P05,P00P05,P10P05,T01
2024,2020-03-25,5860,5910,5550,5700,667421,M05,P00M05,P10M05,U04
2025,2020-03-26,5780,6100,5600,5800,781015,K00,M00K00,S05K00,D04
2026,2020-03-27,5980,6090,5520,5650,713171,M05,K00M05,S01M05,U04
2027,2020-03-30,5500,6040,5480,5940,391737,P05,M00P05,S07P05,D04
2028,2020-03-31,6180,6250,5890,6250,572793,P02,P00P02,S00P02,U04
2029,2020-04-01,6390,6720,6000,6000,1331032,M03,P00M03,P10M03,D04
2030,2020-04-02,6100,6280,5920,6150,449780,P05,M00P05,S07P05,D04
2031,2020-04-03,6260,6370,6150,6220,383777,M05,P00M05,S01M05,U04
2032,2020-04-06,6330,6650,6220,6610,818403,P05,M00P05,S05P05,D04
2033,2020-04-07,6720,6790,6410,6670,641293,M05,P00M05,S01M05,U04
2034,2020-04-08,6540,7040,6460,6840,892981,P05,M00P05,S05P05,D04
2035,2020-04-09,6910,7400,6860,7160,1228034,P05,P00P05,S02P05,U04
2036,2020-04-10,7380,7480,6760,7050,1322129,M05,P00M05,P10M05,U04
2037,2020-04-13,7150,7460,6960,6990,1771926,M05,M00M05,S03M05,U04
2038,2020-04-14,7010,7200,6790,7050,957633,P05,M00P05,M10P05,U04
2039,2020-04-16,7070,7260,6820,7220,950925,P05,P00P05,S01P05,D04
2040,2020-04-17,7350,7350,7190,7220,729370,M01,P00M01,P10M01,U04
2041,2020-04-20,7300,7350,7080,7120,525356,M05,M00M05,S03M05,U04
2042,2020-04-21,7090,7380,6530,7320,1602540,P05,M00P05,M10P05,D04
2043,2020-04-22,7200,7200,6970,7080,587790,M01,P00M01,S02M01,D04
2044,2020-04-23,7130,7330,7010,7200,481492,P05,M00P05,S07P05,U04
2045,2020-04-24,7130,7170,6930,6950,507643,M05,P00M05,S01M05,T01
2046,2020-04-27,6980,7130,6950,6980,344569,K02,M00K02,S07K02,U04
2047,2020-04-28,7040,7050,6870,6900,306144,M05,K00M05,M10M05,U04
2048,2020-04-29,6870,7030,6850,6960,277333,P05,M00P05,S07P05,D04
2049,2020-05-04,6870,7030,6830,6850,224238,M05,P00M05,S00M05,D04
2050,2020-05-06,6850,6910,6800,6900,231946,P05,M00P05,S07P05,U04
2051,2020-05-07,6900,6980,6800,6890,272472,M05,P00M05,S04M05,U04
2052,2020-05-08,6900,7130,6900,6980,415543,P03,M00P03,S04P03,U04
2053,2020-05-11,7100,7250,6970,7150,803917,P05,P00P05,S01P05,U04
2054,2020-05-12,7190,7200,6890,6930,444710,M05,P00M05,P10M05,U04
2055,2020-05-13,6840,6950,6820,6910,170434,P05,M00P05,S07P05,D04
2056,2020-05-14,6900,6900,6700,6730,388030,M01,P00M01,S08M01,D04
2057,2020-05-15,6700,6750,6490,6520,497996,M05,M00M05,S07M05,U04
2058,2020-05-18,6550,6570,6400,6450,277996,M05,M00M05,M10M05,U04
2059,2020-05-19,6510,6590,6450,6470,253534,M05,M00M05,M10M05,U04
2060,2020-05-20,6470,6720,6460,6700,284182,P05,M00P05,M10P05,D04
2061,2020-05-21,6720,6850,6650,6670,305784,M05,P00M05,S02M05,U04
2062,2020-05-22,6670,6800,6480,6530,263041,M05,M00M05,S03M05,D04
2063,2020-05-25,6540,6580,6450,6520,218365,M05,M00M05,M10M05,D04
2064,2020-05-26,6620,6620,6470,6530,213901,M01,M00M01,M10M01,U04
2065,2020-05-27,6440,6530,6410,6410,287947,M04,M00M04,M10M04,U03
2066,2020-05-28,6410,6500,6150,6200,308118,M05,M00M05,M10M05,U04
2067,2020-05-29,6250,6550,6170,6520,339142,P05,M00P05,M10P05,D04
2068,2020-06-01,6650,6950,6550,6920,1000690,P05,P00P05,S01P05,U04
2069,2020-06-02,6920,7170,6790,6820,973376,M05,P00M05,P10M05,U04
2070,2020-06-03,6830,7010,6790,6840,506085,K02,M00K02,S03K02,U04
2071,2020-06-04,6930,6930,6660,6670,431428,M01,K00M01,S01M01,U04
2072,2020-06-05,6650,7020,6580,6970,698296,P05,M00P05,S07P05,D04
2073,2020-06-08,7150,7160,6750,6780,445253,M05,P00M05,S02M05,U04
2074,2020-06-09,6780,6860,6680,6770,277205,M05,M00M05,S03M05,U04
2075,2020-06-10,6770,6830,6670,6790,239771,K00,M00K00,M10K00,U04
2076,2020-06-11,6800,6830,6620,6680,329433,M05,K00M05,S04M05,U04
2077,2020-06-12,6440,6670,6210,6540,332483,P05,M00P05,S07P05,D04
2078,2020-06-15,6540,6590,6170,6240,304859,M05,P00M05,S08M05,U04
2079,2020-06-16,6300,6470,6300,6450,273560,P03,M00P03,S07P03,U04
2080,2020-06-17,6390,6470,6270,6360,175436,M05,P00M05,S01M05,U04
2081,2020-06-18,6370,6410,6190,6220,232462,M05,M00M05,S06M05,U02
2082,2020-06-19,6280,6380,6150,6210,245891,M05,M00M05,M10M05,U04
2083,2020-06-22,6200,6260,6130,6200,143948,K00,M00K00,M10K00,T01
2084,2020-06-23,6210,6450,6060,6320,360006,P05,K00P05,M10P05,U04
2085,2020-06-24,6330,6400,6180,6240,182841,M05,P00M05,P10M05,U04
2086,2020-06-25,6180,6230,6080,6100,201586,M05,M00M05,S03M05,D04
2087,2020-06-26,6190,6190,6000,6080,132517,M01,M00M01,M10M01,U04
2088,2020-06-29,6060,6060,5850,5890,258318,M01,M00M01,M10M01,D04
2089,2020-06-30,5840,5890,5720,5880,280492,P05,M00P05,M10P05,U04
2090,2020-07-01,5880,5960,5650,5700,236432,M05,P00M05,S08M05,U04
2091,2020-07-02,5740,5890,5700,5800,161307,P05,M00P05,S07P05,U04
2092,2020-07-03,5810,5920,5750,5850,127472,P05,P00P05,S01P05,U04
2093,2020-07-06,5920,5920,5720,5750,142533,M01,P00M01,P10M01,U04
2094,2020-07-07,5820,5820,5600,5640,205152,M01,M00M01,S07M01,U04
2095,2020-07-08,5630,5650,5400,5470,250592,M05,M00M05,M10M05,D04
2096,2020-07-09,5470,5630,5410,5520,200039,P05,M00P05,M10P05,U04
2097,2020-07-10,5530,5530,5250,5330,253592,M01,P00M01,S00M01,U04
2098,2020-07-13,5430,5430,5030,5150,336953,M01,M00M01,S07M01,U04
2099,2020-07-14,5190,5500,4990,5330,650526,P05,M00P05,M10P05,D04
2100,2020-07-15,5330,5590,5250,5500,172783,P05,P00P05,S01P05,U04
2101,2020-07-16,5450,5610,5280,5400,168939,M05,P00M05,P10M05,U04
2102,2020-07-17,5420,5470,5300,5390,106187,M05,M00M05,S06M05,D04
2103,2020-07-20,5390,5430,5250,5270,88875,M05,M00M05,M10M05,U04
2104,2020-07-21,5290,5440,5270,5330,120392,P05,M00P05,M10P05,U04
2105,2020-07-22,5350,5420,5190,5230,167968,M05,P00M05,S01M05,D04
2106,2020-07-23,5240,5240,5030,5070,392649,M01,M00M01,S07M01,U03
2107,2020-07-24,5080,5180,4970,5180,342944,P01,M00P01,M10P01,D04
2108,2020-07-27,5170,5250,5100,5180,189806,K00,P00K00,S01K00,D04
2109,2020-07-28,5130,5230,5080,5150,247141,K00,K00K00,P10K00,U04
2110,2020-07-29,5100,5130,5040,5090,143978,M05,K00M05,S04M05,D04
2111,2020-07-30,5060,5070,4900,5000,287112,M05,M00M05,S07M05,U04
2112,2020-07-31,5000,5100,4940,5080,179491,P05,M00P05,M10P05,U04
2113,2020-08-03,5150,5150,4890,4960,239218,M01,P00M01,S02M01,U04
2114,2020-08-04,4925,5080,4910,5040,134229,P05,M00P05,S07P05,U04
2115,2020-08-05,5020,5100,4995,5090,177944,P05,P00P05,S00P05,U04
2116,2020-08-06,5140,5140,5030,5080,150114,M01,P00M01,P10M01,U04
2117,2020-08-07,5080,5130,4990,5010,177512,M05,M00M05,S03M05,U04
2118,2020-08-10,4965,5020,4900,4950,172523,M05,M00M05,M10M05,D04
2119,2020-08-11,4925,5060,4925,4980,173086,P03,M00P03,M10P03,D04
2120,2020-08-12,4980,5050,4785,4865,243497,M05,P00M05,S02M05,D04
2121,2020-08-13,4865,6260,4865,6000,6867883,P13,M00P13,S07P13,U04
2122,2020-08-14,5910,5920,5120,5210,1353850,M15,P10M15,S02M15,U03
2123,2020-08-18,5150,5420,4985,5020,473091,M05,M10M05,S06M05,U04
2124,2020-08-19,5020,5440,5020,5160,351054,P04,M00P04,M10P04,U04
2125,2020-08-20,5160,5220,4995,5020,227688,M05,P00M05,S02M05,D04
2126,2020-08-21,5090,5130,4935,5020,145577,M05,M00M05,S07M05,U04
2127,2020-08-24,5000,5100,4900,5070,136498,P05,M00P05,M10P05,U04
2128,2020-08-25,5150,5220,5030,5170,147913,K00,P00K00,S00K00,U04
2129,2020-08-26,5250,5250,5020,5070,158351,M01,K00M01,P10M01,U04
2130,2020-08-27,5030,5100,5020,5080,176839,P05,M00P05,S07P05,U04
2131,2020-08-28,5090,5190,5050,5100,118832,K00,P00K00,S00K00,D04
2132,2020-08-31,5120,5430,5080,5210,852751,P05,K00P05,P10P05,U04
2133,2020-09-01,5340,5430,5220,5280,376263,M05,P00M05,P10M05,U04
2134,2020-09-02,5330,6160,5280,5550,3437711,P05,M00P05,S05P05,U04
2135,2020-09-03,5550,5570,5390,5490,429780,M05,P00M05,S01M05,U04
2136,2020-09-04,5270,5400,5250,5400,282453,P01,M00P01,S03P01,D04
2137,2020-09-07,5320,5850,5320,5600,776207,P03,P00P03,S08P03,D04
2138,2020-09-08,5700,5710,5380,5500,344562,M05,P00M05,P10M05,D04
2139,2020-09-09,5360,5700,5310,5470,327286,P05,M00P05,S03P05,D04
2140,2020-09-10,5530,5640,5400,5500,297358,M05,P00M05,S08M05,U04
2141,2020-09-11,5420,5490,5360,5430,184404,K00,M00K00,S05K00,D04
2142,2020-09-14,5440,5680,5440,5650,282609,P03,K00P03,S08P03,D04
2143,2020-09-15,6180,6520,5900,6250,3920695,P05,P00P05,P10P05,U04
2144,2020-09-16,6280,6600,6070,6420,1809943,P05,P00P05,P10P05,U04
2145,2020-09-17,6420,6570,6200,6520,1141746,P05,P00P05,P10P05,D04
2146,2020-09-18,6450,6620,6350,6570,672436,P05,P00P05,P10P05,D04
2147,2020-09-21,6750,7050,6460,6560,3141078,M05,P00M05,P10M05,D04
2148,2020-09-22,6510,6600,6060,6080,825617,M05,M00M05,S03M05,T01
2149,2020-09-23,6230,6260,5680,6100,569322,M05,M00M05,M10M05,U04
2150,2020-09-24,5830,6000,5620,5730,496585,M05,M00M05,M10M05,D04
2151,2020-09-25,5730,5900,5660,5700,217652,M05,M00M05,M10M05,U04
2152,2020-09-28,5850,7000,5790,6470,2840064,P15,M00P15,M10P15,U04
2153,2020-09-29,6610,6840,6400,6580,960125,M05,P10M05,S01M05,U04
2154,2020-10-05,6540,6540,6230,6420,470292,M01,M00M01,S05M01,D04
2155,2020-10-06,6520,6540,6250,6410,423583,M05,M00M05,M10M05,U04
2156,2020-10-07,6370,6370,6220,6250,273505,M01,M00M01,M10M01,D04
2157,2020-10-08,6280,6400,6210,6280,270064,K00,M00K00,M10K00,U04
2158,2020-10-12,6300,6380,6100,6350,280521,P05,K00P05,M10P05,U04
2159,2020-10-13,6350,6460,6270,6290,442803,M05,P00M05,P10M05,U04
2160,2020-10-14,6250,6260,6050,6120,309703,M05,M00M05,S04M05,T01
2161,2020-10-15,6120,6180,5750,5820,366402,M05,M00M05,M10M05,D04
2162,2020-10-16,5780,5960,5700,5910,231554,P05,M00P05,M10P05,D04
2163,2020-10-19,5910,6000,5820,5850,199258,M05,P00M05,S00M05,D04
2164,2020-10-20,5850,6070,5770,6070,318957,P01,M00P01,S03P01,D04
2165,2020-10-21,6130,6320,6000,6110,538285,M05,P00M05,S02M05,U04
2166,2020-10-22,6260,6260,6000,6040,464829,M01,M00M01,S05M01,D04
2167,2020-10-23,6000,6040,5830,5900,243917,M05,M00M05,M10M05,U03
2168,2020-10-26,5900,5930,5600,5650,285234,M05,M00M05,M10M05,U04
2169,2020-10-27,5560,5830,5490,5650,206697,P05,M00P05,M10P05,D04
2170,2020-10-28,5650,5770,5620,5640,60950,M05,P00M05,S08M05,U04
