,date,open,high,low,close,volume,pattern1,pattern2,pattern3,nasdaq
0,2012-01-02,2640,2690,2510,2640,6595,K00,,,
1,2012-01-03,2640,2660,2560,2580,3495,M05,K00M05,,
2,2012-01-04,2630,2740,2590,2600,8551,M05,M00M05,S07M05,U02
3,2012-01-05,2630,2690,2600,2680,5710,P05,M00P05,M10P05,T01
4,2012-01-06,2680,2680,2600,2660,4423,M02,P00M02,S01M02,U01
5,2012-01-09,2680,2900,2660,2700,32776,P05,M00P05,S03P05,T01
6,2012-01-10,2710,2770,2650,2740,10734,P05,P00P05,S01P05,T01
7,2012-01-11,2720,2740,2640,2640,9439,M03,P00M03,P10M03,U01
8,2012-01-12,2640,2720,2620,2640,1975,K02,M00K02,S07K02,U01
9,2012-01-13,2690,2710,2640,2670,3726,M05,K00M05,M10M05,U01
10,2012-01-16,2590,2620,2590,2600,5389,K00,M00K00,S05K00,U01
11,2012-01-17,2520,2620,2520,2560,5753,P03,K00P03,S08P03,D01
12,2012-01-18,2600,2660,2530,2530,4151,M03,P00M03,P10M03,U01
13,2012-01-19,2560,2720,2560,2660,10850,P03,M00P03,S03P03,U02
14,2012-01-20,2660,2680,2550,2660,8171,K01,P00K01,S01K01,U01
15,2012-01-25,2660,2660,2570,2590,2465,M01,K00M01,P10M01,T01
16,2012-01-26,2650,2650,2580,2600,792,M01,M00M01,S07M01,U02
17,2012-01-27,2580,2660,2560,2650,5028,P05,M00P05,M10P05,D01
18,2012-01-30,2650,3040,2650,3000,111148,P13,P00P13,S02P13,U01
19,2012-01-31,3020,3040,2850,2880,34898,M05,P10M05,P10M05,T01
20,2012-02-01,2980,2980,2830,2870,13589,M01,M00M01,S03M01,T01
21,2012-02-02,2850,3010,2840,2910,10654,P05,M00P05,M10P05,U02
22,2012-02-03,2910,3040,2850,3020,6260,P05,P00P05,S00P05,U01
23,2012-02-06,2940,3040,2860,3010,11950,P05,P00P05,P10P05,U02
24,2012-02-07,3020,3020,2900,2930,13603,M01,P00M01,P10M01,T01
25,2012-02-08,2850,2960,2830,2960,9064,P01,M00P01,S07P01,T01
26,2012-02-09,2910,3010,2890,2990,7018,P05,P00P05,S00P05,U01
27,2012-02-10,3040,3420,3040,3210,72559,P03,P00P03,P10P03,U01
28,2012-02-13,3220,3280,3130,3220,24983,K00,P00K00,P10K00,D01
29,2012-02-14,3240,3240,3100,3140,9072,M01,K00M01,P10M01,U01
30,2012-02-15,3140,3170,3030,3150,8956,K01,M00K01,S07K01,T01
31,2012-02-16,3160,3170,3060,3140,5515,M05,K00M05,S00M05,D01
32,2012-02-17,3170,3210,3090,3130,6529,M05,M00M05,S04M05,U02
33,2012-02-20,3120,3140,3000,3020,12256,M05,M00M05,M10M05,U02
34,2012-02-21,3080,3360,3020,3170,38429,P05,M00P05,M10P05,T01
35,2012-02-22,3170,3280,3080,3100,13218,M05,P00M05,S01M05,T01
36,2012-02-23,3080,3130,3060,3070,8162,M05,M00M05,S03M05,D01
37,2012-02-24,3100,3130,3060,3120,3150,P05,M00P05,M10P05,U01
38,2012-02-27,3130,3300,3050,3180,11215,P05,P00P05,S01P05,T01
39,2012-02-28,3150,3320,3110,3250,21992,P05,P00P05,P10P05,T01
40,2012-02-29,3250,3330,3220,3250,7575,K00,P00K00,P10K00,U01
41,2012-03-02,3330,3330,3180,3240,7360,M01,K00M01,P10M01,U01
42,2012-03-05,3210,3270,3140,3260,11860,P05,M00P05,S07P05,D01
43,2012-03-06,3260,3410,3140,3160,75976,M05,P00M05,S00M05,D01
44,2012-03-07,3060,3140,3060,3080,15081,P04,M00P04,S07P04,D02
45,2012-03-08,3080,3120,3000,3000,21604,M03,P00M03,S08M03,U01
46,2012-03-09,3010,3080,3010,3060,3917,P03,M00P03,S07P03,U02
47,2012-03-12,3130,3500,3130,3190,83053,P04,P00P04,S01P04,U01
48,2012-03-13,3190,3230,3040,3080,21169,M05,P00M05,P10M05,T01
49,2012-03-14,3080,3150,3030,3080,8309,K00,M00K00,S07K00,U03
50,2012-03-15,3060,3090,2980,3010,18711,M05,K00M05,M10M05,T01
51,2012-03-16,3060,3150,3030,3100,9229,P05,M00P05,S07P05,U01
52,2012-03-19,3110,3140,3070,3100,4953,M05,P00M05,S01M05,T01
53,2012-03-20,3080,3110,3000,3030,8203,M05,M00M05,S03M05,U01
54,2012-03-21,3030,3050,3000,3020,2730,M05,M00M05,M10M05,T01
55,2012-03-22,3010,3050,2980,3000,5369,M05,M00M05,M10M05,T01
56,2012-03-23,3020,3160,2960,3140,9970,P05,M00P05,S04P05,D01
57,2012-03-26,3140,3160,3050,3110,3086,M05,P00M05,S01M05,T01
58,2012-03-27,3140,3140,3070,3110,3606,M01,M00M01,S03M01,U03
59,2012-03-28,3120,3120,3050,3050,1546,M00,M00M00,S04M00,T01
60,2012-03-29,3070,3150,3020,3120,6445,P05,M00P05,M10P05,D01
61,2012-03-30,3060,3140,3050,3080,2603,P05,P00P05,S01P05,D01
62,2012-04-02,3110,3110,3020,3060,2042,M01,P00M01,P10M01,T01
63,2012-04-03,3020,3060,2980,3050,7428,P05,M00P05,S07P05,U01
64,2012-04-04,3060,3060,2960,2970,4110,M01,P00M01,S08M01,T01
65,2012-04-05,3020,3310,3020,3100,18634,P04,M00P04,S07P04,D02
66,2012-04-06,3030,3160,3010,3090,4281,P05,P00P05,S01P05,D02
67,2012-04-09,3050,3110,2950,2950,12291,M03,P00M03,P10M03,U01
68,2012-04-10,2910,3020,2900,2990,5318,P05,M00P05,S07P05,D02
69,2012-04-12,3010,3010,2940,2950,1803,M01,P00M01,S00M01,U01
70,2012-04-13,3020,3020,2950,3020,3076,K01,M00K01,S03K01,U02
71,2012-04-16,3020,3020,2920,3010,12793,M02,K00M02,M10M02,D02
72,2012-04-17,3020,3020,2950,2950,1663,M00,M00M00,S04M00,D01
73,2012-04-18,3010,3060,2960,3050,2379,P05,M00P05,M10P05,U03
74,2012-04-19,3050,3090,3050,3060,2198,K00,P00K00,S01K00,D01
75,2012-04-20,3090,3090,3030,3080,1663,M02,K00M02,P10M02,D01
76,2012-04-23,3100,3200,3030,3040,9432,M05,M00M05,S05M05,T01
77,2012-04-24,3110,3110,2920,2990,8119,M01,M00M01,M10M01,D02
78,2012-04-25,3020,3080,2950,2990,2874,M05,M00M05,M10M05,D01
79,2012-04-26,2980,3050,2860,2870,10025,M05,M00M05,M10M05,U03
80,2012-04-27,2930,2980,2850,2980,4781,P01,M00P01,M10P01,U01
81,2012-04-30,2970,3000,2830,2960,3077,M05,P00M05,S01M05,U01
82,2012-05-02,2960,3000,2890,2940,2482,M05,M00M05,S06M05,T01
83,2012-05-03,3000,3000,2880,2940,5902,M01,M00M01,M10M01,U01
84,2012-05-04,2960,2960,2890,2940,1830,M02,M00M02,M10M02,D02
85,2012-05-07,2940,2940,2840,2840,3993,M00,M00M00,M10M00,D03
86,2012-05-08,2860,2900,2850,2900,1191,P01,M00P01,M10P01,T01
87,2012-05-09,2890,2920,2850,2890,1379,K00,P00K00,S01K00,D01
88,2012-05-10,2890,2910,2820,2900,1456,K01,K00K01,P10K01,D01
89,2012-05-11,2850,2920,2850,2910,785,P03,K00P03,S04P03,T01
90,2012-05-14,2940,2960,2860,2910,2163,M05,P00M05,P10M05,T01
91,2012-05-15,2830,2900,2830,2890,3032,P03,M00P03,S03P03,D02
92,2012-05-16,2820,2850,2780,2810,2786,M05,P00M05,S08M05,D01
93,2012-05-17,2770,2880,2730,2870,4018,P05,M00P05,S07P05,D01
94,2012-05-18,2800,2830,2710,2730,2811,M05,P00M05,S02M05,D03
95,2012-05-21,2660,2800,2660,2720,3078,P03,M00P03,S07P03,D02
96,2012-05-22,2690,2750,2680,2750,1605,P01,P00P01,S08P01,U03
97,2012-05-23,2760,2790,2710,2760,171,K00,P00K00,P10K00,T01
98,2012-05-24,2830,2830,2700,2700,627,M00,K00M00,P10M00,U01
99,2012-05-25,2780,2980,2680,2780,4112,K00,M00K00,S07K00,D01
100,2012-05-29,2720,2930,2720,2920,3057,P03,K00P03,M10P03,T01
101,2012-05-30,2920,3000,2870,2930,961,K00,P00K00,P10K00,U02
102,2012-05-31,2860,2940,2820,2850,2404,M05,K00M05,P10M05,D02
103,2012-06-01,2920,2920,2800,2900,1970,M02,M00M02,S07M02,D01
104,2012-06-04,2900,2900,2690,2820,4318,M01,M00M01,M10M01,D04
105,2012-06-05,2890,2890,2760,2840,883,M01,M00M01,M10M01,U01
106,2012-06-07,2870,2900,2820,2900,668,P01,M00P01,M10P01,U03
107,2012-06-08,2910,2910,2830,2870,644,M01,P00M01,S01M01,D01
108,2012-06-11,2800,3140,2800,3100,15636,P13,M00P13,S07P13,U01
109,2012-06-12,3030,3060,2930,2980,9900,M05,P10M05,S02M05,D03
110,2012-06-13,3060,3090,2950,3020,10341,M05,M00M05,S06M05,U02
111,2012-06-14,3020,3090,2970,3020,2655,K00,M00K00,M10K00,D01
112,2012-06-15,2990,3060,2950,3010,4560,P05,K00P05,M10P05,U01
113,2012-06-18,3030,3060,2970,3060,4703,P01,P00P01,S04P01,U02
114,2012-06-19,3060,3080,3000,3020,1821,M05,P00M05,P10M05,U01
115,2012-06-20,3050,3060,3030,3030,1250,M03,M00M03,S07M03,U02
116,2012-06-21,2990,3080,2980,3030,1328,P05,M00P05,M10P05,T01
117,2012-06-22,2980,3050,2960,3030,4601,P05,P00P05,S08P05,D03
118,2012-06-25,3060,3090,3000,3030,2504,M05,P00M05,P10M05,U02
119,2012-06-26,3090,3190,3040,3090,17301,K00,M00K00,S03K00,D03
120,2012-06-27,3140,3140,3010,3100,3011,M02,K00M02,M10M02,U01
121,2012-06-28,3120,3120,3030,3050,3209,M01,M00M01,S05M01,U01
122,2012-06-29,3120,3140,3010,3100,4934,M05,M00M05,M10M05,D01
123,2012-07-02,3150,3380,3150,3190,38022,P04,M00P04,M10P04,U04
124,2012-07-03,3220,3330,3150,3300,15999,P05,P00P05,S01P05,U01
125,2012-07-04,3300,3320,3220,3240,8511,M05,P00M05,P10M05,U01
126,2012-07-05,3290,3290,3220,3240,4684,M01,M00M01,S03M01,U01
127,2012-07-06,3220,3300,3210,3290,8418,P05,M00P05,M10P05,T01
128,2012-07-09,3200,3320,3200,3290,3850,P03,P00P03,S02P03,D02
129,2012-07-10,3300,3300,3250,3270,2764,M01,P00M01,P10M01,T01
130,2012-07-11,3310,3310,3260,3280,921,M01,M00M01,S03M01,D02
131,2012-07-12,3230,3280,3210,3260,1873,P05,M00P05,M10P05,D01
132,2012-07-13,3200,3320,3090,3220,6017,P05,P00P05,S08P05,D01
133,2012-07-16,3240,3300,3230,3240,2187,K02,P00K02,P10K02,U02
134,2012-07-17,3210,3280,3180,3220,2744,K00,K00K00,P10K00,D01
135,2012-07-18,3220,3270,3140,3140,2844,M03,K00M03,S04M03,U01
136,2012-07-19,3220,3270,3140,3230,2080,K00,M00K00,S07K00,U02
137,2012-07-20,3270,3450,3250,3440,16872,P05,K00P05,S01P05,U01
138,2012-07-23,3300,3780,3300,3580,39366,P03,P00P03,P10P03,D02
139,2012-07-24,3610,3900,3600,3700,62503,P05,P00P05,P10P05,D02
140,2012-07-25,3720,3750,3540,3680,10775,M05,P00M05,P10M05,D01
141,2012-07-26,3720,3750,3500,3500,10504,M03,M00M03,S03M03,D01
142,2012-07-27,3550,3670,3500,3620,7313,P05,M00P05,M10P05,U02
143,2012-07-30,3590,3690,3560,3620,5376,P05,P00P05,S01P05,U03
144,2012-07-31,3560,3740,3560,3700,7524,P03,P00P03,P10P03,D01
145,2012-08-01,3680,3700,3600,3620,3785,M05,P00M05,P10M05,T01
146,2012-08-02,3700,3700,3500,3660,6657,M02,M00M02,S06M02,D01
147,2012-08-03,3660,3730,3570,3670,2703,K00,M00K00,M10K00,D01
148,2012-08-06,3620,3720,3600,3720,1061,P01,K00P01,S00P01,U03
149,2012-08-07,3720,3740,3620,3690,1655,M05,P00M05,P10M05,U01
150,2012-08-08,3669,3749,3600,3670,9458,K00,M00K00,S03K00,U01
151,2012-08-09,3670,3740,3650,3720,1298,P05,K00P05,S08P05,T01
152,2012-08-10,3670,3780,3670,3740,3209,P03,P00P03,P10P03,T01
153,2012-08-13,3720,3789,3720,3750,2601,P03,P00P03,P10P03,T01
154,2012-08-14,3789,3800,3690,3790,5047,K01,P00K01,P10K01,T01
155,2012-08-16,3800,3820,3740,3790,4404,M05,K00M05,P10M05,U01
156,2012-08-17,3860,3860,3720,3790,6888,M01,M00M01,S04M01,U02
157,2012-08-20,3840,3840,3749,3790,3987,M01,M00M01,M10M01,U01
158,2012-08-21,3790,3840,3760,3760,4265,M03,M00M03,M10M03,T01
159,2012-08-22,3740,3840,3540,3600,14548,M05,M00M05,M10M05,T01
160,2012-08-23,3600,3680,3430,3440,20041,M05,M00M05,M10M05,T01
161,2012-08-24,3490,3560,3380,3550,3628,P05,M00P05,M10P05,D01
162,2012-08-27,3470,3550,3440,3480,3851,K00,P00K00,S01K00,U01
163,2012-08-28,3480,3560,3480,3550,2284,P03,K00P03,P10P03,T01
164,2012-08-29,3550,3560,3500,3550,939,K01,P00K01,P10K01,T01
165,2012-08-30,3590,3590,3450,3550,2663,M02,K00M02,P10M02,T01
166,2012-08-31,3500,3590,3490,3530,1296,P05,M00P05,S07P05,D02
167,2012-09-03,3460,3550,3430,3480,2401,P05,P00P05,S08P05,D02
168,2012-09-04,3430,3520,3430,3490,1919,P03,P00P03,P10P03,U01
169,2012-09-05,3520,3560,3470,3480,1128,M05,P00M05,P10M05,T01
170,2012-09-06,3470,3580,3470,3470,1902,K02,M00K02,S03K02,T01
171,2012-09-07,3470,3600,3470,3580,3800,P03,K00P03,M10P03,U03
172,2012-09-10,3620,3620,3500,3540,2329,M01,P00M01,P10M01,T01
173,2012-09-11,3520,3570,3470,3530,1278,K00,M00K00,S03K00,D02
174,2012-09-12,3580,3580,3410,3440,6788,M01,K00M01,S08M01,T01
175,2012-09-13,3430,3490,3320,3400,6618,M05,M00M05,S07M05,U01
176,2012-09-14,3470,3490,3380,3450,3457,M05,M00M05,M10M05,U02
177,2012-09-17,3400,3450,3360,3400,3147,K00,M00K00,M10K00,U01
178,2012-09-18,3400,3430,3360,3430,1729,P01,K00P01,M10P01,T01
179,2012-09-19,3450,3500,3390,3490,2595,P05,P00P05,S04P05,T01
180,2012-09-20,3430,3460,3420,3430,1775,K00,P00K00,P10K00,T01
181,2012-09-21,3400,3450,3320,3420,5088,P05,K00P05,P10P05,T01
182,2012-09-24,3400,3490,3390,3430,6857,P05,P00P05,S04P05,T01
183,2012-09-25,3370,3440,3360,3430,3231,P05,P00P05,S04P05,D01
184,2012-09-26,3350,3550,3350,3360,14006,K02,P00K02,P10K02,D02
185,2012-09-27,3380,3410,3330,3330,5534,M03,K00M03,P10M03,D01
186,2012-09-28,3320,3370,3300,3350,3195,P05,M00P05,S07P05,U02
187,2012-10-02,3380,3390,3320,3370,611,M05,P00M05,S00M05,T01
188,2012-10-04,3370,3390,3350,3360,1240,M05,M00M05,S05M05,U01
189,2012-10-05,3360,3400,3330,3380,2806,P05,M00P05,S04P05,U01
190,2012-10-08,3380,3380,3280,3290,6268,M01,P00M01,S04M01,D01
191,2012-10-09,3310,3320,3270,3320,1316,K01,M00K01,S07K01,D01
192,2012-10-10,3340,3340,3240,3240,1189,M00,K00M00,S01M00,D02
193,2012-10-11,3240,3340,3130,3270,5330,P05,M00P05,S07P05,D01
194,2012-10-12,3270,3300,3210,3270,842,K00,P00K00,S00K00,T01
195,2012-10-15,3270,3270,3180,3180,1851,M00,K00M00,S04M00,T01
196,2012-10-16,3160,3220,3150,3190,725,P05,M00P05,S07P05,U01
197,2012-10-17,3190,3270,3160,3270,774,P01,P00P01,S00P01,U02
198,2012-10-18,3220,3280,3190,3240,2001,P05,P00P05,P10P05,T01
199,2012-10-19,3200,3260,3200,3250,93,P03,P00P03,P10P03,D02
200,2012-10-22,3250,3260,3140,3190,2412,M05,P00M05,P10M05,D03
201,2012-10-23,3160,3300,3160,3180,503,P04,M00P04,S07P04,U01
202,2012-10-24,3160,3220,3160,3180,209,P04,P00P04,S08P04,D01
203,2012-10-25,3210,3210,3080,3150,5052,M01,P00M01,S04M01,T01
204,2012-10-26,3240,3240,3030,3030,7338,M00,M00M00,S07M00,T01
205,2012-10-29,3050,3050,2860,2910,4642,M01,M00M01,M10M01,T01
206,2012-10-30,2910,2990,2880,2990,1454,P01,M00P01,M10P01,T01
207,2012-10-31,2920,3030,2920,3020,1617,P03,P00P03,S00P03,T01
208,2012-11-01,3020,3180,3000,3100,766,P05,P00P05,P10P05,D01
209,2012-11-02,3060,3120,3050,3100,2672,P05,P00P05,P10P05,U02
210,2012-11-05,3050,3150,3040,3130,1938,P05,P00P05,P10P05,D02
211,2012-11-06,3070,3160,3070,3160,179,P00,P00P00,P10P00,U01
212,2012-11-07,3190,3190,3060,3110,4799,M01,P00M01,P10M01,U01
213,2012-11-08,3080,3090,3040,3060,1896,M05,M00M05,S03M05,D03
214,2012-11-09,3120,3120,3030,3070,1258,M01,M00M01,M10M01,D02
215,2012-11-12,3060,3120,3050,3050,533,M04,M00M04,M10M04,U01
216,2012-11-13,3100,3100,2960,2960,3111,M00,M00M00,M10M00,T01
217,2012-11-14,2980,2980,2890,2900,1508,M01,M00M01,M10M01,D01
218,2012-11-15,2860,2920,2810,2820,2035,M05,M00M05,M10M05,D02
219,2012-11-16,2850,3000,2770,2840,1642,M05,M00M05,M10M05,D01
220,2012-11-19,2850,2960,2800,2860,816,K00,M00K00,M10K00,U01
221,2012-11-20,2870,2910,2810,2910,169,P01,K00P01,S04P01,U03
222,2012-11-21,2900,2900,2760,2770,3740,M01,P00M01,P10M01,T01
223,2012-11-22,2730,2790,2730,2750,1311,P04,M00P04,S07P04,T01
224,2012-11-23,2720,2780,2700,2700,1303,M04,P00M04,S08M04,U01
225,2012-11-26,2780,2810,2710,2710,476,M03,M00M03,S07M03,U02
226,2012-11-27,2710,2790,2710,2770,999,P03,M00P03,M10P03,U01
227,2012-11-28,2770,2780,2730,2780,173,K01,P00K01,S00K01,D01
228,2012-11-29,2720,2800,2720,2800,1073,P00,K00P00,P10P00,U01
229,2012-11-30,2800,2800,2710,2760,2023,M01,P00M01,P10M01,U01
230,2012-12-03,2780,2780,2710,2760,795,M02,M00M02,S03M02,T01
231,2012-12-04,2740,2800,2710,2790,2888,P05,M00P05,M10P05,T01
232,2012-12-05,2790,2810,2740,2790,1178,K00,P00K00,S02K00,T01
233,2012-12-06,2810,2810,2650,2720,2655,M01,K00M01,P10M01,D01
234,2012-12-07,2760,2760,2670,2670,2459,M00,M00M00,S07M00,U01
235,2012-12-10,2690,2720,2640,2650,4192,M05,M00M05,M10M05,D01
236,2012-12-11,2670,2670,2500,2510,12329,M01,M00M01,M10M01,T01
237,2012-12-12,2510,2620,2500,2530,5158,P05,M00P05,M10P05,U02
238,2012-12-13,2530,2580,2520,2540,4993,K00,P00K00,S00K00,T01
239,2012-12-14,2510,2580,2510,2550,2234,P03,K00P03,P10P03,D01
240,2012-12-17,2570,2580,2490,2520,6587,M05,P00M05,P10M05,D01
241,2012-12-18,2490,2530,2480,2510,4914,P05,M00P05,S03P05,U02
242,2012-12-20,2510,2540,2470,2520,4450,K00,P00K00,S08K00,D01
243,2012-12-21,2520,2640,2500,2540,5392,P05,K00P05,P10P05,T01
244,2012-12-24,2570,2690,2560,2630,7010,P05,P00P05,P10P05,D01
245,2012-12-26,2680,2680,2590,2590,18436,M00,P00M00,P10M00,T01
246,2012-12-27,2650,2650,2540,2580,2260,M01,M00M01,S03M01,D01
247,2012-12-28,2600,2660,2600,2640,2536,P03,M00P03,M10P03,T01
248,2013-01-02,2640,2680,2630,2680,156,P01,P00P01,S01P01,U03
249,2013-01-03,2680,2730,2650,2650,6961,M03,P00M03,P10M03,U04
250,2013-01-04,2700,2700,2640,2650,1403,M01,M00M01,S03M01,D01
251,2013-01-07,2690,2700,2650,2660,3544,M05,M00M05,M10M05,T01
252,2013-01-08,2680,2690,2640,2680,392,K01,M00K01,M10K01,T01
253,2013-01-09,2690,2700,2640,2680,1475,M05,K00M05,M10M05,T01
254,2013-01-10,2680,2690,2600,2640,3700,M05,M00M05,S04M05,U01
255,2013-01-11,2660,2660,2610,2650,1873,M02,M00M02,M10M02,U01
256,2013-01-14,2660,2660,2610,2650,815,M02,M00M02,M10M02,T01
257,2013-01-15,2640,2660,2620,2650,2111,K00,M00K00,S04K00,T01
258,2013-01-16,2610,2690,2610,2670,4600,P03,K00P03,S04P03,T01
259,2013-01-17,2660,2680,2650,2670,1149,K00,P00K00,P10K00,T01
260,2013-01-18,2700,2730,2650,2710,3113,K00,K00K00,P10K00,U01
261,2013-01-21,2720,2740,2710,2740,1476,P01,K00P01,P10P01,U01
262,2013-01-22,2740,2740,2700,2740,1291,K01,P00K01,P10K01,T01
263,2013-01-23,2740,2790,2700,2720,4109,M05,K00M05,S04M05,T01
264,2013-01-24,2760,2770,2700,2720,3526,M05,M00M05,S04M05,U01
265,2013-01-25,2710,2720,2670,2720,2926,K01,M00K01,M10K01,D01
266,2013-01-28,2750,2750,2650,2700,867,M01,K00M01,S08M01,U01
267,2013-01-29,2740,2740,2670,2700,1588,M01,M00M01,S07M01,T01
268,2013-01-30,2700,2700,2670,2670,1006,M00,M00M00,M10M00,T01
269,2013-01-31,2660,2690,2640,2650,1186,M05,M00M05,M10M05,D01
270,2013-02-01,2660,2660,2600,2630,2095,M01,M00M01,M10M01,T01
271,2013-02-04,2650,2650,2590,2610,1377,M01,M00M01,M10M01,U02
272,2013-02-05,2610,2620,2560,2620,3123,K01,M00K01,M10K01,D02
273,2013-02-06,2570,2760,2570,2730,3160,P03,K00P03,S00P03,U02
274,2013-02-07,2690,2720,2660,2660,3198,M03,P00M03,P10M03,T01
275,2013-02-08,2660,2710,2650,2710,760,P01,M00P01,S06P01,T01
276,2013-02-12,2710,2710,2660,2690,466,M01,P00M01,S02M01,T01
277,2013-02-13,2690,2750,2690,2740,1455,P03,M00P03,S03P03,T01
278,2013-02-14,2750,2750,2700,2730,696,M01,P00M01,S02M01,U01
279,2013-02-15,2770,2770,2680,2700,2727,M01,M00M01,S03M01,T01
280,2013-02-18,2750,2800,2700,2720,487,M05,M00M05,M10M05,T01
281,2013-02-19,2750,2750,2680,2730,873,M02,M00M02,M10M02,T01
282,2013-02-20,2700,2740,2700,2730,2063,P03,M00P03,M10P03,U01
283,2013-02-21,2700,2740,2700,2700,736,K02,P00K02,S08K02,D02
284,2013-02-22,2730,2750,2690,2730,2358,K00,K00K00,P10K00,D02
285,2013-02-25,2680,2740,2680,2740,5458,P00,K00P00,P10P00,U01
286,2013-02-26,2700,2740,2700,2740,775,P00,P00P00,P10P00,D02
287,2013-02-27,2670,2760,2640,2740,3116,P05,P00P05,P10P05,U01
288,2013-02-28,2700,2740,2700,2730,631,P03,P00P03,P10P03,U02
289,2013-03-04,2740,2740,2710,2730,944,M02,P00M02,P10M02,T01
290,2013-03-05,2740,2890,2720,2860,1136,P05,M00P05,S03P05,U01
291,2013-03-06,2800,2830,2760,2760,790,M03,P00M03,S01M03,U02
292,2013-03-07,2780,2780,2690,2740,1316,M01,M00M01,S06M01,T01
293,2013-03-08,2750,2760,2700,2750,935,K01,M00K01,M10K01,T01
294,2013-03-11,2750,2750,2690,2740,883,M02,K00M02,M10M02,U01
295,2013-03-12,2760,2940,2740,2840,2392,P05,M00P05,S04P05,T01
296,2013-03-13,2900,3250,2900,2990,18685,P04,P00P04,S01P04,D01
297,2013-03-14,3190,3430,3130,3430,81425,P01,P00P01,P10P01,T01
298,2013-03-15,3680,3730,3310,3310,103396,M13,P00M13,P10M13,U01
299,2013-03-18,3330,3330,3200,3310,27473,M02,M10M02,S03M02,D01
300,2013-03-19,3330,3340,3230,3290,14058,M05,M00M05,M10M05,D01
301,2013-03-20,3260,3310,3230,3290,3056,P05,M00P05,M10P05,T01
302,2013-03-21,3310,3310,3190,3200,8951,M01,P00M01,S08M01,U01
303,2013-03-22,3190,3260,3160,3250,4375,P05,M00P05,S07P05,D01
304,2013-03-25,3210,3400,3210,3310,4685,P03,P00P03,S00P03,U01
305,2013-03-26,3320,3400,3320,3320,4340,K02,P00K02,P10K02,D01
306,2013-03-27,3340,3420,3300,3410,5945,P05,K00P05,P10P05,U01
307,2013-03-28,3410,3440,3400,3410,3667,K00,P00K00,P10K00,T01
308,2013-03-29,3450,3450,3350,3400,3615,M01,K00M01,P10M01,T01
309,2013-04-01,3390,3450,3380,3400,3094,K00,M00K00,S07K00,U01
310,2013-04-02,3450,3450,3380,3440,6289,M02,K00M02,S08M02,D01
311,2013-04-03,3460,3460,3390,3400,4649,M01,M00M01,S05M01,U01
312,2013-04-04,3440,3460,3360,3410,5043,M05,M00M05,M10M05,D02
313,2013-04-05,3450,3450,3320,3380,2640,M01,M00M01,M10M01,T01
314,2013-04-08,3340,3380,3280,3380,3955,P01,M00P01,M10P01,D01
315,2013-04-09,3350,3370,3260,3340,3705,M05,P00M05,S08M05,U01
316,2013-04-10,3290,3350,3290,3300,1102,K02,M00K02,S07K02,U01
317,2013-04-11,3310,3380,3310,3340,2849,P03,K00P03,S08P03,U03
318,2013-04-12,3370,3380,3320,3380,973,K01,P00K01,P10K01,T01
319,2013-04-15,3400,3400,3330,3390,2879,M02,K00M02,P10M02,T01
320,2013-04-16,3400,3400,3330,3400,886,K01,M00K01,S04K01,D03
321,2013-04-17,3430,3440,3330,3410,1282,M05,K00M05,S04M05,U02
322,2013-04-18,3410,3430,3380,3420,701,K01,M00K01,S04K01,D03
323,2013-04-19,3420,3420,3350,3410,3645,M02,K00M02,S04M02,D02
324,2013-04-22,3700,3860,3420,3420,19353,M03,M00M03,S04M03,U02
325,2013-04-23,3390,3450,3340,3390,9000,K00,M00K00,M10K00,U01
326,2013-04-24,3380,3430,3380,3380,4289,K02,K00K02,M10K02,U02
327,2013-04-25,3380,3520,3380,3440,10347,P03,K00P03,S04P03,T01
328,2013-04-26,3530,3530,3380,3440,19413,M01,P00M01,P10M01,U01
329,2013-04-29,0,0,0,3440,0,P10,M00P10,S03P10,D01
330,2013-04-30,0,0,0,3440,0,P10,P10P10,S08P10,U01
331,2013-05-02,0,0,0,3440,0,P10,P10P10,P10P10,D01
332,2013-05-03,0,0,0,3440,0,P10,P10P10,P10P10,U02
333,2013-05-06,0,0,0,3440,0,P10,P10P10,P10P10,U02
334,2013-05-07,0,0,0,3440,0,P10,P10P10,P10P10,U01
335,2013-05-08,0,0,0,3440,0,P10,P10P10,P10P10,T01
336,2013-05-09,0,0,0,3440,0,P10,P10P10,P10P10,U01
337,2013-05-10,0,0,0,3440,0,P10,P10P10,P10P10,T01
338,2013-05-13,0,0,0,3440,0,P10,P10P10,P10P10,U01
339,2013-05-14,0,0,0,3440,0,P10,P10P10,P10P10,T01
340,2013-05-15,0,0,0,3440,0,P10,P10P10,P10P10,U01
341,2013-05-16,0,0,0,3440,0,P10,P10P10,P10P10,T01
342,2013-05-20,0,0,0,3440,0,P10,P10P10,P10P10,U01
343,2013-05-21,0,0,0,3440,0,P10,P10P10,P10P10,T01
344,2013-05-22,3915,3955,3825,3955,724098,P02,P10P02,P10P02,T01
345,2013-05-23,3850,4360,3800,3845,1989268,M05,P00M05,P10M05,D02
346,2013-05-24,3900,3965,3675,3690,361779,M05,M00M05,S07M05,T01
347,2013-05-27,3715,3750,3580,3610,189998,M05,M00M05,M10M05,T01
348,2013-05-28,3635,3670,3550,3620,122979,M05,M00M05,M10M05,T01
349,2013-05-29,3600,3670,3575,3585,74057,M05,M00M05,M10M05,U01
350,2013-05-30,3560,3705,3550,3615,171371,P05,M00P05,M10P05,D01
351,2013-05-31,3630,3645,3405,3525,121008,M05,P00M05,S02M05,U01
352,2013-06-03,3460,3800,3425,3650,246181,P05,M00P05,S07P05,D02
353,2013-06-04,3600,3680,3120,3505,55072,M05,P00M05,S02M05,T01
354,2013-06-05,3475,3560,3320,3320,58298,M03,M00M03,S06M03,D01
355,2013-06-07,3245,3300,3125,3230,64000,M05,M00M05,M10M05,U01
356,2013-06-10,3445,3445,3200,3315,13554,M01,M00M01,M10M01,U02
357,2013-06-11,3350,3375,3260,3375,9981,P02,M00P02,M10P02,T01
358,2013-06-12,3340,3425,3300,3355,11762,K00,P00K00,S01K00,D02
359,2013-06-13,3305,3395,3255,3340,17009,P05,K00P05,P10P05,D02
360,2013-06-14,3390,3410,3320,3335,13014,M05,P00M05,P10M05,U02
361,2013-06-17,3340,3375,3270,3325,13889,M05,M00M05,S03M05,D01
362,2013-06-18,3270,3380,3270,3335,12391,P03,M00P03,M10P03,U01
363,2013-06-19,3295,3385,3260,3300,15851,K00,P00K00,S00K00,U01
364,2013-06-20,3380,3380,3165,3300,37318,M01,K00M01,P10M01,D02
365,2013-06-21,3250,3290,3175,3285,10459,P05,M00P05,S03P05,D03
366,2013-06-24,3280,3280,3100,3100,23573,M00,P00M00,S08M00,T01
367,2013-06-25,3015,3065,2900,2905,120136,M05,M00M05,S07M05,D02
368,2013-06-26,2905,3025,2885,2900,19904,M05,M00M05,M10M05,U01
369,2013-06-27,2815,3020,2815,2955,18142,P03,M00P03,M10P03,U01
370,2013-06-28,2920,3050,2920,3050,9559,P00,P00P00,S02P00,U01
371,2013-07-01,3055,3145,2980,3120,14667,P05,P00P05,P10P05,T01
372,2013-07-02,3585,3585,3470,3500,550784,M01,P00M01,P10M01,U01
373,2013-07-03,3390,3525,3320,3390,254754,K00,M00K00,S05K00,T01
374,2013-07-04,3350,3895,3335,3895,795339,P11,K00P11,M10P11,T01
375,2013-07-05,3890,4030,3690,3850,726697,M05,P10M05,P10M05,T01
376,2013-07-08,3855,3895,3680,3755,155969,M05,M00M05,S06M05,U02
377,2013-07-09,3700,3755,3525,3560,144618,M05,M00M05,M10M05,T01
378,2013-07-10,3560,3650,3470,3595,105093,P05,M00P05,M10P05,U01
379,2013-07-11,3610,3670,3580,3630,90031,P05,P00P05,S00P05,U01
380,2013-07-12,3650,3650,3550,3645,37945,M02,P00M02,P10M02,U02
381,2013-07-15,3690,3690,3590,3655,30432,M01,M00M01,S05M01,U01
382,2013-07-16,3620,3720,3620,3670,47465,P03,M00P03,M10P03,T01
383,2013-07-17,3720,3720,3600,3675,28373,M01,P00M01,S00M01,T01
384,2013-07-18,3645,3695,3610,3655,33010,K00,M00K00,S05K00,U01
385,2013-07-19,3655,3675,3515,3515,45593,M03,K00M03,S08M03,T01
386,2013-07-22,3560,3630,3520,3600,32831,P05,M00P05,S07P05,D01
387,2013-07-23,3600,3615,3540,3590,23788,M05,P00M05,S01M05,U01
388,2013-07-24,3620,3640,3575,3620,23778,K00,M00K00,S03K00,D01
389,2013-07-25,3620,3650,3550,3635,26437,K01,K00K01,S04K01,T01
390,2013-07-26,3670,3670,3550,3585,21431,M01,K00M01,S04M01,U01
391,2013-07-29,3550,3585,3420,3450,43043,M05,M00M05,S07M05,T01
392,2013-07-30,3450,3525,3430,3475,13463,P05,M00P05,M10P05,D01
393,2013-07-31,3470,3580,3455,3540,16037,P05,P00P05,S00P05,U01
394,2013-08-01,3500,3580,3495,3555,10623,P05,P00P05,P10P05,T01
395,2013-08-02,3555,3600,3530,3575,26383,P05,P00P05,P10P05,U02
396,2013-08-05,3575,3575,3500,3520,18844,M01,P00M01,P10M01,U01
397,2013-08-06,3550,3820,3470,3625,104430,P05,M00P05,S07P05,T01
398,2013-08-07,3640,3665,3550,3550,48290,M03,P00M03,S01M03,D01
399,2013-08-08,3550,3550,3465,3515,25133,M01,M00M01,S07M01,D01
400,2013-08-09,3495,3570,3495,3500,9893,K02,M00K02,M10K02,U01
401,2013-08-12,3545,3545,3455,3525,4935,M02,K00M02,S08M02,T01
402,2013-08-13,3500,3555,3475,3550,26565,P05,M00P05,S05P05,T01
403,2013-08-14,3575,3580,3500,3510,16985,M05,P00M05,S02M05,U01
404,2013-08-16,3535,3535,3480,3510,4500,M01,M00M01,S03M01,D03
405,2013-08-19,3595,3595,3480,3515,5774,M01,M00M01,M10M01,T01
406,2013-08-20,3535,3535,3470,3475,36398,M01,M00M01,M10M01,D01
407,2013-08-21,3470,3535,3380,3410,19022,M05,M00M05,M10M05,U01
408,2013-08-22,3380,3430,3235,3355,16957,M05,M00M05,M10M05,D01
409,2013-08-23,3335,3390,3300,3335,9325,K00,M00K00,M10K00,U02
410,2013-08-26,3335,3435,3335,3435,16321,P00,K00P00,M10P00,U01
411,2013-08-27,3485,3485,3335,3375,11453,M01,P00M01,P10M01,T01
412,2013-08-28,3300,3400,3175,3255,25720,M05,M00M05,S03M05,D03
413,2013-08-29,3200,3315,3200,3295,9113,P03,M00P03,M10P03,U01
414,2013-08-30,3320,3350,3260,3320,650,K00,P00K00,S00K00,U01
415,2013-09-02,3275,3390,3275,3350,3343,P03,K00P03,P10P03,U01
416,2013-09-03,3390,3390,3325,3340,12721,M01,P00M01,P10M01,D01
417,2013-09-04,3380,3425,3305,3345,6865,M05,M00M05,S03M05,U01
418,2013-09-05,3390,3395,3260,3330,10552,M05,M00M05,M10M05,U02
419,2013-09-06,3380,3380,3285,3330,2614,M01,M00M01,M10M01,T01
420,2013-09-09,3385,3385,3245,3270,10621,M01,M00M01,M10M01,T01
421,2013-09-10,3320,3320,3185,3275,13511,M02,M00M02,M10M02,U02
422,2013-09-11,3285,3285,3230,3275,6820,M02,M00M02,M10M02,U01
423,2013-09-12,3295,3305,3220,3265,6901,M05,M00M05,M10M05,T01
424,2013-09-13,3200,3310,3185,3195,17776,M05,M00M05,S04M05,T01
425,2013-09-16,3230,3230,3180,3185,5374,M01,M00M01,M10M01,T01
426,2013-09-17,3205,3215,3170,3180,5600,M05,M00M05,M10M05,T01
427,2013-09-23,3220,3225,3135,3190,10086,M05,M00M05,M10M05,D01
428,2013-09-24,3215,3575,3190,3480,117576,P05,M00P05,M10P05,T01
429,2013-09-25,3460,3460,3300,3350,34460,M01,P00M01,S01M01,T01
430,2013-09-26,3330,3460,3330,3350,17319,P04,M00P04,S06P04,T01
431,2013-09-27,3425,3425,3255,3335,9994,M01,P00M01,S08M01,U01
432,2013-09-30,3350,3350,3250,3320,5906,M02,M00M02,S03M02,T01
433,2013-10-01,3300,3340,3260,3320,30686,P05,M00P05,M10P05,T01
434,2013-10-02,3350,3355,3310,3350,4402,K01,P00K01,S08K01,U02
435,2013-10-04,3385,3385,3220,3300,7126,M01,K00M01,P10M01,D02
436,2013-10-07,3305,3345,3220,3260,6276,M05,M00M05,S07M05,U01
437,2013-10-08,3510,3745,3510,3745,261575,P00,M00P00,M10P00,D01
438,2013-10-10,4080,4305,3910,3970,2544365,M05,P00M05,S01M05,D01
439,2013-10-11,4050,4565,3920,4565,4553265,P11,M00P11,S05P11,U03
440,2013-10-14,4935,5200,4715,4855,3716307,M05,P10M05,S01M05,U01
441,2013-10-15,4780,4995,4720,4915,2341790,P05,M00P05,S05P05,U01
442,2013-10-16,0,0,0,4915,0,P10,P00P10,S00P10,D01
443,2013-10-17,4820,5110,4820,4905,511427,P04,P10P04,P10P04,U02
444,2013-10-18,4920,5000,4790,4865,320595,M05,P00M05,P10M05,U01
445,2013-10-21,4915,5030,4890,5030,306053,P01,M00P01,S03P01,U02
446,2013-10-22,5070,5080,4765,4810,814098,M05,P00M05,S01M05,T01
447,2013-10-23,4815,4920,4500,4575,977304,M05,M00M05,S07M05,T01
448,2013-10-24,4525,4640,4435,4595,748626,P05,M00P05,M10P05,D01
449,2013-10-25,4565,4655,4495,4565,562348,K00,P00K00,S00K00,U01
450,2013-10-28,4510,5130,4435,4900,2082800,P05,K00P05,P10P05,U01
451,2013-10-29,4925,4975,4765,4875,571154,M05,P00M05,P10M05,T01
452,2013-10-30,4865,5600,4795,5300,3781433,P05,M00P05,S03P05,U01
453,2013-10-31,5230,5890,5190,5510,3015565,P05,P00P05,S02P05,D01
454,2013-11-01,5550,5690,5100,5290,1655454,M05,P00M05,P10M05,T01
455,2013-11-04,5270,5690,5190,5480,1556022,P05,M00P05,S03P05,T01
456,2013-11-05,5430,5480,5180,5300,568170,M05,P00M05,S00M05,U01
457,2013-11-06,5330,5660,5160,5350,1493518,K00,M00K00,S06K00,T01
458,2013-11-07,5390,5720,5280,5610,1411462,P05,K00P05,S01P05,T01
459,2013-11-08,5520,5860,5350,5400,1418706,M05,P00M05,P10M05,D03
460,2013-11-11,5500,6120,4615,5060,3101387,M05,M00M05,S06M05,U02
461,2013-11-12,5270,5490,5000,5300,1464545,P05,M00P05,M10P05,T01
462,2013-11-13,5170,5250,4510,4510,1575280,M13,P00M13,S01M13,T01
463,2013-11-14,4380,4770,4230,4600,2348596,P05,M10P05,S07P05,U02
464,2013-11-15,4480,4670,4470,4575,608748,P05,P00P05,S00P05,T01
465,2013-11-18,4525,4605,4340,4340,559601,M03,P00M03,P10M03,U01
466,2013-11-19,4340,4455,4295,4310,277747,M05,M00M05,S07M05,D01
467,2013-11-20,4360,4785,4320,4570,1352979,P05,M00P05,M10P05,D01
468,2013-11-21,4580,4580,4315,4335,398553,M01,P00M01,S01M01,T01
469,2013-11-22,4390,4565,4330,4465,467836,P05,M00P05,S07P05,U02
470,2013-11-25,4475,4615,4465,4550,431838,P05,P00P05,S01P05,U01
471,2013-11-26,4580,4650,4530,4625,314126,P05,P00P05,P10P05,T01
472,2013-11-27,4665,4665,4420,4460,329460,M01,P00M01,P10M01,U01
473,2013-11-28,4500,4545,4320,4540,226855,P05,M00P05,S07P05,U01
474,2013-11-29,4500,4545,4315,4360,266787,M05,P00M05,S01M05,U01
475,2013-12-02,4415,4480,4270,4270,192277,M03,M00M03,S07M03,U01
476,2013-12-03,4210,4240,3950,4140,257078,M05,M00M05,M10M05,D01
477,2013-12-04,4105,4170,4025,4045,84680,M05,M00M05,M10M05,T01
478,2013-12-05,4000,4270,4000,4150,209941,P03,M00P03,M10P03,T01
479,2013-12-06,4115,4205,4065,4150,72373,P05,P00P05,S02P05,T01
480,2013-12-09,4160,4235,3980,3990,141469,M05,P00M05,P10M05,U01
481,2013-12-10,3925,3990,3770,3780,266301,M05,M00M05,S07M05,T01
482,2013-12-11,3800,3850,3735,3760,74426,M05,M00M05,M10M05,T01
483,2013-12-12,3725,3870,3725,3845,77657,P03,M00P03,M10P03,D02
484,2013-12-13,3810,3895,3745,3800,40881,M05,P00M05,S02M05,T01
485,2013-12-16,3800,4330,3750,4120,765736,P05,M00P05,S06P05,T01
486,2013-12-17,4275,4300,4055,4055,250850,M03,P00M03,S02M03,U01
487,2013-12-18,4080,4385,4080,4285,502706,P03,M00P03,S03P03,T01
488,2013-12-19,4250,4325,4185,4230,216764,M05,P00M05,S01M05,U02
489,2013-12-20,4315,4380,4230,4250,247274,M05,M00M05,S06M05,T01
490,2013-12-23,4320,4320,4120,4140,121431,M01,M00M01,M10M01,U02
491,2013-12-24,4195,4290,4060,4200,133470,K00,M00K00,M10K00,U02
492,2013-12-26,4130,4285,4125,4205,142121,P05,K00P05,S01P05,T01
493,2013-12-27,4205,4280,4150,4150,85811,M03,P00M03,P10M03,T01
494,2013-12-30,4150,4190,4105,4165,81534,K00,M00K00,S03K00,T01
495,2014-01-02,4200,4215,3980,3980,82874,M03,K00M03,S00M03,U01
496,2014-01-03,3930,4025,3850,4025,98559,P01,M00P01,S07P01,D01
497,2014-01-06,4025,4075,3935,3935,78672,M03,P00M03,S00M03,T01
498,2014-01-07,3950,4050,3920,3930,81565,M05,M00M05,S03M05,D01
499,2014-01-08,3895,4020,3850,4010,101130,P05,M00P05,M10P05,U01
500,2014-01-09,4045,4175,4030,4100,97506,P05,P00P05,S02P05,T01
501,2014-01-10,4065,4180,4060,4160,48457,P05,P00P05,P10P05,T01
502,2014-01-13,4185,4220,4130,4220,77619,P01,P00P01,P10P01,U01
503,2014-01-14,4215,4220,4160,4175,61912,M05,P00M05,P10M05,D02
504,2014-01-15,4150,4170,4090,4150,66084,K00,M00K00,S07K00,U02
505,2014-01-16,4140,4150,4045,4145,66928,K01,K00K01,M10K01,U01
506,2014-01-17,4145,4200,4020,4045,75967,M05,K00M05,S04M05,T01
507,2014-01-20,4030,4115,4030,4045,47480,K02,M00K02,S07K02,T01
508,2014-01-21,4030,4150,4030,4145,54840,P03,K00P03,S08P03,D01
509,2014-01-22,4165,4755,4160,4530,1135270,P05,P00P05,P10P05,U01
510,2014-01-23,4505,4635,4430,4585,325603,P05,P00P05,P10P05,U01
511,2014-01-24,4625,4670,4435,4510,272772,M05,P00M05,P10M05,D01
512,2014-01-27,4400,4485,4280,4365,146604,M05,M00M05,S03M05,D03
513,2014-01-28,4610,5010,4455,5010,1022740,P01,M00P01,M10P01,D02
514,2014-01-29,5760,5760,5350,5480,3993979,M01,P00M01,S01M01,U01
515,2014-02-03,5430,6300,5270,6010,4217260,P15,M00P15,S05P15,D01
516,2014-02-04,5610,5960,5580,5710,1673146,P05,P10P05,S02P05,D03
517,2014-02-05,5820,6350,5100,5350,3793132,M05,P00M05,P10M05,U01
518,2014-02-06,5510,5680,5220,5680,2027643,P01,M00P01,S07P01,D01
519,2014-02-07,5650,5940,5460,5660,1179278,K00,P00K00,S01K00,U02
520,2014-02-10,5710,6260,5680,5900,3070630,P05,K00P05,P10P05,U02
521,2014-02-11,5930,6230,5810,6110,1646531,P05,P00P05,P10P05,U01
522,2014-02-12,6020,6280,5930,6160,1232136,P05,P00P05,P10P05,U02
523,2014-02-13,6160,6250,6050,6100,493334,M05,P00M05,P10M05,T01
524,2014-02-14,6170,6170,5890,5960,526784,M01,M00M01,S03M01,U01
525,2014-02-17,6020,6850,5940,6850,2509757,P11,M00P11,M10P11,U01
526,2014-02-18,7070,7640,6720,6960,3986549,M05,P10M05,S01M05,T01
527,2014-02-19,7100,7530,7020,7280,2638425,P05,M00P05,S05P05,U01
528,2014-02-20,7390,7870,7220,7540,2069019,P05,P00P05,S01P05,D01
529,2014-02-21,7490,7630,7330,7400,661016,M05,P00M05,P10M05,U01
530,2014-02-24,7300,7400,6960,7060,620059,M05,M00M05,S06M05,T01
531,2014-02-25,7140,7700,7120,7200,1708493,P05,M00P05,M10P05,U01
532,2014-02-26,7170,7420,7090,7220,663751,P05,P00P05,S01P05,T01
533,2014-02-27,7430,7680,6580,6760,2085847,M05,P00M05,P10M05,T01
534,2014-02-28,6780,6880,6670,6860,583705,P05,M00P05,S07P05,U01
535,2014-03-03,6850,6910,6440,6590,657780,M05,P00M05,S01M05,T01
536,2014-03-04,6550,6720,6500,6680,382856,P05,M00P05,S07P05,D01
537,2014-03-05,6710,6760,6280,6350,825277,M05,P00M05,S00M05,U03
538,2014-03-06,6400,6530,6290,6350,523162,M05,M00M05,S07M05,T01
539,2014-03-07,6320,6400,6250,6310,367222,M05,M00M05,M10M05,T01
540,2014-03-10,6320,6400,6220,6240,317387,M05,M00M05,M10M05,D01
541,2014-03-11,6250,6290,6060,6140,356546,M05,M00M05,M10M05,T01
542,2014-03-12,6210,6510,5980,6000,979947,M05,M00M05,M10M05,D01
543,2014-03-13,6060,6140,5810,5940,438686,M05,M00M05,M10M05,U01
544,2014-03-14,5860,6110,5830,5890,426306,P05,M00P05,M10P05,D02
545,2014-03-17,5860,6390,5860,6120,807983,P03,P00P03,S08P03,D01
546,2014-03-18,6170,6350,6000,6060,549709,M05,P00M05,P10M05,U01
547,2014-03-19,6130,6190,5850,5950,449184,M05,M00M05,S03M05,U02
548,2014-03-20,6010,6190,5900,5910,426420,M05,M00M05,M10M05,D01
549,2014-03-21,5260,5280,5040,5090,11242848,M05,M00M05,M10M05,T01
550,2014-03-24,5130,5230,5070,5200,2828623,P05,M00P05,M10P05,D01
551,2014-03-25,5170,5200,5020,5030,1293840,M05,P00M05,S01M05,D02
552,2014-03-26,5070,5140,5030,5110,1028755,P05,M00P05,S07P05,T01
553,2014-03-27,5120,5170,5060,5140,733477,K00,P00K00,S01K00,D02
554,2014-03-28,5170,5180,5100,5140,582800,M05,K00M05,P10M05,D01
555,2014-03-31,5190,5210,5050,5080,753612,M05,M00M05,S04M05,T01
556,2014-04-01,5160,5180,5080,5110,567990,M05,M00M05,M10M05,U02
557,2014-04-02,5140,5170,5100,5140,490881,K00,M00K00,M10K00,U02
558,2014-04-03,5160,5440,5160,5250,3210154,P04,K00P04,S04P04,T01
559,2014-04-04,5230,5280,5170,5230,648292,K00,P00K00,P10K00,D01
560,2014-04-07,5180,5220,4995,5080,759866,M05,K00M05,P10M05,D03
561,2014-04-08,5040,5090,4895,4895,981622,M03,M00M03,S07M03,D02
562,2014-04-09,4890,4965,4860,4930,477125,P05,M00P05,M10P05,U01
563,2014-04-10,4940,5150,4910,5120,677606,P05,P00P05,S00P05,U03
564,2014-04-11,5020,5130,4990,5090,419805,P05,P00P05,P10P05,D04
565,2014-04-14,5090,5110,5000,5050,369870,M05,P00M05,P10M05,D02
566,2014-04-15,5050,5320,5030,5200,1337943,P05,M00P05,S03P05,U01
567,2014-04-16,5170,5260,5120,5190,1083047,K00,P00K00,S02K00,T01
568,2014-04-17,5260,5270,5030,5030,732339,M03,K00M03,P10M03,U02
569,2014-04-18,5050,5160,5000,5140,599476,P05,M00P05,S07P05,U02
570,2014-04-21,5240,5240,5060,5060,624644,M00,P00M00,S01M00,T01
571,2014-04-22,5100,5350,5090,5350,2761435,P01,M00P01,S03P01,U01
572,2014-04-23,5350,5400,5200,5200,1765728,M03,P00M03,S01M03,U01
573,2014-04-24,5250,5330,4850,5330,1865324,P02,M00P02,S03P02,D01
574,2014-04-25,5200,5270,5090,5230,1190109,P05,P00P05,S01P05,U01
575,2014-04-28,5400,5530,5070,5070,2927102,M03,P00M03,P10M03,D03
576,2014-04-29,5090,5120,5010,5040,713244,M05,M00M05,S07M05,T01
577,2014-04-30,5070,5130,4945,4945,648700,M03,M00M03,M10M03,U01
578,2014-05-02,4990,5110,4985,4995,584140,K02,M00K02,M10K02,U01
579,2014-05-07,4975,5010,4795,4795,668016,M03,K00M03,S01M03,D02
580,2014-05-08,4795,4835,4490,4555,1037738,M05,M00M05,S07M05,D01
581,2014-05-09,4565,4615,4510,4555,533159,M05,M00M05,M10M05,D01
582,2014-05-12,4555,4690,4555,4605,400320,P03,M00P03,M10P03,U01
583,2014-05-13,4650,4700,4610,4640,364504,M05,P00M05,S02M05,U03
584,2014-05-14,4625,4765,4625,4710,356020,P03,M00P03,S05P03,D01
585,2014-05-15,4745,4935,4685,4795,769415,P05,P00P05,S02P05,D01
586,2014-05-16,4915,5390,4890,5300,5380209,P05,P00P05,P10P05,D01
587,2014-05-19,5200,5450,5190,5420,2615763,P05,P00P05,P10P05,U01
588,2014-05-20,5420,5490,5230,5480,2016860,P05,P00P05,P10P05,U01
589,2014-05-21,5600,5750,5390,5510,2603755,M05,P00M05,P10M05,D01
590,2014-05-22,5480,5630,5370,5390,1686996,M05,M00M05,S05M05,U01
591,2014-05-23,5380,5500,5240,5500,1298452,P01,M00P01,M10P01,U01
592,2014-05-26,5550,5600,5360,5380,1017115,M05,P00M05,S02M05,U01
593,2014-05-27,5360,5400,5200,5370,1143698,K01,M00K01,S07K01,U01
594,2014-05-28,5320,5340,5130,5200,888272,M05,K00M05,S08M05,U02
595,2014-05-29,5270,5420,5080,5110,1575826,M05,M00M05,S07M05,T01
596,2014-05-30,5130,5180,5010,5010,695007,M03,M00M03,M10M03,U01
597,2014-06-02,5090,5170,4775,4810,1055271,M05,M00M05,M10M05,T01
598,2014-06-03,4790,4990,4725,4970,507809,P05,M00P05,M10P05,T01
599,2014-06-05,4950,5030,4835,4930,354290,M05,P00M05,S00M05,U01
600,2014-06-09,4875,4985,4815,4840,324680,M05,M00M05,S06M05,U01
601,2014-06-10,4885,5050,4840,5050,313763,P01,M00P01,M10P01,U01
602,2014-06-11,5020,5050,4915,4925,392021,M05,P00M05,S01M05,T01
603,2014-06-12,4930,5020,4915,5000,276641,P05,M00P05,S06P05,T01
604,2014-06-13,4990,5020,4910,4920,323677,M05,P00M05,S01M05,D01
605,2014-06-16,4935,5190,4935,5190,726974,P00,M00P00,S07P00,T01
606,2014-06-17,5180,5280,5130,5270,617207,P05,P00P05,S01P05,T01
607,2014-06-18,5300,5370,5170,5210,725635,M05,P00M05,P10M05,U01
608,2014-06-19,5220,5460,5170,5430,1260926,P05,M00P05,S03P05,U01
609,2014-06-20,5400,5500,5280,5350,1008882,M05,P00M05,S01M05,T01
610,2014-06-23,5400,5420,5160,5190,697142,M05,M00M05,S06M05,T01
611,2014-06-24,5210,5470,5190,5330,1486424,P05,M00P05,M10P05,T01
612,2014-06-25,5350,5430,5250,5390,772284,P05,P00P05,S01P05,D01
613,2014-06-26,5450,5500,5350,5400,675447,M05,P00M05,P10M05,U01
614,2014-06-27,5380,5420,5200,5290,676216,M05,M00M05,S05M05,T01
615,2014-06-30,5400,5470,5270,5350,881867,M05,M00M05,M10M05,U01
616,2014-07-01,5400,5850,5320,5800,4844431,P05,M00P05,M10P05,T01
617,2014-07-02,6000,6060,5630,5700,3990688,M05,P00M05,S01M05,U02
618,2014-07-03,5650,5700,5500,5620,2043885,M05,M00M05,S03M05,T01
619,2014-07-04,5530,5610,5360,5400,2373313,M05,M00M05,M10M05,T01
620,2014-07-07,5430,5470,5270,5330,1519314,M05,M00M05,M10M05,U01
621,2014-07-08,5310,5350,5160,5180,1207531,M05,M00M05,M10M05,D01
622,2014-07-09,5180,5200,4990,5020,1206281,M05,M00M05,M10M05,D02
623,2014-07-10,5060,5130,4950,5000,1108662,M05,M00M05,M10M05,U01
624,2014-07-11,4990,5060,4955,4955,683750,M04,M00M04,M10M04,D01
625,2014-07-14,4995,5030,4910,4910,696860,M03,M00M03,M10M03,U01
626,2014-07-15,4915,4975,4915,4940,396508,P03,M00P03,M10P03,U01
627,2014-07-16,4970,5040,4920,4925,565223,M05,P00M05,S01M05,D01
628,2014-07-17,4945,5050,4925,4955,361609,K02,M00K02,S03K02,T01
629,2014-07-18,4950,5000,4950,4960,287151,K02,K00K02,S04K02,D02
630,2014-07-21,4990,5080,4975,5070,491873,P05,K00P05,S04P05,U02
631,2014-07-22,5110,5120,4995,5010,353137,M05,P00M05,P10M05,T01
632,2014-07-23,5030,5090,4930,4935,549017,M05,M00M05,S03M05,U01
633,2014-07-24,4945,4990,4925,4935,312987,M05,M00M05,M10M05,U01
634,2014-07-25,4935,4985,4920,4940,232680,K00,M00K00,M10K00,T01
635,2014-07-28,4940,4970,4755,4770,538484,M05,K00M05,S04M05,D01
636,2014-07-29,4775,4795,4560,4560,712873,M03,M00M03,S07M03,T01
637,2014-07-30,4540,4680,4540,4655,330030,P03,M00P03,M10P03,T01
638,2014-07-31,4770,4880,4650,4695,678994,M05,P00M05,S00M05,U01
639,2014-08-01,4600,4755,4600,4695,207956,P03,M00P03,S05P03,D03
640,2014-08-04,4680,4730,4660,4705,201761,P05,P00P05,S08P05,D01
641,2014-08-05,4730,4825,4655,4665,318241,M05,P00M05,P10M05,U01
642,2014-08-06,4660,4695,4570,4585,336405,M05,M00M05,S07M05,D01
643,2014-08-07,4600,4665,4580,4610,179324,K00,M00K00,M10K00,T01
644,2014-08-08,4590,4640,4520,4530,204665,M05,K00M05,S01M05,D01
645,2014-08-11,4555,4570,4445,4445,319791,M03,M00M03,S07M03,U01
646,2014-08-12,4680,4995,4600,4740,2869492,P05,M00P05,M10P05,U01
647,2014-08-13,4700,4805,4670,4795,449331,P05,P00P05,S01P05,T01
648,2014-08-14,4845,4845,4685,4695,545811,M01,P00M01,P10M01,U02
649,2014-08-18,4655,4745,4585,4595,388836,M05,M00M05,S07M05,T01
650,2014-08-19,4605,4750,4555,4725,428666,P05,M00P05,M10P05,U01
651,2014-08-20,5130,5190,4805,4805,1851995,M03,P00M03,S01M03,U01
652,2014-08-21,4880,5160,4845,4940,2963588,P05,M00P05,S05P05,T01
653,2014-08-22,5110,5180,4970,5010,1295092,M05,P00M05,S01M05,T01
654,2014-08-25,5050,5170,4940,5170,878349,P01,M00P01,S05P01,T01
655,2014-08-26,5200,5300,5080,5290,1033671,P05,P00P05,S01P05,U01
656,2014-08-27,5340,5380,5150,5180,842377,M05,P00M05,P10M05,T01
657,2014-08-28,5250,5260,5060,5140,547378,M05,M00M05,S07M05,T01
658,2014-08-29,5110,5440,5090,5390,1198387,P05,M00P05,M10P05,T01
659,2014-09-01,5410,5730,5390,5530,2590355,P05,P00P05,S02P05,T01
660,2014-09-02,5650,5680,5380,5530,1027467,M05,P00M05,P10M05,U01
661,2014-09-03,5580,5720,5480,5700,1209936,P05,M00P05,S03P05,U01
662,2014-09-04,5650,5730,5450,5700,1111506,P05,P00P05,S01P05,D01
663,2014-09-05,5790,5890,5700,5730,1278568,M05,P00M05,P10M05,T01
664,2014-09-11,5650,5940,5650,5920,1266478,P03,M00P03,S05P03,U01
665,2014-09-12,5900,5970,5670,5770,799600,M05,P00M05,S02M05,T01
666,2014-09-15,5810,5930,5670,5700,520750,M05,M00M05,S06M05,D01
667,2014-09-16,5670,5960,5550,5950,1181827,P05,M00P05,M10P05,D02
668,2014-09-17,5920,6290,5880,6230,1680282,P05,P00P05,S02P05,U01
669,2014-09-18,6210,6230,6050,6180,742279,M05,P00M05,P10M05,T01
670,2014-09-19,6210,6240,6060,6200,647634,M05,M00M05,S06M05,U01
671,2014-09-22,6310,6590,6190,6310,1634361,K00,M00K00,S04K00,D01
672,2014-09-23,6260,6400,6150,6400,538841,P01,K00P01,M10P01,D02
673,2014-09-24,6400,6650,6360,6650,742544,P01,P00P01,P10P01,D01
674,2014-09-25,6720,6730,6460,6620,576517,M05,P00M05,P10M05,U02
675,2014-09-26,6510,6620,6420,6530,381559,K00,M00K00,S03K00,D03
676,2014-09-29,6500,6560,6360,6400,542131,M05,K00M05,S08M05,U02
677,2014-09-30,6410,6590,6350,6470,406082,P05,M00P05,S07P05,T01
678,2014-10-01,6470,6590,6210,6220,562704,M05,P00M05,S01M05,T01
679,2014-10-02,6270,6440,6090,6420,586585,P05,M00P05,S07P05,D02
680,2014-10-06,6540,6570,6140,6200,481614,M05,P00M05,S01M05,U02
681,2014-10-07,6240,6280,5930,6090,639094,M05,M00M05,S07M05,D01
682,2014-10-08,6030,6400,6030,6370,383260,P03,M00P03,M10P03,D02
683,2014-10-10,6300,6370,6160,6180,278041,M05,P00M05,S02M05,D03
684,2014-10-13,6030,6060,5560,5690,672276,M05,M00M05,S06M05,D03
685,2014-10-14,5680,6010,5680,6010,352572,P00,M00P00,M10P00,D02
686,2014-10-15,6000,6090,5850,6040,248518,P05,P00P05,S00P05,U01
687,2014-10-16,5950,6140,5820,6020,281689,P05,P00P05,P10P05,T01
688,2014-10-17,6020,6120,5860,5900,311285,M05,P00M05,P10M05,T01
689,2014-10-20,5980,6580,5890,6440,934071,P05,M00P05,S07P05,U01
690,2014-10-21,6490,6530,6310,6400,514105,M05,P00M05,S01M05,U02
691,2014-10-22,6650,6690,6330,6360,752971,M05,M00M05,S03M05,U03
692,2014-10-23,6350,7110,6350,6920,2068476,P03,M00P03,M10P03,D01
693,2014-10-24,6940,7130,6760,6950,881325,K00,P00K00,S02K00,U02
694,2014-10-27,7050,7230,6950,7190,770520,P05,K00P05,P10P05,U01
695,2014-10-28,7230,7410,7010,7320,639065,P05,P00P05,P10P05,T01
696,2014-10-29,7310,7400,7060,7140,575725,M05,P00M05,P10M05,U03
697,2014-10-30,7120,7220,7010,7090,421313,M05,M00M05,S07M05,D01
698,2014-10-31,7090,7200,6880,6950,492571,M05,M00M05,M10M05,U01
699,2014-11-03,6950,7050,6820,6850,314525,M05,M00M05,M10M05,U02
700,2014-11-04,6900,7150,6630,7100,726136,P05,M00P05,M10P05,T01
701,2014-11-05,7160,7250,6210,6380,802018,M15,P00M15,S01M15,D01
702,2014-11-06,6300,6650,6070,6450,925745,P05,M10P05,S07P05,T01
703,2014-11-07,6510,6570,6370,6420,254706,M05,P00M05,S00M05,U01
704,2014-11-10,6400,6490,6100,6140,475659,M05,M00M05,S03M05,T01
705,2014-11-11,6150,6330,6150,6270,220662,P03,M00P03,M10P03,U01
706,2014-11-12,6320,6330,6040,6050,394032,M05,P00M05,S01M05,T01
707,2014-11-13,6070,6130,5790,5800,714630,M05,M00M05,S07M05,U01
708,2014-11-14,5780,5980,5650,5650,509665,M03,M00M03,M10M03,T01
709,2014-11-17,5670,5740,5500,5500,539739,M03,M00M03,M10M03,T01
710,2014-11-18,5530,5660,5420,5600,390641,P05,M00P05,M10P05,D01
711,2014-11-19,5640,5720,5530,5590,322080,M05,P00M05,S01M05,U01
712,2014-11-20,5610,5700,5490,5490,235280,M03,M00M03,S03M03,D01
713,2014-11-21,5500,5550,5380,5420,303802,M05,M00M05,M10M05,U01
714,2014-11-24,5460,5510,5200,5210,457829,M05,M00M05,M10M05,T01
715,2014-11-25,5210,5400,5210,5330,267733,P03,M00P03,M10P03,U01
716,2014-11-26,5340,5460,5290,5420,213589,P05,P00P05,S00P05,T01
717,2014-11-27,5490,5490,5340,5360,156686,M01,P00M01,P10M01,T01
718,2014-11-28,5360,5380,5220,5240,207343,M05,M00M05,S03M05,U01
719,2014-12-01,5210,5220,4995,5010,458792,M05,M00M05,M10M05,T01
720,2014-12-02,5010,5290,5010,5270,257217,P03,M00P03,M10P03,D02
721,2014-12-03,5220,5480,5220,5460,271619,P03,P00P03,S02P03,U01
722,2014-12-04,5460,5500,5380,5420,157716,M05,P00M05,P10M05,U01
723,2014-12-05,5490,5660,5430,5650,251360,P05,M00P05,S03P05,T01
724,2014-12-08,5740,5740,5510,5600,272555,M01,P00M01,S01M01,T01
725,2014-12-09,5500,5550,5400,5400,193968,M03,M00M03,S03M03,D01
726,2014-12-10,5390,5490,5210,5280,189565,M05,M00M05,M10M05,U01
727,2014-12-11,5280,5330,5180,5200,219421,M05,M00M05,M10M05,D03
728,2014-12-12,5240,5240,5140,5140,182930,M00,M00M00,M10M00,U01
729,2014-12-15,5050,5330,5050,5280,111515,P03,M00P03,M10P03,D02
730,2014-12-16,5280,5370,5160,5180,146867,M05,P00M05,S02M05,D02
731,2014-12-17,5180,5180,5060,5110,170400,M01,M00M01,S03M01,D02
732,2014-12-18,5150,5170,4995,5100,185039,M05,M00M05,M10M05,U03
733,2014-12-19,5160,5250,5100,5190,135240,P05,M00P05,M10P05,U03
734,2014-12-22,5240,5320,5150,5300,186481,P05,P00P05,S01P05,U01
735,2014-12-23,5290,5500,5280,5370,291955,P05,P00P05,P10P05,U01
736,2014-12-24,5390,5450,5290,5320,137470,M05,P00M05,P10M05,D01
737,2014-12-26,5350,5480,5270,5400,160599,P05,M00P05,S03P05,T01
738,2014-12-29,5340,5370,5220,5220,130889,M03,P00M03,S01M03,U01
739,2014-12-30,5240,5250,5080,5130,186196,M05,M00M05,S07M05,T01
740,2015-01-02,5150,5180,5060,5150,167681,K00,M00K00,M10K00,D01
741,2015-01-05,5150,5170,5040,5110,269927,M05,K00M05,M10M05,T01
742,2015-01-06,5040,5110,5010,5050,243004,K00,M00K00,S04K00,D02
743,2015-01-07,5040,5070,5020,5060,178828,K01,K00K01,S08K01,D02
744,2015-01-08,5110,5270,5080,5180,277539,P05,K00P05,S04P05,U02
745,2015-01-09,5180,5260,5110,5120,247240,M05,P00M05,P10M05,U03
746,2015-01-12,5140,5150,5070,5110,169955,M05,M00M05,S03M05,D01
747,2015-01-13,5110,5330,5060,5270,444458,P05,M00P05,M10P05,D01
748,2015-01-14,5260,5390,5230,5230,204081,M04,P00M04,S02M04,T01
749,2015-01-15,5220,5280,5130,5180,160423,M05,M00M05,S06M05,D01
750,2015-01-16,5210,5230,5030,5040,357466,M05,M00M05,M10M05,D02
751,2015-01-19,5100,5160,5060,5090,187594,M05,M00M05,M10M05,D02
752,2015-01-20,5100,5140,5080,5110,89688,K00,M00K00,M10K00,U02
753,2015-01-21,5100,5150,5040,5050,228446,M05,K00M05,S04M05,U01
754,2015-01-22,5040,5440,5030,5250,1072455,P05,M00P05,S07P05,T01
755,2015-01-23,5260,5310,5150,5160,315395,M05,P00M05,S02M05,U03
756,2015-01-26,5160,5220,5120,5140,143877,M05,M00M05,S03M05,T01
757,2015-01-27,5130,5170,5060,5080,266310,M05,M00M05,M10M05,T01
758,2015-01-28,5090,5180,5080,5130,221932,P05,M00P05,M10P05,D03
759,2015-01-29,5100,5160,5030,5050,329043,M05,P00M05,S04M05,D01
760,2015-01-30,5070,5110,5030,5090,285199,K00,M00K00,S07K00,U01
761,2015-02-02,5200,5390,5090,5090,708472,M03,K00M03,S04M03,D02
762,2015-02-03,5090,5190,5070,5090,291034,K02,M00K02,S03K02,U01
763,2015-02-04,5150,5210,5100,5170,380827,K00,K00K00,M10K00,U02
764,2015-02-05,5210,5210,5090,5180,385152,M02,K00M02,P10M02,T01
765,2015-02-06,5210,5310,5150,5280,427087,P05,M00P05,S05P05,U02
766,2015-02-09,5480,5620,5350,5400,1891442,M05,P00M05,S01M05,D01
767,2015-02-10,5380,5400,5200,5200,552329,M03,M00M03,S05M03,D01
768,2015-02-11,5200,5350,5110,5180,608832,M05,M00M05,M10M05,U02
769,2015-02-12,5210,5380,5210,5260,579110,P04,M00P04,M10P04,T01
770,2015-02-13,5280,5390,5230,5350,478332,P05,P00P05,S01P05,U02
771,2015-02-16,5380,5460,5300,5350,312220,M05,P00M05,P10M05,U02
772,2015-02-17,5420,5450,5310,5370,246665,M05,M00M05,S03M05,U01
773,2015-02-23,5410,5410,5310,5370,285600,M01,M00M01,M10M01,U01
774,2015-02-24,5390,5480,5330,5470,358847,P05,M00P05,S04P05,T01
775,2015-02-25,5490,5520,5360,5390,341704,M05,P00M05,S01M05,T01
776,2015-02-26,5390,5420,5310,5350,335829,M05,M00M05,S07M05,T01
777,2015-02-27,5410,5430,5310,5380,337392,M05,M00M05,M10M05,U01
778,2015-03-02,5400,5420,5330,5350,334904,M05,M00M05,M10M05,D01
779,2015-03-03,5390,5480,5350,5480,344572,P01,M00P01,M10P01,U01
780,2015-03-04,5500,5500,5380,5410,433198,M01,P00M01,S01M01,D01
781,2015-03-05,5390,5410,5330,5360,331935,M05,M00M05,S03M05,T01
782,2015-03-06,5380,5380,5300,5320,309529,M01,M00M01,M10M01,U01
783,2015-03-09,5310,5330,5160,5160,365131,M03,M00M03,M10M03,D02
784,2015-03-10,5180,5210,5040,5090,500147,M05,M00M05,M10M05,U01
785,2015-03-11,5080,5160,5050,5080,161417,K00,M00K00,M10K00,D02
786,2015-03-12,5150,5190,5090,5180,161578,P05,K00P05,M10P05,T01
787,2015-03-13,5200,5260,5160,5230,175026,P05,P00P05,P10P05,U01
788,2015-03-16,5250,5290,5180,5210,173673,M05,P00M05,P10M05,D01
789,2015-03-17,5220,5270,5190,5240,133901,K00,M00K00,S04K00,U02
790,2015-03-18,5240,5380,5200,5340,416025,P05,K00P05,S04P05,T01
791,2015-03-19,5380,5380,5210,5240,232513,M01,P00M01,P10M01,U01
792,2015-03-20,5250,5250,5160,5220,117949,M02,M00M02,S07M02,T01
793,2015-03-23,5250,5340,5200,5300,176438,P05,M00P05,M10P05,U01
794,2015-03-24,5300,5350,5270,5280,186738,M05,P00M05,S01M05,D01
795,2015-03-25,5310,5410,5260,5370,393318,P05,M00P05,S04P05,D01
796,2015-03-26,5340,5460,5310,5370,270409,P05,P00P05,S01P05,D03
797,2015-03-27,5440,5530,5370,5530,798910,P01,P00P01,P10P01,T01
798,2015-03-30,5690,6350,5680,6190,4669648,P05,P00P05,P10P05,U01
799,2015-03-31,6270,6390,5880,6100,2222873,M05,P00M05,P10M05,U02
800,2015-04-01,6090,6250,5980,6250,1258599,P01,M00P01,S03P01,D01
801,2015-04-02,6280,6350,6100,6100,721083,M03,P00M03,S00M03,D01
802,2015-04-03,6160,6200,6070,6100,459838,M05,M00M05,S03M05,D01
803,2015-04-06,6160,6200,5930,5990,537575,M05,M00M05,M10M05,T01
804,2015-04-07,6020,6200,5990,6020,380124,K02,M00K02,M10K02,U01
805,2015-04-08,6050,6340,6020,6050,709511,K02,K00K02,M10K02,T01
806,2015-04-09,6150,6260,6080,6080,529807,M03,K00M03,S04M03,U01
807,2015-04-10,6100,6280,6100,6190,650449,P03,M00P03,S05P03,U01
808,2015-04-13,6210,6270,6050,6100,369600,M05,P00M05,S01M05,U01
809,2015-04-14,6150,6170,5970,5970,453906,M03,M00M03,S07M03,T01
810,2015-04-15,6000,6250,5940,6220,604672,P05,M00P05,M10P05,T01
811,2015-04-16,6240,6320,6100,6110,278418,M05,P00M05,S01M05,U01
812,2015-04-17,6160,6240,6080,6190,340059,K00,M00K00,S03K00,T01
813,2015-04-20,6190,6430,6110,6400,838244,P05,K00P05,S01P05,D02
814,2015-04-21,6450,6590,6270,6280,1005738,M05,P00M05,P10M05,U02
815,2015-04-22,6360,6360,5610,6140,1050453,M02,M00M02,S03M02,U01
816,2015-04-23,6110,6150,5760,5800,792798,M05,M00M05,M10M05,U01
817,2015-04-24,5840,5900,5700,5800,437360,M05,M00M05,M10M05,U01
818,2015-04-27,5900,5940,5790,5870,257588,M05,M00M05,M10M05,U01
819,2015-04-28,5860,6030,5700,5750,451404,M05,M00M05,M10M05,D01
820,2015-04-29,5800,5850,5710,5720,216686,M05,M00M05,M10M05,T01
821,2015-04-30,5720,5800,5260,5400,522255,M05,M00M05,M10M05,D01
822,2015-05-04,5420,5450,5250,5270,346904,M05,M00M05,M10M05,U02
823,2015-05-06,5240,5310,5220,5300,144820,P05,M00P05,M10P05,D02
824,2015-05-07,5260,5380,5200,5350,219583,P05,P00P05,S00P05,D01
825,2015-05-08,5400,5560,5350,5520,264995,P05,P00P05,P10P05,U01
826,2015-05-11,5550,5560,5430,5450,167013,M05,P00M05,P10M05,U02
827,2015-05-12,5430,5780,5370,5600,945903,P05,M00P05,S03P05,T01
828,2015-05-13,5610,5650,5520,5530,205422,M05,P00M05,S02M05,D01
829,2015-05-14,5540,5670,5460,5590,182071,P05,M00P05,S03P05,T01
830,2015-05-15,5650,5650,5500,5560,162180,M01,P00M01,S01M01,U02
831,2015-05-18,5400,5440,5180,5200,641388,M05,M00M05,S03M05,T01
832,2015-05-19,5210,5350,5210,5320,194977,P03,M00P03,M10P03,U01
833,2015-05-20,5310,5350,5220,5260,214176,M05,P00M05,S01M05,T01
834,2015-05-21,5300,5390,5210,5370,188998,P05,M00P05,S06P05,T01
835,2015-05-22,5380,5550,5350,5380,217831,K02,P00K02,S01K02,U01
836,2015-05-26,5530,5530,5180,5230,370882,M01,K00M01,P10M01,T01
837,2015-05-27,5210,5300,5090,5160,264300,M05,M00M05,S07M05,D02
838,2015-05-28,5220,5430,5170,5390,226115,P05,M00P05,M10P05,U02
839,2015-05-29,5420,5420,5240,5270,190576,M01,P00M01,S01M01,T01
840,2015-06-01,5330,5360,5190,5220,179290,M05,M00M05,S03M05,D01
841,2015-06-02,5270,5310,5120,5130,276279,M05,M00M05,M10M05,T01
842,2015-06-03,5110,5230,5080,5150,145954,P05,M00P05,M10P05,T01
843,2015-06-04,5160,5350,5160,5190,175421,P04,P00P04,S00P04,U01
844,2015-06-05,5090,5200,5090,5140,205573,P03,P00P03,P10P03,D01
845,2015-06-08,5140,5240,5130,5180,118457,P05,P00P05,P10P05,T01
846,2015-06-09,5290,5290,5200,5240,96980,M01,P00M01,P10M01,D01
847,2015-06-10,5240,5270,5100,5180,237581,M05,M00M05,S05M05,T01
848,2015-06-11,5180,5210,5090,5110,141655,M05,M00M05,M10M05,U02
849,2015-06-12,5120,5160,5070,5070,184130,M03,M00M03,M10M03,T01
850,2015-06-15,5050,5100,5010,5020,131077,M05,M00M05,M10M05,D01
851,2015-06-16,5020,5030,4825,4860,386333,M05,M00M05,M10M05,D01
852,2015-06-17,4900,4985,4850,4970,123094,P05,M00P05,M10P05,U01
853,2015-06-18,4950,5030,4930,4935,118654,M05,P00M05,S01M05,T01
854,2015-06-19,4950,5000,4875,4910,118429,M05,M00M05,S06M05,U02
855,2015-06-22,4910,4990,4910,4975,95146,P03,M00P03,S04P03,D01
856,2015-06-23,4980,5080,4975,5050,90350,P05,P00P05,S02P05,U01
857,2015-06-24,5070,5100,5020,5080,97664,K00,P00K00,P10K00,T01
858,2015-06-25,5080,5090,5030,5050,64864,M05,K00M05,P10M05,D01
859,2015-06-26,5070,5070,5000,5010,127215,M01,M00M01,S04M01,T01
860,2015-06-29,4900,4975,4830,4830,309777,M03,M00M03,M10M03,D01
861,2015-06-30,4765,4830,4520,4830,248746,P02,M00P02,M10P02,D03
862,2015-07-01,4800,4990,4800,4940,121840,P03,P00P03,S08P03,U01
863,2015-07-02,4940,4975,4900,4940,97063,K00,P00K00,P10K00,U01
864,2015-07-03,4925,4975,4910,4935,116002,K00,K00K00,P10K00,U01
865,2015-07-06,4890,4900,4800,4830,170133,M05,K00M05,S04M05,T01
866,2015-07-07,4835,4885,4720,4765,200558,M05,M00M05,S07M05,D01
867,2015-07-08,4795,4875,4750,4795,138459,K00,M00K00,M10K00,T01
868,2015-07-09,4730,4825,4640,4780,126139,P05,K00P05,M10P05,D03
869,2015-07-10,4815,4815,4710,4710,99832,M00,P00M00,P10M00,T01
870,2015-07-13,4750,4920,4710,4850,91324,P05,M00P05,S07P05,U02
871,2015-07-14,4900,5080,4855,4920,161636,K00,P00K00,S01K00,U02
872,2015-07-15,4930,5000,4875,4895,112967,M05,K00M05,P10M05,U01
873,2015-07-16,4880,5020,4880,4995,138987,P03,M00P03,S04P03,T01
874,2015-07-17,5040,5080,4915,4970,104838,M05,P00M05,S02M05,U02
875,2015-07-20,4985,5040,4920,4930,124016,M05,M00M05,S03M05,U01
876,2015-07-21,4930,5040,4900,5010,138551,P05,M00P05,M10P05,T01
877,2015-07-22,5040,5060,4970,5000,121026,M05,P00M05,S02M05,T01
878,2015-07-23,5050,5050,4920,4950,122194,M01,M00M01,S03M01,D01
879,2015-07-24,4950,5010,4920,4935,88729,M05,M00M05,M10M05,D01
880,2015-07-27,4935,4940,4795,4795,191930,M03,M00M03,M10M03,D02
881,2015-07-28,4775,4835,4750,4800,132809,P05,M00P05,M10P05,D01
882,2015-07-29,4840,4920,4800,4800,121026,M04,P00M04,S00M04,U01
883,2015-07-30,4880,4890,4800,4860,90465,M05,M00M05,S03M05,U01
884,2015-07-31,4805,4885,4750,4785,112118,M05,M00M05,M10M05,U01
885,2015-08-03,4805,4830,4735,4735,69361,M03,M00M03,M10M03,T01
886,2015-08-04,4750,4880,4735,4875,94120,P05,M00P05,M10P05,T01
887,2015-08-05,4890,4915,4850,4910,52255,K01,P00K01,S01K01,T01
888,2015-08-06,4910,4940,4835,4840,84660,M05,K00M05,P10M05,U01
889,2015-08-07,4875,4960,4825,4870,105374,M05,M00M05,S07M05,D02
890,2015-08-10,4900,4930,4800,4840,111767,M05,M00M05,M10M05,T01
891,2015-08-11,4870,4910,4805,4830,90530,M05,M00M05,M10M05,U02
892,2015-08-12,4820,4835,4670,4720,139525,M05,M00M05,M10M05,D02
893,2015-08-13,4720,4870,4715,4850,87711,P05,M00P05,M10P05,T01
894,2015-08-17,4875,4875,4730,4765,104528,M01,P00M01,S02M01,T01
895,2015-08-18,4820,4820,4550,4610,149123,M01,M00M01,S03M01,U01
896,2015-08-19,4530,4625,4335,4340,212005,M05,M00M05,M10M05,D01
897,2015-08-20,4200,4330,4190,4190,186658,M04,M00M04,M10M04,D01
898,2015-08-21,4085,4085,3700,3840,375637,M01,M00M01,M10M01,D04
899,2015-08-24,3760,3960,3760,3860,190322,P03,M00P03,M10P03,D04
900,2015-08-25,3860,4055,3850,4030,110816,P05,P00P05,S00P05,D04
901,2015-08-26,4035,4355,4010,4230,263127,P05,P00P05,P10P05,D01
902,2015-08-27,4285,4295,4190,4205,107683,M05,P00M05,P10M05,U04
903,2015-08-28,4230,4480,4230,4300,118551,P04,M00P04,S03P04,U03
904,2015-08-31,4305,4380,4280,4305,53371,K00,P00K00,S01K00,U01
905,2015-09-01,4360,4420,4335,4375,71034,K00,K00K00,P10K00,D02
906,2015-09-02,4300,4420,4230,4420,41479,P01,K00P01,P10P01,D04
907,2015-09-03,4425,4750,4425,4560,219235,P03,P00P03,P10P03,U03
908,2015-09-04,4570,4570,4395,4455,76338,M01,P00M01,P10M01,D01
909,2015-09-07,4410,4500,4320,4435,78481,P05,M00P05,S03P05,D01
910,2015-09-08,4420,4450,4260,4300,75316,M05,P00M05,S08M05,D02
911,2015-09-09,4380,4415,4305,4360,42948,M05,M00M05,S07M05,U03
912,2015-09-10,4390,4440,4285,4440,74690,P02,M00P02,M10P02,D02
913,2015-09-11,4395,4440,4330,4390,91475,M05,P00M05,S01M05,U01
914,2015-09-14,4390,4425,4365,4400,42173,K00,M00K00,S07K00,U01
915,2015-09-15,4360,4450,4360,4435,65301,P03,K00P03,S04P03,D01
916,2015-09-16,4435,4550,4435,4505,63742,P03,P00P03,P10P03,U02
917,2015-09-17,4540,4550,4480,4495,35657,M05,P00M05,P10M05,U01
918,2015-09-18,4495,4590,4495,4550,55432,P03,M00P03,S03P03,T01
919,2015-09-21,4550,4580,4450,4515,60726,M05,P00M05,S02M05,D02
920,2015-09-22,4520,4720,4520,4690,121947,P03,M00P03,S03P03,T01
921,2015-09-23,4650,4680,4600,4615,65841,M05,P00M05,S01M05,D02
922,2015-09-24,4625,4690,4610,4635,43758,K00,M00K00,S06K00,T01
923,2015-09-25,4620,4720,4615,4695,45641,P05,K00P05,S04P05,D01
924,2015-09-30,4650,4700,4585,4605,54627,M05,P00M05,P10M05,D01
925,2015-10-01,4555,4660,4500,4595,113531,P05,M00P05,S07P05,U03
926,2015-10-02,4570,4800,4485,4635,197512,P05,P00P05,S08P05,T01
927,2015-10-05,4615,4690,4570,4585,52821,M05,P00M05,P10M05,U03
928,2015-10-06,4660,4850,4605,4605,113117,M04,M00M04,S06M04,U02
929,2015-10-07,4660,4660,4550,4605,55206,M01,M00M01,M10M01,D01
930,2015-10-08,4605,4640,4535,4615,103652,K01,M00K01,M10K01,U01
931,2015-10-12,4640,4720,4605,4660,89561,K00,K00K00,S00K00,U01
932,2015-10-13,4725,4725,4585,4660,52470,M01,K00M01,P10M01,T01
933,2015-10-14,4620,4685,4605,4650,42195,P05,M00P05,S03P05,D01
934,2015-10-15,4585,4690,4585,4640,53277,P03,P00P03,S08P03,T01
935,2015-10-16,4670,4790,4620,4720,68916,P05,P00P05,P10P05,U03
936,2015-10-19,4725,4810,4690,4740,66690,K00,P00K00,P10K00,U01
937,2015-10-20,4750,4785,4690,4700,51371,M05,K00M05,P10M05,U01
938,2015-10-21,4700,4755,4665,4700,89032,K00,M00K00,S07K00,D01
939,2015-10-22,4730,6110,4730,6110,10754881,P10,K00P10,M10P10,D01
940,2015-10-23,5900,6030,5490,5720,3700058,M05,P10M05,P10M05,U02
941,2015-10-26,5890,6150,5630,5760,3235803,M05,M00M05,S06M05,U03
942,2015-10-27,5820,5950,5480,5500,1909300,M05,M00M05,M10M05,T01
943,2015-10-28,5550,6230,5370,5560,3962146,K02,M00K02,M10K02,T01
944,2015-10-29,5560,5680,5390,5390,774286,M03,K00M03,S01M03,U02
945,2015-10-30,5370,5460,5230,5320,516407,M05,M00M05,S07M05,D01
946,2015-11-02,5310,5490,5210,5320,401586,K00,M00K00,M10K00,D01
947,2015-11-03,5390,5610,5340,5370,937062,M05,K00M05,S08M05,U02
948,2015-11-04,5340,5500,5290,5370,397264,P05,M00P05,S05P05,U01
949,2015-11-05,5370,5630,5370,5440,435756,P04,P00P04,S04P04,T01
950,2015-11-06,5420,5430,5330,5340,196355,M05,P00M05,P10M05,T01
951,2015-11-09,5310,5350,5250,5270,261434,M05,M00M05,S07M05,U01
952,2015-11-10,5170,5200,5000,5070,448793,M05,M00M05,M10M05,D02
953,2015-11-11,5190,5680,5100,5380,700312,P05,M00P05,M10P05,T01
954,2015-11-12,5350,5560,5320,5370,397615,K02,P00K02,S01K02,D01
955,2015-11-13,5280,5440,5180,5420,424104,P05,K00P05,P10P05,D02
956,2015-11-16,5300,5630,5300,5490,679212,P03,P00P03,P10P03,D02
957,2015-11-17,5580,5730,5510,5590,824301,K00,P00K00,P10K00,U02
958,2015-11-18,5650,5680,5390,5390,341318,M03,K00M03,P10M03,T01
959,2015-11-19,5440,5550,5340,5400,339522,M05,M00M05,S07M05,U03
960,2015-11-20,5440,5590,5370,5470,362992,P05,M00P05,M10P05,T01
961,2015-11-23,5480,5500,5300,5320,290835,M05,P00M05,S01M05,U01
962,2015-11-24,5290,5370,5270,5310,191774,K00,M00K00,S07K00,T01
963,2015-11-25,5310,5420,5270,5340,146663,P05,K00P05,S08P05,T01
964,2015-11-26,5420,5500,5340,5400,198417,M05,P00M05,S04M05,T01
965,2015-11-27,5400,5480,5360,5430,169551,P05,M00P05,S05P05,T01
966,2015-11-30,5420,5620,5380,5590,331079,P05,P00P05,S04P05,T01
967,2015-12-01,5670,5730,5490,5550,395384,M05,P00M05,P10M05,D01
968,2015-12-02,5600,5600,5460,5470,181419,M01,M00M01,S03M01,U01
969,2015-12-03,5460,5540,5410,5480,125472,K00,M00K00,M10K00,D01
970,2015-12-04,5440,5540,5430,5540,123616,P01,K00P01,S00P01,D02
971,2015-12-07,5590,5590,5480,5510,99820,M01,P00M01,P10M01,U03
972,2015-12-08,5510,5700,5480,5490,469604,M05,M00M05,S03M05,D01
973,2015-12-09,5490,5580,5400,5410,170117,M05,M00M05,M10M05,T01
974,2015-12-10,5440,5450,5200,5270,340873,M05,M00M05,M10M05,D02
975,2015-12-11,5260,5340,5220,5300,91060,P05,M00P05,M10P05,U01
976,2015-12-14,5180,5230,5100,5140,180927,M05,P00M05,S00M05,D03
977,2015-12-15,5110,5190,5080,5120,126497,K00,M00K00,S07K00,U01
978,2015-12-16,5150,5270,5150,5170,77035,K02,K00K02,S08K02,U01
979,2015-12-17,5250,5400,5210,5370,146391,P05,K00P05,P10P05,U02
980,2015-12-18,5330,5410,5260,5260,74730,M03,P00M03,P10M03,D02
981,2015-12-21,5320,5380,5240,5260,63904,M05,M00M05,S06M05,D02
982,2015-12-22,5270,5380,5240,5250,61143,M05,M00M05,M10M05,U01
983,2015-12-23,5400,5470,5290,5310,173241,M05,M00M05,M10M05,U01
984,2015-12-24,5440,5440,5300,5300,95221,M00,M00M00,M10M00,U01
985,2015-12-28,5280,5390,5280,5370,118165,P03,M00P03,M10P03,T01
986,2015-12-29,5300,5400,5290,5400,73544,P01,P00P01,S00P01,T01
987,2015-12-30,5430,5520,5390,5480,112585,P05,P00P05,P10P05,U02
988,2016-01-04,5510,5510,5320,5320,197258,M00,P00M00,P10M00,D02
989,2016-01-05,5260,5410,5250,5410,92198,P01,M00P01,S07P01,D03
990,2016-01-06,5410,5450,5290,5350,87962,M05,P00M05,S00M05,T01
991,2016-01-07,5350,5450,5230,5310,118123,M05,M00M05,S03M05,D02
992,2016-01-08,5110,5310,5070,5310,252267,P01,M00P01,M10P01,D04
993,2016-01-11,5280,5290,5160,5180,96893,M05,P00M05,S08M05,D01
994,2016-01-12,5180,5290,5160,5200,71844,K00,M00K00,S06K00,T01
995,2016-01-13,5230,5280,5200,5250,71410,K00,K00K00,S00K00,U02
996,2016-01-14,5170,5250,5120,5190,78982,K00,K00K00,P10K00,D04
997,2016-01-15,5180,5240,5110,5140,69383,M05,K00M05,P10M05,U03
998,2016-01-18,5110,5260,5110,5260,57149,P00,M00P00,S04P00,U03
999,2016-01-19,5270,5340,5160,5300,92212,P05,P00P05,S02P05,D03
1000,2016-01-20,5510,6060,5440,5600,2225187,P05,P00P05,P10P05,T01
1001,2016-01-21,5640,5710,5400,5500,384131,M05,P00M05,P10M05,T01
1002,2016-01-22,5540,5730,5510,5640,352007,P05,M00P05,S07P05,T01
1003,2016-01-25,5800,5820,5600,5610,383055,M05,P00M05,S01M05,U03
1004,2016-01-26,5580,5580,5410,5450,214541,M01,M00M01,S03M01,D02
1005,2016-01-27,5540,5800,5480,5630,688995,P05,M00P05,M10P05,U02
1006,2016-01-28,5650,5890,5600,5890,768360,P01,P00P01,S01P01,D03
1007,2016-01-29,5940,6040,5850,5980,1156280,P05,P00P05,P10P05,U01
1008,2016-02-01,5980,5980,5690,5710,601147,M01,P00M01,P10M01,U03
1009,2016-02-02,5700,5710,5520,5640,457183,M05,M00M05,S07M05,T01
1010,2016-02-03,5630,5690,5500,5530,324768,M05,M00M05,M10M05,D03
1011,2016-02-04,5570,5650,5470,5630,242689,P05,M00P05,M10P05,T01
1012,2016-02-05,5660,5730,5500,5670,508486,K00,P00K00,S01K00,T01
1013,2016-02-11,5450,5540,5270,5270,376458,M03,K00M03,P10M03,U01
1014,2016-02-12,5180,5270,4975,4975,451159,M03,M00M03,S07M03,D01
1015,2016-02-15,5040,5180,4955,5110,197469,P05,M00P05,M10P05,D01
1016,2016-02-16,5160,5280,5110,5210,157630,P05,P00P05,S01P05,U02
1017,2016-02-17,5260,5360,5160,5290,198329,P05,P00P05,P10P05,U03
1018,2016-02-18,5370,5370,5260,5260,123376,M00,P00M00,P10M00,U03
1019,2016-02-19,5250,5300,5180,5210,117029,M05,M00M05,S07M05,D02
1020,2016-02-22,5210,5320,5210,5250,114349,P03,M00P03,M10P03,U01
1021,2016-02-23,5270,5290,5150,5210,123057,M05,P00M05,S04M05,U02
1022,2016-02-24,5210,5240,5170,5220,81180,K00,M00K00,S07K00,D02
1023,2016-02-25,5270,5330,5210,5210,74371,M03,K00M03,S00M03,U01
1024,2016-02-26,5260,5300,5210,5270,94909,K00,M00K00,S07K00,U01
1025,2016-02-29,5250,5300,5220,5260,80362,K00,K00K00,S01K00,T01
1026,2016-03-02,5350,5350,5240,5350,170543,K01,K00K01,S04K01,U04
1027,2016-03-03,5350,5380,5270,5310,113467,M05,K00M05,P10M05,T01
1028,2016-03-04,5310,5340,5240,5280,162255,M05,M00M05,S04M05,T01
1029,2016-03-07,5290,5340,5240,5290,141489,K00,M00K00,M10K00,T01
1030,2016-03-08,5310,5650,5310,5430,588174,P03,K00P03,S04P03,T01
1031,2016-03-09,5430,5480,5380,5460,164979,P05,P00P05,P10P05,D02
1032,2016-03-10,5430,5480,5410,5420,97353,M05,P00M05,P10M05,U01
1033,2016-03-11,5450,5460,5380,5440,104863,M05,M00M05,S04M05,T01
1034,2016-03-14,5510,5580,5450,5450,234449,M03,M00M03,S04M03,U03
1035,2016-03-15,5440,5490,5400,5450,117394,K00,M00K00,M10K00,T01
1036,2016-03-16,5430,5470,5360,5360,135218,M03,K00M03,S08M03,D01
1037,2016-03-17,5400,5510,5360,5450,205083,P05,M00P05,S07P05,U01
1038,2016-03-18,5470,5580,5450,5560,206110,P05,P00P05,S01P05,T01
1039,2016-03-21,5540,5600,5470,5470,107306,M03,P00M03,P10M03,U01
1040,2016-03-22,5470,5550,5390,5530,175330,P05,M00P05,S07P05,T01
1041,2016-03-23,5520,5550,5470,5480,83472,M05,P00M05,S00M05,T01
1042,2016-03-24,5470,5620,5400,5460,339351,M05,M00M05,S06M05,D02
1043,2016-03-25,5470,5610,5470,5570,238842,P03,M00P03,M10P03,D02
1044,2016-03-28,5650,5900,5610,5700,831491,P05,P00P05,S01P05,T01
1045,2016-03-29,5790,5790,5600,5610,234348,M01,P00M01,P10M01,T01
1046,2016-03-30,5670,5690,5560,5630,196874,M05,M00M05,S07M05,U02
1047,2016-03-31,5680,5920,5620,5620,752671,M04,M00M04,M10M04,U01
1048,2016-04-01,5630,5800,5590,5610,334975,M05,M00M05,M10M05,T01
1049,2016-04-04,5630,5690,5600,5660,163205,P05,M00P05,M10P05,U01
1050,2016-04-05,5690,5840,5660,5800,314884,P05,P00P05,S04P05,D01
1051,2016-04-06,5790,5860,5730,5760,186279,M05,P00M05,P10M05,D01
1052,2016-04-07,5780,5850,5690,5720,143937,M05,M00M05,S06M05,U02
1053,2016-04-08,5710,5720,5620,5720,149140,K01,M00K01,M10K01,D02
1054,2016-04-11,5720,5770,5660,5730,101721,K00,K00K00,S08K00,T01
1055,2016-04-12,5710,5740,5650,5690,97789,M05,K00M05,S04M05,D01
1056,2016-04-14,5680,5700,5610,5650,125599,M05,M00M05,S04M05,U02
1057,2016-04-15,5710,5710,5550,5590,121026,M01,M00M01,M10M01,T01
1058,2016-04-18,5750,5840,5660,5660,422155,M03,M00M03,M10M03,T01
1059,2016-04-19,5660,5820,5620,5780,290116,P05,M00P05,M10P05,U01
1060,2016-04-20,5780,5820,5700,5790,147820,K00,P00K00,S02K00,D01
1061,2016-04-21,5820,5890,5740,5790,161008,M05,K00M05,P10M05,T01
1062,2016-04-22,5820,5900,5740,5780,166816,M05,M00M05,S04M05,T01
1063,2016-04-25,5830,5850,5750,5830,151952,K01,M00K01,S04K01,D01
1064,2016-04-26,5870,5880,5720,5730,129696,M05,K00M05,S04M05,T01
1065,2016-04-27,5710,5740,5670,5700,117478,M05,M00M05,S07M05,T01
1066,2016-04-28,5750,5770,5690,5730,80431,M05,M00M05,M10M05,D01
1067,2016-04-29,5760,5760,5600,5650,130066,M01,M00M01,S04M01,D02
1068,2016-05-02,5630,5720,5520,5620,189131,M05,M00M05,M10M05,D01
1069,2016-05-03,5680,5710,5620,5640,133284,M05,M00M05,M10M05,U01
1070,2016-05-04,5650,5650,5560,5600,50750,M01,M00M01,M10M01,D02
1071,2016-05-09,5640,5660,5550,5570,67306,M05,M00M05,M10M05,U01
1072,2016-05-10,5540,5630,5540,5630,100824,P00,M00P00,M10P00,T01
1073,2016-05-11,5600,5660,5560,5580,82841,M05,P00M05,S00M05,U02
1074,2016-05-12,5600,5680,5550,5590,114966,M05,M00M05,S06M05,D02
1075,2016-05-13,5600,5980,5590,5780,960725,P05,M00P05,S04P05,D01
1076,2016-05-16,5850,5880,5740,5840,374369,M05,P00M05,S01M05,D01
1077,2016-05-17,5850,5900,5740,5810,195921,M05,M00M05,S05M05,U02
1078,2016-05-18,5840,5840,5670,5730,153038,M01,M00M01,S04M01,D02
1079,2016-05-19,5780,5800,5520,5530,329088,M05,M00M05,M10M05,U01
1080,2016-05-20,5520,5610,5480,5540,82825,K00,M00K00,M10K00,D01
1081,2016-05-23,5590,5620,5540,5550,79563,M05,K00M05,S00M05,U02
1082,2016-05-24,5550,6100,5510,5750,1837739,P05,M00P05,S05P05,T01
1083,2016-05-25,5770,5800,5650,5740,293099,M05,P00M05,S02M05,U03
1084,2016-05-26,5800,6190,5740,5890,1919432,P05,M00P05,S03P05,U01
1085,2016-05-27,5990,6090,5800,6070,694521,P05,P00P05,S01P05,T01
1086,2016-05-30,6130,6170,5980,6030,388426,M05,P00M05,P10M05,T01
1087,2016-05-31,6030,6060,5980,6020,200306,M05,M00M05,S03M05,U01
1088,2016-06-01,6040,6150,5990,6030,224307,M05,M00M05,M10M05,T01
1089,2016-06-02,6080,6560,5820,5920,2488639,M05,M00M05,S04M05,T01
1090,2016-06-03,5950,6080,5850,5960,350928,K00,M00K00,M10K00,U01
1091,2016-06-07,5980,6020,5850,6010,197221,P05,K00P05,S01P05,U01
1092,2016-06-08,6040,6310,6030,6230,778931,P05,P00P05,P10P05,T01
1093,2016-06-09,6260,6370,6090,6110,231306,M05,P00M05,P10M05,T01
1094,2016-06-10,6180,6350,6120,6310,413564,P05,M00P05,S03P05,D01
1095,2016-06-13,6300,6310,6150,6150,224804,M03,P00M03,S01M03,D02
1096,2016-06-14,6020,6180,5950,6040,440107,K00,M00K00,S07K00,D01
1097,2016-06-15,6010,6040,5830,5990,150550,M05,K00M05,S08M05,T01
1098,2016-06-16,5920,6040,5700,5710,281842,M05,M00M05,S04M05,T01
1099,2016-06-17,5750,5860,5640,5730,143163,M05,M00M05,M10M05,T01
1100,2016-06-20,5710,5940,5710,5900,166788,P03,M00P03,M10P03,D01
1101,2016-06-21,5870,6060,5850,5920,169744,P05,P00P05,S02P05,U01
1102,2016-06-22,6000,6000,5870,5880,94253,M01,P00M01,P10M01,T01
1103,2016-06-23,5860,5900,5700,5750,162016,M05,M00M05,S03M05,T01
1104,2016-06-24,5790,5840,5310,5530,387840,M05,M00M05,M10M05,U02
1105,2016-06-27,5400,5610,5380,5510,164316,P05,M00P05,M10P05,D04
1106,2016-06-28,5490,5620,5470,5530,99540,P05,P00P05,S08P05,D03
1107,2016-06-29,5600,5630,5560,5590,116684,M05,P00M05,P10M05,U03
1108,2016-06-30,5620,5830,5620,5800,193554,P03,M00P03,S05P03,U03
1109,2016-07-01,5770,6140,5770,6090,485361,P03,P00P03,S01P03,U02
1110,2016-07-04,6090,6200,5960,6080,231402,M05,P00M05,P10M05,U02
1111,2016-07-05,6080,6120,6010,6100,76191,K01,M00K01,S03K01,U01
1112,2016-07-06,6270,6370,6030,6200,561127,M05,K00M05,S04M05,D01
1113,2016-07-07,6200,6210,6120,6210,137850,K01,M00K01,S05K01,U01
1114,2016-07-08,6200,6200,6030,6040,134907,M01,K00M01,S00M01,U01
1115,2016-07-11,6080,6170,6020,6030,158790,M05,M00M05,S07M05,U02
1116,2016-07-12,6090,6110,6000,6020,93241,M05,M00M05,M10M05,U01
1117,2016-07-13,6050,6140,6010,6130,115267,P05,M00P05,M10P05,U01
1118,2016-07-14,6130,6130,5960,6020,107373,M01,P00M01,S01M01,D01
1119,2016-07-15,5960,6060,5950,5990,87037,P05,M00P05,S07P05,U01
1120,2016-07-18,5990,6050,5970,6030,36407,P05,P00P05,S08P05,T01
1121,2016-07-19,6000,6230,5970,6120,250065,P05,P00P05,P10P05,U01
1122,2016-07-20,6120,6160,6050,6140,47704,K01,P00K01,P10K01,D01
1123,2016-07-21,6140,6620,6130,6170,793779,K02,K00K02,P10K02,U02
1124,2016-07-22,6170,6250,6050,6060,195315,M05,K00M05,S04M05,D01
1125,2016-07-25,6130,6130,6030,6040,80148,M01,M00M01,S07M01,U01
1126,2016-07-26,6050,6140,6020,6050,68358,K00,M00K00,M10K00,T01
1127,2016-07-27,6050,6140,5950,6050,175254,K00,K00K00,M10K00,T01
1128,2016-07-28,6100,6150,6050,6130,112040,K01,K00K01,S04K01,U01
1129,2016-07-29,6100,6140,6050,6130,53479,K01,K00K01,P10K01,T01
1130,2016-08-01,6170,6190,6060,6120,91684,M05,K00M05,S04M05,T01
1131,2016-08-02,6120,6160,5990,6000,218382,M05,M00M05,S03M05,U01
1132,2016-08-03,5990,6120,5950,6110,125917,P05,M00P05,M10P05,D01
1133,2016-08-04,6130,6160,5980,6110,141316,M05,P00M05,S00M05,U01
1134,2016-08-05,6110,6110,5990,6110,118370,K01,M00K01,S03K01,T01
1135,2016-08-08,6110,6120,5990,6010,159262,M05,K00M05,S04M05,U02
1136,2016-08-09,5980,6050,5890,5900,339639,M05,M00M05,S07M05,T01
1137,2016-08-10,6050,6320,6000,6010,982018,M05,M00M05,M10M05,T01
1138,2016-08-11,6050,6070,5960,6010,122608,M05,M00M05,M10M05,D01
1139,2016-08-12,6010,6070,5790,5860,372099,M05,M00M05,S04M05,U01
1140,2016-08-16,5820,5920,5750,5830,120527,K00,M00K00,M10K00,U01
1141,2016-08-17,5800,5830,5680,5730,184634,M05,K00M05,S08M05,D01
1142,2016-08-18,5740,5860,5720,5860,103661,P01,M00P01,S07P01,T01
1143,2016-08-19,5920,6090,5820,5870,589004,M05,P00M05,S01M05,T01
1144,2016-08-22,5900,5930,5790,5820,110988,M05,M00M05,S05M05,T01
1145,2016-08-23,5850,5850,5720,5790,107218,M01,M00M01,M10M01,T01
1146,2016-08-24,5760,5890,5760,5800,156966,P04,M00P04,M10P04,T01
1147,2016-08-25,5800,5980,5760,5950,231426,P05,P00P05,S00P05,D01
1148,2016-08-26,5900,5950,5790,5840,139608,M05,P00M05,P10M05,T01
1149,2016-08-29,5750,5840,5580,5600,225789,M05,M00M05,S06M05,T01
1150,2016-08-30,5570,5710,5550,5620,98006,P05,M00P05,M10P05,T01
1151,2016-08-31,5670,5720,5570,5650,155072,M05,P00M05,S00M05,T01
1152,2016-09-01,5610,5700,5580,5630,148823,K00,M00K00,S05K00,T01
1153,2016-09-02,5650,5660,5560,5630,169664,M05,K00M05,S08M05,T01
1154,2016-09-05,5670,5940,5640,5720,494218,P05,M00P05,S04P05,T01
1155,2016-09-06,5730,5740,5650,5680,79120,M05,P00M05,S01M05,U01
1156,2016-09-07,5700,5700,5600,5600,86855,M00,M00M00,S03M00,U01
1157,2016-09-08,5650,5650,5480,5540,119369,M01,M00M01,M10M01,T01
1158,2016-09-09,5530,5550,5420,5450,89602,M05,M00M05,M10M05,D01
1159,2016-09-12,5400,5500,5320,5390,63058,M05,M00M05,M10M05,D03
1160,2016-09-13,6030,6190,5430,5430,2721016,M03,M00M03,M10M03,U02
1161,2016-09-19,5450,5470,5150,5330,361747,M05,M00M05,M10M05,T01
1162,2016-09-20,5450,5680,5370,5400,1829236,M05,M00M05,M10M05,T01
1163,2016-09-21,5490,6030,5440,5650,3526526,P05,M00P05,M10P05,T01
1164,2016-09-22,5790,5830,5500,5500,1001896,M03,P00M03,S01M03,U02
1165,2016-09-23,5540,5630,5510,5530,380864,M05,M00M05,S03M05,U01
1166,2016-09-26,5520,5720,5490,5620,508411,P05,M00P05,M10P05,D01
1167,2016-09-27,5560,5640,5540,5620,246249,P05,P00P05,S02P05,D01
1168,2016-09-28,5610,5640,5560,5560,148987,M03,P00M03,P10M03,U01
1169,2016-09-29,5620,5660,5560,5600,161550,M05,M00M05,S07M05,T01
1170,2016-09-30,5620,5620,5530,5550,210976,M01,M00M01,M10M01,D01
1171,2016-10-04,5530,5590,5530,5590,142594,P00,M00P00,M10P00,T01
1172,2016-10-05,5570,5600,5520,5550,103550,M05,P00M05,S00M05,T01
1173,2016-10-06,5600,5600,5520,5560,126082,M01,M00M01,S06M01,U01
1174,2016-10-07,5530,5560,5460,5460,141828,M03,M00M03,S04M03,T01
1175,2016-10-10,5500,5510,5360,5390,141290,M05,M00M05,M10M05,T01
1176,2016-10-11,5380,5450,5350,5390,126160,K00,M00K00,M10K00,U01
1177,2016-10-12,5310,5390,5300,5350,190045,P05,K00P05,S08P05,D02
1178,2016-10-13,5350,5460,5290,5300,239819,M05,P00M05,P10M05,T01
1179,2016-10-14,5470,5720,5330,5330,1094391,M03,M00M03,S04M03,D01
1180,2016-10-17,5350,5380,5290,5290,118930,M03,M00M03,M10M03,T01
1181,2016-10-18,5240,5310,5160,5160,195913,M03,M00M03,M10M03,T01
1182,2016-10-19,5150,5300,5150,5180,144489,P04,M00P04,M10P04,U01
1183,2016-10-20,5160,5230,5150,5150,89278,M04,P00M04,S00M04,T01
1184,2016-10-21,5150,5210,5120,5140,83823,M05,M00M05,S04M05,T01
1185,2016-10-24,5140,5200,5110,5110,78302,M04,M00M04,S04M04,T01
1186,2016-10-25,5130,5260,5080,5080,189664,M04,M00M04,S04M04,U02
1187,2016-10-26,5140,5140,4960,5000,140031,M01,M00M01,M10M01,D01
1188,2016-10-27,5060,5070,4990,5070,53974,K01,M00K01,M10K01,D01
1189,2016-10-28,5070,5100,4970,4970,86342,M03,K00M03,S01M03,D01
1190,2016-10-31,4950,5010,4795,4805,163780,M05,M00M05,S07M05,D01
1191,2016-11-01,4790,4945,4790,4880,86263,P03,M00P03,M10P03,T01
1192,2016-11-02,4870,4880,4685,4705,151981,M05,P00M05,S00M05,D01
1193,2016-11-03,4510,4775,4510,4740,123121,P03,M00P03,S07P03,D01
1194,2016-11-04,4725,4780,4700,4730,57119,K00,P00K00,S00K00,D01
1195,2016-11-07,4740,4845,4735,4830,59880,P05,K00P05,P10P05,T01
1196,2016-11-08,4835,4870,4810,4850,59778,K00,P00K00,P10K00,U03
1197,2016-11-09,4885,4900,4530,4620,219242,M05,K00M05,P10M05,U01
1198,2016-11-10,4700,4790,4700,4770,82335,P03,M00P03,S07P03,U02
1199,2016-11-11,4795,4855,4715,4850,39585,P05,P00P05,S01P05,D01
1200,2016-11-14,4860,4950,4850,4860,66726,K02,P00K02,P10K02,U01
1201,2016-11-15,4860,4905,4850,4905,85329,P01,K00P01,P10P01,D01
1202,2016-11-16,4930,4955,4925,4930,39396,K02,P00K02,S04K02,U02
1203,2016-11-17,4960,4975,4900,4960,39384,K01,K00K01,P10K01,U01
1204,2016-11-18,4980,4980,4865,4880,53229,M01,K00M01,S04M01,U01
1205,2016-11-21,4880,4930,4820,4835,27113,M05,M00M05,S07M05,T01
1206,2016-11-22,4850,4945,4850,4915,72481,P03,M00P03,M10P03,U01
1207,2016-11-23,4895,4905,4865,4865,51835,M03,P00M03,S01M03,U01
1208,2016-11-24,4865,4880,4755,4755,67760,M03,M00M03,S06M03,U01
1209,2016-11-25,4755,4780,4695,4710,68583,M05,M00M05,M10M05,T01
1210,2016-11-28,4710,4750,4660,4660,54911,M03,M00M03,M10M03,U01
1211,2016-11-29,4690,4755,4615,4670,49002,M05,M00M05,M10M05,D01
1212,2016-11-30,4655,4700,4650,4685,12885,P05,M00P05,M10P05,T01
1213,2016-12-01,4685,4715,4670,4690,23714,K00,P00K00,S04K00,D02
1214,2016-12-02,4735,4745,4650,4650,53399,M03,K00M03,S04M03,D02
1215,2016-12-05,4625,4650,4540,4580,74936,M05,M00M05,S07M05,T01
1216,2016-12-06,4590,4640,4575,4590,44319,K02,M00K02,M10K02,U02
1217,2016-12-07,4620,4620,4540,4600,27095,M02,K00M02,S04M02,U01
1218,2016-12-08,4600,4655,4570,4600,70641,K00,M00K00,S04K00,U02
1219,2016-12-09,4620,4695,4615,4690,46673,P05,K00P05,S04P05,U01
1220,2016-12-12,4705,4785,4705,4750,50633,P03,P00P03,P10P03,U01
1221,2016-12-13,4720,4810,4720,4810,61574,P00,P00P00,P10P00,D01
1222,2016-12-14,4830,4845,4780,4805,44286,M05,P00M05,P10M05,U01
1223,2016-12-15,4805,4860,4795,4860,53632,P01,M00P01,S03P01,D01
1224,2016-12-16,4870,4955,4860,4905,110726,P05,P00P05,S02P05,U01
1225,2016-12-19,4905,4950,4890,4910,51010,K00,P00K00,P10K00,D01
1226,2016-12-20,4895,4940,4865,4875,49856,M05,K00M05,S04M05,U01
1227,2016-12-21,4860,4900,4850,4875,36713,K00,M00K00,S04K00,U01
1228,2016-12-22,4875,4890,4805,4860,41958,M05,K00M05,S04M05,T01
1229,2016-12-23,4805,4885,4805,4860,51571,P03,M00P03,S04P03,D01
1230,2016-12-26,4860,4890,4825,4825,30658,M03,P00M03,S08M03,D01
1231,2016-12-27,4825,4875,4820,4850,48190,P05,M00P05,S03P05,T01
1232,2016-12-28,4805,4850,4750,4830,28808,P05,P00P05,S04P05,U01
1233,2016-12-29,4835,4995,4825,4930,248593,P05,P00P05,S04P05,D01
1234,2017-01-02,4940,4940,4815,4850,85009,M01,P00M01,P10M01,D01
1235,2017-01-03,4920,4995,4885,4990,209863,P05,M00P05,S03P05,D01
1236,2017-01-04,5020,5030,4970,5010,134065,M05,P00M05,S01M05,U01
1237,2017-01-05,5010,5050,4950,5010,91451,K00,M00K00,S05K00,U01
1238,2017-01-06,5000,5040,4980,5020,83423,K00,K00K00,S04K00,T01
1239,2017-01-09,5020,5030,4965,4965,45346,M03,K00M03,S04M03,U01
1240,2017-01-10,4955,4970,4910,4935,67125,M05,M00M05,S07M05,T01
1241,2017-01-11,4935,4965,4910,4940,46725,K00,M00K00,M10K00,U01
1242,2017-01-12,4940,4945,4865,4880,76262,M05,K00M05,S04M05,T01
1243,2017-01-13,4935,4935,4790,4805,140621,M01,M00M01,S07M01,T01
1244,2017-01-16,4805,4835,4770,4770,76880,M03,M00M03,M10M03,T01
1245,2017-01-17,4830,4830,4765,4765,73730,M00,M00M00,M10M00,U01
1246,2017-01-18,4790,4790,4750,4780,55780,M02,M00M02,M10M02,D01
1247,2017-01-19,4795,4800,4735,4760,60192,M05,M00M05,M10M05,U01
1248,2017-01-20,4785,4785,4720,4720,57407,M00,M00M00,S04M00,T01
1249,2017-01-23,4745,4765,4700,4760,109850,K01,M00K01,M10K01,T01
1250,2017-01-24,4790,4960,4745,4785,260147,M05,K00M05,S01M05,T01
1251,2017-01-25,4800,4800,4735,4745,177393,M01,M00M01,S04M01,U01
1252,2017-01-26,4735,4785,4705,4760,37097,P05,M00P05,M10P05,U01
1253,2017-01-31,4725,4730,4640,4705,180921,M05,P00M05,S00M05,D01
1254,2017-02-01,4670,4730,4665,4680,145817,K02,M00K02,S07K02,T01
1255,2017-02-02,4675,4700,4650,4660,68796,M05,K00M05,S08M05,U01
1256,2017-02-03,4665,4740,4660,4670,68512,K02,M00K02,S04K02,T01
1257,2017-02-06,4675,4780,4675,4770,116049,P03,K00P03,S04P03,U01
1258,2017-02-07,4785,4875,4755,4850,141674,P05,P00P05,P10P05,T01
1259,2017-02-08,4845,4850,4770,4845,84164,K01,P00K01,P10K01,T01
1260,2017-02-09,4845,4850,4765,4845,81718,K01,K00K01,P10K01,T01
1261,2017-02-10,4840,4860,4765,4840,125040,K01,K00K01,S04K01,U01
1262,2017-02-13,4840,4840,4785,4795,39800,M01,K00M01,S04M01,U01
1263,2017-02-14,4780,4830,4780,4800,28782,K00,M00K00,S04K00,U01
1264,2017-02-15,4805,4825,4770,4805,39557,K00,K00K00,S00K00,U01
1265,2017-02-16,4805,4810,4760,4810,46434,K01,K00K01,S04K01,U01
1266,2017-02-17,4815,4815,4770,4815,48305,K01,K00K01,S04K01,T01
1267,2017-02-20,4830,4830,4790,4815,38700,M01,K00M01,S04M01,T01
1268,2017-02-21,4820,4820,4740,4750,154826,M01,M00M01,S04M01,U01
1269,2017-02-22,4735,4770,4650,4725,205013,M05,M00M05,M10M05,U01
1270,2017-02-23,4760,4775,4700,4705,53580,M05,M00M05,M10M05,T01
1271,2017-02-24,4705,4745,4700,4720,56572,K00,M00K00,M10K00,D01
1272,2017-02-27,4730,4760,4690,4755,75468,P05,K00P05,S00P05,T01
1273,2017-02-28,4780,4790,4740,4790,48129,K01,P00K01,P10K01,T01
1274,2017-03-02,4790,4800,4720,4750,45042,M05,K00M05,P10M05,U02
1275,2017-03-03,4750,4765,4640,4685,83094,M05,M00M05,S04M05,D01
1276,2017-03-06,4630,4700,4630,4685,49329,P03,M00P03,M10P03,T01
1277,2017-03-07,4660,4690,4655,4690,36574,P01,P00P01,S08P01,D01
1278,2017-03-08,4675,4710,4650,4670,69982,M05,P00M05,P10M05,T01
1279,2017-03-09,4655,4690,4655,4660,25601,K02,M00K02,S04K02,T01
1280,2017-03-10,4650,4690,4600,4690,100015,P01,K00P01,S04P01,T01
1281,2017-03-13,4675,4765,4660,4755,109813,P05,P00P05,S04P05,U01
1282,2017-03-14,4760,4820,4750,4800,191654,P05,P00P05,P10P05,T01
1283,2017-03-15,4795,4810,4750,4780,51215,M05,P00M05,P10M05,D01
1284,2017-03-16,4780,4820,4770,4800,48062,K00,M00K00,S04K00,U01
1285,2017-03-17,4800,4875,4785,4855,109546,P05,K00P05,S04P05,T01
1286,2017-03-20,4810,4855,4775,4785,118617,M05,P00M05,P10M05,T01
1287,2017-03-21,4785,4805,4770,4785,54726,K00,M00K00,S07K00,T01
1288,2017-03-22,4765,4810,4760,4810,47321,P01,K00P01,S04P01,D03
1289,2017-03-23,4825,5510,4815,4995,3371906,P05,P00P05,S04P05,U01
1290,2017-03-24,4970,5060,4910,4990,388116,K00,P00K00,P10K00,T01
1291,2017-03-27,4990,5040,4895,4975,319495,M05,K00M05,P10M05,T01
1292,2017-03-28,4940,5380,4915,5100,1651915,P05,M00P05,S04P05,T01
1293,2017-03-29,5030,5100,4980,5000,389571,M05,P00M05,S02M05,U01
1294,2017-03-30,4960,5040,4960,4990,107659,P03,M00P03,S06P03,U01
1295,2017-03-31,4985,5170,4930,5080,291487,P05,P00P05,S08P05,T01
1296,2017-04-03,5120,5210,5080,5140,351256,K00,P00K00,P10K00,T01
1297,2017-04-04,5140,5140,5000,5000,238993,M00,K00M00,P10M00,T01
1298,2017-04-05,4990,5090,4990,5070,82518,P03,M00P03,S07P03,T01
1299,2017-04-06,5040,5300,4990,5140,862991,P05,P00P05,S00P05,D01
1300,2017-04-07,5140,5160,5050,5110,224639,M05,P00M05,P10M05,T01
1301,2017-04-10,5100,5100,4910,4950,236166,M01,M00M01,S03M01,T01
1302,2017-04-11,4900,5000,4875,4965,133329,P05,M00P05,M10P05,T01
1303,2017-04-12,4965,4985,4865,4945,123671,M05,P00M05,S00M05,T01
1304,2017-04-13,4975,4975,4880,4970,90643,M02,M00M02,S03M02,D01
1305,2017-04-14,4970,4970,4895,4935,67087,M01,M00M01,S04M01,D01
1306,2017-04-17,4950,4970,4920,4970,44822,K01,M00K01,S04K01,D01
1307,2017-04-18,4955,4980,4930,4980,91878,P01,K00P01,S04P01,U01
1308,2017-04-19,4995,5010,4905,4955,70055,M05,P00M05,S04M05,T01
1309,2017-04-20,4980,4980,4890,4905,88440,M01,M00M01,S04M01,T01
1310,2017-04-21,4915,4960,4905,4950,55441,P05,M00P05,M10P05,U01
1311,2017-04-24,4950,4950,4895,4900,67601,M01,P00M01,S01M01,T01
1312,2017-04-25,4890,4930,4890,4905,49737,K00,M00K00,S07K00,U02
1313,2017-04-26,4910,4960,4910,4940,90413,P03,K00P03,S00P03,U01
1314,2017-04-27,4940,4975,4900,4950,77199,K00,P00K00,P10K00,T01
1315,2017-04-28,4915,5000,4905,4905,124627,M04,K00M04,S04M04,U01
1316,2017-05-02,4905,4940,4870,4910,63238,K00,M00K00,S04K00,U01
1317,2017-05-04,4910,4950,4900,4900,42765,M04,K00M04,S04M04,D01
1318,2017-05-08,4930,4935,4900,4930,62219,K01,M00K01,S04K01,U01
1319,2017-05-10,5100,5260,4990,5000,1552577,M05,K00M05,S04M05,T01
1320,2017-05-11,5060,5070,4975,5030,187082,M05,M00M05,S05M05,T01
1321,2017-05-12,5030,5060,4965,4965,157978,M03,M00M03,M10M03,T01
1322,2017-05-15,4990,5090,4955,5050,189906,P05,M00P05,M10P05,T01
1323,2017-05-16,5030,5150,5020,5060,217678,P05,P00P05,S01P05,U01
1324,2017-05-17,5100,5110,5020,5040,67030,M05,P00M05,P10M05,U01
1325,2017-05-18,4960,5030,4955,4980,154311,K00,M00K00,S03K00,D03
1326,2017-05-19,5060,5060,4980,5040,76114,M02,K00M02,S08M02,U01
1327,2017-05-22,5070,5100,5010,5070,95933,K00,M00K00,S05K00,U01
1328,2017-05-23,5070,5220,5050,5220,379330,P01,K00P01,S04P01,U01
1329,2017-05-24,5180,5200,5100,5140,183507,M05,P00M05,P10M05,T01
1330,2017-05-25,5130,5200,5110,5160,130978,P05,M00P05,S06P05,U01
1331,2017-05-26,5190,5210,5120,5200,139022,K01,P00K01,S04K01,U01
1332,2017-05-29,5160,5210,5090,5120,199124,M05,K00M05,P10M05,U01
1333,2017-05-30,5120,5250,5120,5220,185381,P03,M00P03,S07P03,T01
1334,2017-05-31,5260,5300,5190,5190,314557,M03,P00M03,S02M03,T01
1335,2017-06-01,5210,5220,5100,5130,168118,M05,M00M05,S03M05,T01
1336,2017-06-02,5190,5300,5090,5160,516655,M05,M00M05,M10M05,U01
1337,2017-06-05,5160,5170,5100,5150,101097,M05,M00M05,M10M05,U01
1338,2017-06-07,5140,5170,5110,5140,79277,K00,M00K00,S04K00,D01
1339,2017-06-08,5150,5170,5090,5100,87376,M05,K00M05,S04M05,U01
1340,2017-06-09,5130,5130,5030,5040,160422,M01,M00M01,S04M01,U01
1341,2017-06-12,5080,5100,5020,5040,99050,M05,M00M05,M10M05,D03
1342,2017-06-13,5030,5080,5020,5030,55727,K02,M00K02,M10K02,D01
1343,2017-06-14,5060,5230,5000,5170,356210,P05,K00P05,S04P05,U01
1344,2017-06-15,5170,5170,5050,5080,121190,M01,P00M01,P10M01,D01
1345,2017-06-16,5060,5120,5030,5100,57710,P05,M00P05,S03P05,D01
1346,2017-06-19,5080,5130,5080,5090,104684,K02,P00K02,S00K02,T01
1347,2017-06-20,5080,5190,5070,5080,289147,K02,K00K02,S04K02,U02
1348,2017-06-21,5100,5120,4970,4990,130071,M05,K00M05,S04M05,D01
1349,2017-06-22,4990,5100,4940,5010,53903,K00,M00K00,S07K00,U01
1350,2017-06-23,5070,5150,5000,5040,163540,M05,K00M05,S00M05,T01
1351,2017-06-26,5080,5080,4995,5000,49688,M01,M00M01,S05M01,U01
1352,2017-06-27,5020,5020,4945,4960,112295,M01,M00M01,M10M01,T01
1353,2017-06-28,4970,5000,4865,4875,204441,M05,M00M05,M10M05,D02
1354,2017-06-29,4900,4965,4860,4895,79229,M05,M00M05,M10M05,U02
1355,2017-06-30,4875,4925,4860,4900,57892,P05,M00P05,M10P05,D02
1356,2017-07-03,4865,4910,4865,4865,40755,K02,P00K02,S04K02,T01
1357,2017-07-04,4835,4890,4800,4820,86648,M05,K00M05,S04M05,T01
1358,2017-07-05,4815,4870,4815,4860,22016,P03,M00P03,S04P03,D01
1359,2017-07-06,4870,4900,4830,4865,24756,M05,P00M05,S04M05,U01
1360,2017-07-07,4865,4875,4840,4860,17392,M05,M00M05,S05M05,D02
1361,2017-07-10,4875,4875,4760,4810,79412,M01,M00M01,S04M01,U02
1362,2017-07-11,4840,4840,4750,4760,50501,M01,M00M01,M10M01,U01
1363,2017-07-12,4785,4785,4720,4720,55326,M00,M00M00,M10M00,T01
1364,2017-07-13,4720,4790,4695,4760,95633,P05,M00P05,M10P05,U02
1365,2017-07-14,4800,4800,4700,4770,43767,M02,P00M02,S00M02,T01
1366,2017-07-17,4770,4840,4720,4835,48167,P05,M00P05,S05P05,U01
1367,2017-07-18,4835,4835,4725,4735,77197,M01,P00M01,S02M01,T01
1368,2017-07-19,4750,4750,4695,4735,42484,M02,M00M02,S07M02,U01
1369,2017-07-20,4735,4755,4715,4735,29758,K00,M00K00,M10K00,U01
1370,2017-07-21,4710,4750,4710,4725,27712,K00,K00K00,S04K00,T01
1371,2017-07-24,4730,4740,4685,4700,46339,M05,K00M05,S04M05,T01
1372,2017-07-25,4710,4740,4695,4700,52959,M05,M00M05,S04M05,U01
1373,2017-07-26,4730,4735,4680,4710,61909,M05,M00M05,S04M05,T01
1374,2017-07-27,4740,4740,4695,4705,29420,M01,M00M01,S04M01,T01
1375,2017-07-28,4730,4730,4635,4635,66520,M00,M00M00,S04M00,D01
1376,2017-07-31,4585,4630,4555,4560,86082,M05,M00M05,M10M05,T01
1377,2017-08-01,4570,4620,4560,4605,33064,P05,M00P05,M10P05,D01
1378,2017-08-02,4605,4670,4600,4645,22483,P05,P00P05,S04P05,T01
1379,2017-08-03,4625,4685,4575,4615,29086,M05,P00M05,P10M05,T01
1380,2017-08-04,4585,4645,4575,4620,43994,P05,M00P05,S04P05,D01
1381,2017-08-07,4605,4670,4605,4655,39376,P03,P00P03,S04P03,T01
1382,2017-08-08,4640,4675,4625,4670,28964,P05,P00P05,P10P05,U01
1383,2017-08-09,4640,4680,4635,4670,35495,P05,P00P05,P10P05,T01
1384,2017-08-10,4610,4645,4445,4580,69197,M05,P00M05,S04M05,T01
1385,2017-08-11,4500,4680,4500,4540,56996,P04,M00P04,S07P04,D03
1386,2017-08-14,4545,4655,4510,4630,105756,P05,P00P05,S08P05,U01
1387,2017-08-16,4660,4675,4600,4610,57038,M05,P00M05,P10M05,T01
1388,2017-08-17,4615,4675,4615,4670,33570,P03,M00P03,S03P03,T01
1389,2017-08-18,4640,4700,4635,4700,51143,P01,P00P01,S01P01,D03
1390,2017-08-21,4675,4715,4635,4685,53304,K00,P00K00,P10K00,T01
1391,2017-08-22,4650,4695,4650,4690,28712,P03,K00P03,P10P03,T01
1392,2017-08-23,4685,4705,4645,4670,33454,M05,P00M05,S04M05,U02
1393,2017-08-24,4650,4690,4650,4670,27398,K00,M00K00,S04K00,D01
1394,2017-08-25,4650,4690,4645,4675,21999,P05,K00P05,S04P05,T01
1395,2017-08-28,4665,4720,4665,4705,42880,P03,P00P03,S04P03,T01
1396,2017-08-29,4670,4705,4660,4700,44253,P05,P00P05,P10P05,T01
1397,2017-08-30,4700,4745,4690,4725,35196,P05,P00P05,S04P05,T01
1398,2017-08-31,4705,4780,4685,4775,54330,P05,P00P05,P10P05,U02
1399,2017-09-01,4775,5000,4760,4990,521558,P05,P00P05,P10P05,U01
1400,2017-09-04,4850,4940,4810,4885,242721,P05,P00P05,P10P05,U01
1401,2017-09-05,4945,4945,4835,4915,164970,M02,P00M02,P10M02,T01
1402,2017-09-06,4920,4920,4765,4780,150840,M01,M00M01,S05M01,D01
1403,2017-09-07,4750,4795,4695,4705,154254,M05,M00M05,M10M05,T01
1404,2017-09-08,4715,4730,4635,4635,125597,M03,M00M03,M10M03,T01
1405,2017-09-11,4635,4695,4600,4635,54391,K00,M00K00,M10K00,D01
1406,2017-09-12,4650,4685,4625,4670,29579,K00,K00K00,M10K00,U02
1407,2017-09-13,4690,4695,4600,4620,79741,M05,K00M05,S04M05,U01
1408,2017-09-14,4665,4675,4600,4650,60126,M05,M00M05,S07M05,T01
1409,2017-09-15,4615,4660,4590,4650,34443,P05,M00P05,M10P05,D01
1410,2017-09-18,4650,4650,4575,4615,40059,M01,P00M01,S08M01,T01
1411,2017-09-19,4640,4640,4605,4615,28106,M01,M00M01,S04M01,T01
1412,2017-09-20,4640,4640,4595,4600,42309,M01,M00M01,S04M01,T01
1413,2017-09-21,4590,4640,4570,4580,40208,M05,M00M05,S04M05,T01
1414,2017-09-22,4600,4600,4505,4545,76744,M01,M00M01,M10M01,D01
1415,2017-09-25,4505,4560,4420,4425,104237,M05,M00M05,M10M05,T01
1416,2017-09-26,4425,4425,4330,4380,78046,M01,M00M01,M10M01,D01
1417,2017-09-27,4330,4430,4330,4415,66489,P03,M00P03,M10P03,T01
1418,2017-09-28,4700,4780,4470,4470,180108,M03,P00M03,S00M03,U02
1419,2017-09-29,4525,4565,4470,4565,31328,P01,M00P01,S05P01,T01
1420,2017-10-10,4575,4595,4520,4525,26758,M05,P00M05,S01M05,T01
1421,2017-10-11,4505,4560,4505,4550,21775,P03,M00P03,S07P03,T01
1422,2017-10-12,4570,4570,4540,4565,22524,M02,P00M02,S00M02,T01
1423,2017-10-13,4570,4575,4470,4525,22947,M05,M00M05,S05M05,T01
1424,2017-10-16,4560,4565,4440,4480,40147,M05,M00M05,S04M05,T01
1425,2017-10-17,4475,4570,4375,4445,59888,M05,M00M05,M10M05,T01
1426,2017-10-18,4445,4470,4405,4405,33310,M03,M00M03,M10M03,T01
1427,2017-10-19,4445,4465,4380,4445,82424,K01,M00K01,M10K01,T01
1428,2017-10-20,4470,4470,4425,4460,14854,M02,K00M02,S04M02,T01
1429,2017-10-23,4495,4495,4415,4420,26955,M01,M00M01,S04M01,U01
1430,2017-10-24,4460,4470,4400,4430,34310,M05,M00M05,M10M05,D01
1431,2017-10-25,4430,4450,4410,4430,27310,K00,M00K00,M10K00,T01
1432,2017-10-26,4460,4490,4415,4455,23926,M05,K00M05,S04M05,D01
1433,2017-10-27,4470,4535,4420,4520,42728,P05,M00P05,S04P05,T01
1434,2017-10-30,4540,4570,4490,4570,45590,P01,P00P01,S01P01,U03
1435,2017-10-31,4565,4590,4530,4575,42113,K00,P00K00,P10K00,T01
1436,2017-11-01,4575,4580,4530,4560,21982,M05,K00M05,S04M05,U01
1437,2017-11-02,4570,4570,4500,4540,14035,M01,M00M01,S04M01,T01
1438,2017-11-03,4560,4560,4455,4520,41104,M01,M00M01,S04M01,T01
1439,2017-11-06,4480,4520,4420,4450,39378,M05,M00M05,M10M05,U01
1440,2017-11-07,4480,4510,4400,4435,89595,M05,M00M05,M10M05,U01
1441,2017-11-08,4425,4470,4420,4455,39671,P05,M00P05,M10P05,T01
1442,2017-11-09,4435,4480,4395,4425,88579,M05,P00M05,S00M05,U01
1443,2017-11-10,4430,4555,4410,4545,89931,P05,M00P05,S04P05,D01
1444,2017-11-13,4560,4585,4530,4585,52055,P01,P00P01,S01P01,T01
1445,2017-11-14,4550,4690,4550,4655,134839,P03,P00P03,P10P03,T01
1446,2017-11-15,4625,5020,4590,4750,1581268,P05,P00P05,P10P05,T01
1447,2017-11-16,4830,4830,4605,4615,496454,M01,P00M01,P10M01,D01
1448,2017-11-17,4620,4665,4605,4615,106759,M05,M00M05,S07M05,U02
1449,2017-11-20,4615,4695,4595,4620,88487,K00,M00K00,M10K00,T01
1450,2017-11-21,4600,4650,4570,4590,86493,M05,K00M05,S04M05,T01
1451,2017-11-22,4620,4620,4545,4570,87925,M01,M00M01,S04M01,U02
1452,2017-11-23,4580,4585,4540,4565,50712,M05,M00M05,M10M05,U02
1453,2017-11-24,4570,4645,4540,4635,48581,P05,M00P05,M10P05,T01
1454,2017-11-27,4655,4700,4590,4655,51487,K00,P00K00,S01K00,U01
1455,2017-11-28,4655,4675,4610,4670,53353,K01,K00K01,P10K01,T01
1456,2017-11-29,4670,4690,4625,4655,45542,M05,K00M05,S04M05,U01
1457,2017-11-30,4675,4675,4595,4620,13172,M01,M00M01,S04M01,D02
1458,2017-12-01,4675,4675,4595,4615,77855,M01,M00M01,M10M01,U01
1459,2017-12-04,4615,4625,4575,4575,33206,M03,M00M03,M10M03,D01
1460,2017-12-05,4575,4610,4555,4595,38918,K00,M00K00,M10K00,D02
1461,2017-12-06,4600,4600,4565,4570,62740,M01,K00M01,S04M01,T01
1462,2017-12-07,4570,4570,4470,4540,80378,M02,M00M02,S04M02,T01
1463,2017-12-08,4540,4550,4450,4520,75558,M05,M00M05,M10M05,U01
1464,2017-12-11,4520,4520,4460,4465,85354,M01,M00M01,M10M01,U01
1465,2017-12-12,4485,4530,4420,4480,51717,M05,M00M05,M10M05,U01
1466,2017-12-13,4445,4530,4445,4470,31496,P04,M00P04,M10P04,T01
1467,2017-12-14,4470,4530,4455,4470,32688,K02,P00K02,S04K02,T01
1468,2017-12-15,4490,4765,4425,4520,476915,P05,K00P05,S04P05,T01
1469,2017-12-18,4520,4550,4485,4535,60161,K01,P00K01,P10K01,U02
1470,2017-12-19,4550,4565,4445,4445,82425,M03,K00M03,S04M03,U01
1471,2017-12-20,4445,4490,4400,4430,52823,M05,M00M05,S07M05,D01
1472,2017-12-21,4475,4485,4390,4405,65965,M05,M00M05,M10M05,T01
1473,2017-12-22,4385,4415,4380,4380,30741,M04,M00M04,M10M04,T01
1474,2017-12-26,4380,4430,4380,4420,28860,P03,M00P03,M10P03,T01
1475,2017-12-27,4355,4425,4355,4415,27045,P03,P00P03,S04P03,D01
1476,2017-12-28,4430,4430,4340,4395,49031,M01,P00M01,P10M01,T01
1477,2018-01-02,4380,4430,4350,4405,62202,P05,M00P05,S03P05,D01
1478,2018-01-03,4405,4410,4350,4385,72423,M05,P00M05,S00M05,U02
1479,2018-01-04,4370,4385,4345,4355,50275,M05,M00M05,S04M05,U01
1480,2018-01-05,4360,4380,4325,4350,41752,M05,M00M05,M10M05,T01
1481,2018-01-08,4345,4350,4290,4295,104951,M05,M00M05,S04M05,U01
1482,2018-01-09,4275,4325,4240,4305,62259,P05,M00P05,M10P05,T01
1483,2018-01-10,4285,4390,4285,4315,62990,P04,P00P04,S00P04,T01
1484,2018-01-11,4335,4355,4300,4335,68880,K00,P00K00,S04K00,T01
1485,2018-01-12,4350,4350,4275,4330,38781,M02,K00M02,P10M02,U01
1486,2018-01-15,4340,4340,4275,4305,37506,M01,M00M01,S04M01,U01
1487,2018-01-16,4305,4315,4240,4280,45710,M05,M00M05,M10M05,U01
1488,2018-01-17,4280,4310,4250,4305,90490,P05,M00P05,M10P05,D01
1489,2018-01-18,4285,4425,4285,4420,117217,P03,P00P03,S04P03,U02
1490,2018-01-19,4420,4430,4370,4425,37299,K01,P00K01,P10K01,T01
1491,2018-01-22,4425,4425,4380,4390,34866,M01,K00M01,P10M01,U01
1492,2018-01-23,4430,4445,4370,4405,51249,M05,M00M05,S04M05,U01
1493,2018-01-24,4425,4435,4380,4410,29104,M05,M00M05,S04M05,U01
1494,2018-01-25,4440,4525,4420,4520,128209,P05,M00P05,S04P05,D01
1495,2018-01-26,4550,4570,4520,4570,48744,K01,P00K01,S01K01,T01
1496,2018-01-29,4550,4600,4540,4570,63487,K00,K00K00,P10K00,U02
1497,2018-01-30,4595,4595,4510,4555,29544,M01,K00M01,S04M01,D01
1498,2018-01-31,4560,4560,4460,4530,62567,M02,M00M02,S04M02,D01
1499,2018-02-01,4530,4545,4460,4495,37117,M05,M00M05,M10M05,T01
1500,2018-02-02,4520,4520,4410,4440,61094,M01,M00M01,M10M01,D01
1501,2018-02-05,4400,4440,4345,4365,50507,M05,M00M05,M10M05,D03
1502,2018-02-06,4230,4320,4200,4300,132333,P05,M00P05,M10P05,D04
1503,2018-02-07,4325,4335,4205,4300,64591,M05,P00M05,S08M05,U03
1504,2018-02-08,4300,4350,4270,4320,36111,K00,M00K00,S03K00,D01
1505,2018-02-09,4270,4300,4220,4295,72955,P05,K00P05,S04P05,D04
1506,2018-02-12,4310,4310,4235,4285,54473,M02,P00M02,P10M02,U02
1507,2018-02-13,4300,4300,4240,4285,34519,M02,M00M02,S04M02,U02
1508,2018-02-14,4260,4285,4250,4280,20725,K01,M00K01,S04K01,U01
1509,2018-02-19,4255,4290,4255,4285,30225,P03,K00P03,S04P03,U01
1510,2018-02-20,4290,4360,4285,4345,69287,P05,P00P05,S04P05,T01
1511,2018-02-21,4320,4415,4300,4375,60964,P05,P00P05,P10P05,T01
1512,2018-02-22,4375,4395,4320,4375,45216,K00,P00K00,P10K00,T01
1513,2018-02-23,4385,4565,4320,4415,347398,P05,K00P05,P10P05,T01
1514,2018-02-26,4415,4450,4325,4385,60589,M05,P00M05,S04M05,U03
1515,2018-02-27,4405,4405,4300,4350,59962,M01,M00M01,S04M01,U02
1516,2018-02-28,4320,4350,4280,4310,56099,M05,M00M05,M10M05,D02
1517,2018-03-02,4290,4310,4250,4285,62199,M05,M00M05,M10M05,D02
1518,2018-03-05,4285,4310,4270,4285,46954,K00,M00K00,S04K00,U02
1519,2018-03-06,4270,4310,4250,4295,51119,P05,K00P05,S04P05,U02
1520,2018-03-07,4295,4405,4265,4300,87767,K00,P00K00,S04K00,U01
1521,2018-03-08,4325,4325,4260,4295,45066,M01,K00M01,S04M01,U01
1522,2018-03-09,4295,4415,4275,4370,95315,P05,M00P05,S04P05,U01
1523,2018-03-12,4400,4500,4390,4445,105025,P05,P00P05,S02P05,U03
1524,2018-03-13,4460,4550,4390,4415,176243,M05,P00M05,P10M05,U01
1525,2018-03-14,4415,4450,4375,4415,69385,K00,M00K00,S03K00,D02
1526,2018-03-15,4415,4415,4320,4335,71409,M01,K00M01,M10M01,T01
1527,2018-03-16,4350,4350,4300,4335,31703,M02,M00M02,S07M02,T01
1528,2018-03-19,4335,4435,4325,4390,114643,P05,M00P05,M10P05,T01
1529,2018-03-20,4390,4390,4335,4390,30389,K01,P00K01,S02K01,D03
1530,2018-03-21,4585,4970,4440,4445,3370801,M05,K00M05,P10M05,T01
1531,2018-03-22,4505,4595,4445,4470,354182,M05,M00M05,S05M05,T01
1532,2018-03-23,4420,4700,4395,4625,856390,P05,M00P05,M10P05,D03
1533,2018-03-26,4590,4730,4570,4665,456783,P05,P00P05,S02P05,D03
1534,2018-03-27,4670,4895,4625,4715,850128,P05,P00P05,P10P05,U04
1535,2018-03-28,4650,4755,4635,4710,211762,P05,P00P05,P10P05,D04
1536,2018-03-29,4710,4765,4660,4725,149408,K00,P00K00,P10K00,D01
1537,2018-03-30,4800,4910,4765,4840,503445,P05,K00P05,P10P05,D01
1538,2018-04-02,4840,4865,4660,4700,194581,M05,P00M05,P10M05,U02
1539,2018-04-03,4645,4715,4550,4630,215840,M05,M00M05,S07M05,D03
1540,2018-04-04,4650,4685,4615,4640,166584,M05,M00M05,M10M05,U02
1541,2018-04-05,4680,4970,4680,4860,821167,P03,M00P03,S04P03,U02
1542,2018-04-06,4930,4930,4730,4810,233097,M01,P00M01,S01M01,U01
1543,2018-04-09,4845,4850,4695,4730,158627,M05,M00M05,S03M05,D03
1544,2018-04-10,4695,4730,4600,4700,135082,K01,M00K01,M10K01,U01
1545,2018-04-11,4740,4740,4625,4685,78330,M01,K00M01,S08M01,U03
1546,2018-04-12,4710,4710,4625,4650,81401,M01,M00M01,S07M01,D01
1547,2018-04-13,4680,4725,4650,4715,184150,P05,M00P05,M10P05,U02
1548,2018-04-16,4725,4775,4710,4765,109473,P05,P00P05,S01P05,D01
1549,2018-04-17,4800,4800,4705,4725,97155,M01,P00M01,P10M01,U01
1550,2018-04-18,4740,4900,4730,4850,357221,P05,M00P05,S07P05,U03
1551,2018-04-19,4900,5100,4860,5050,1223235,P05,P00P05,S01P05,T01
1552,2018-04-20,5050,5110,4970,5030,456260,M05,P00M05,P10M05,D01
1553,2018-04-23,5070,5240,5000,5020,993167,M05,M00M05,S03M05,D02
1554,2018-04-24,5070,5070,4885,4940,243595,M01,M00M01,S04M01,T01
1555,2018-04-25,4935,5040,4905,4980,162937,P05,M00P05,M10P05,D03
1556,2018-04-26,4935,5150,4930,5130,257193,P05,P00P05,S00P05,T01
1557,2018-04-27,5190,5190,4985,5070,154691,M01,P00M01,P10M01,U02
1558,2018-04-30,5170,5430,5070,5240,1265834,P05,M00P05,S03P05,T01
1559,2018-05-02,5340,5600,5180,5300,888351,M05,P00M05,S01M05,U01
1560,2018-05-03,5550,5850,5310,5350,948681,M05,M00M05,S05M05,D01
1561,2018-05-04,5630,5640,5440,5510,517715,M05,M00M05,M10M05,T01
1562,2018-05-08,5480,5550,5220,5260,315567,M05,M00M05,M10M05,U01
1563,2018-05-09,5230,5330,5030,5140,520362,M05,M00M05,M10M05,T01
1564,2018-05-10,5190,5400,5140,5260,267392,P05,M00P05,M10P05,U02
1565,2018-05-11,5310,5340,5170,5260,242205,M05,P00M05,S01M05,U01
1566,2018-05-14,5260,5440,5240,5440,442338,P01,M00P01,S03P01,T01
1567,2018-05-15,5490,5500,5260,5340,247391,M05,P00M05,S02M05,T01
1568,2018-05-16,5090,5160,4970,4970,630365,M03,M00M03,S03M03,D01
1569,2018-05-17,4915,5130,4915,4995,208321,P03,M00P03,M10P03,U01
1570,2018-05-18,5020,5160,4920,5100,258744,P05,P00P05,S00P05,T01
1571,2018-05-21,5050,5100,4990,5050,86458,K00,P00K00,P10K00,D01
1572,2018-05-23,5010,5060,4890,4945,102653,M05,K00M05,P10M05,T01
1573,2018-05-24,4970,5030,4780,4855,175361,M05,M00M05,S07M05,U01
1574,2018-05-25,4700,4785,4600,4620,334277,M05,M00M05,M10M05,T01
1575,2018-05-28,4830,5050,4800,4935,465399,P05,M00P05,M10P05,T01
1576,2018-05-29,4930,4930,4790,4800,185521,M01,P00M01,S01M01,T01
1577,2018-05-30,4760,4810,4700,4800,99397,P05,M00P05,S07P05,D01
1578,2018-05-31,4875,4940,4775,4820,124233,M05,P00M05,S08M05,U01
1579,2018-06-01,4920,4930,4770,4770,146364,M03,M00M03,S05M03,T01
1580,2018-06-04,4820,4870,4755,4760,93936,M05,M00M05,M10M05,U02
1581,2018-06-05,4805,4880,4720,4815,115803,K00,M00K00,M10K00,U01
1582,2018-06-07,4815,5210,4815,5000,693820,P03,K00P03,S01P03,U01
1583,2018-06-08,4995,4995,4840,4900,185833,M01,P00M01,P10M01,D01
1584,2018-06-11,4900,4975,4830,4910,110471,K00,M00K00,S06K00,T01
1585,2018-06-12,4950,4950,4825,4845,104830,M01,K00M01,S00M01,T01
1586,2018-06-14,4850,4890,4655,4680,137877,M05,M00M05,S07M05,T01
1587,2018-06-15,4700,4755,4600,4735,84289,P05,M00P05,M10P05,U01
1588,2018-06-18,4720,4755,4645,4695,95250,M05,P00M05,S01M05,T01
1589,2018-06-19,4670,4830,4545,4560,203110,M05,M00M05,S04M05,T01
1590,2018-06-20,4590,4895,4565,4865,210152,P05,M00P05,M10P05,T01
1591,2018-06-21,4865,4865,4715,4765,125348,M01,P00M01,S01M01,U01
1592,2018-06-22,4750,5990,4750,5490,18044804,P13,M00P13,S03P13,D01
1593,2018-06-25,5420,6060,5340,5640,4067229,P05,P10P05,S02P05,T01
1594,2018-06-26,5550,5870,5420,5580,1661935,P05,P00P05,P10P05,D03
1595,2018-06-27,5610,5710,5100,5100,1778472,M03,P00M03,P10M03,U01
1596,2018-06-28,5010,5120,4695,4700,1284672,M05,M00M05,S07M05,D02
1597,2018-06-29,4705,4770,4455,4605,987350,M05,M00M05,M10M05,U01
1598,2018-07-02,4615,4630,4310,4320,470589,M05,M00M05,M10M05,T01
1599,2018-07-03,4330,4450,4215,4450,500052,P01,M00P01,M10P01,U01
1600,2018-07-04,4370,4460,4320,4320,195233,M03,P00M03,S01M03,U01
1601,2018-07-05,4320,4345,4125,4180,321852,M05,M00M05,S07M05,D01
1602,2018-07-06,4185,4295,4135,4240,207952,P05,M00P05,M10P05,U02
1603,2018-07-09,4200,4230,4135,4150,206328,M05,P00M05,S01M05,U02
1604,2018-07-10,4205,4280,4150,4235,169355,P05,M00P05,S07P05,U01
1605,2018-07-11,4250,4345,4175,4290,190797,P05,P00P05,S01P05,T01
1606,2018-07-12,4300,4315,4210,4290,191076,M05,P00M05,P10M05,D01
1607,2018-07-13,4275,4345,4220,4270,178092,M05,M00M05,S03M05,U02
1608,2018-07-16,4310,4315,4230,4230,108699,M03,M00M03,S04M03,T01
1609,2018-07-17,4200,4260,4185,4250,109029,P05,M00P05,M10P05,T01
1610,2018-07-18,4310,4740,4265,4275,1752680,M05,P00M05,S00M05,U01
1611,2018-07-19,4290,4345,4245,4300,165602,K00,M00K00,S05K00,T01
1612,2018-07-20,4265,4325,4195,4215,136515,M05,K00M05,S04M05,D01
1613,2018-07-23,4215,4260,4080,4085,163402,M05,M00M05,S07M05,T01
1614,2018-07-24,4085,4280,4005,4215,228510,P05,M00P05,M10P05,T01
1615,2018-07-25,4225,4255,4180,4220,99149,M05,P00M05,S02M05,T01
1616,2018-07-26,4200,4320,4175,4280,131970,P05,M00P05,S05P05,U02
1617,2018-07-27,4280,4365,4250,4300,100162,K00,P00K00,S02K00,D02
1618,2018-07-30,4300,4345,4250,4285,86001,M05,K00M05,P10M05,D02
1619,2018-07-31,4285,4340,4245,4280,62190,M05,M00M05,S04M05,D02
1620,2018-08-01,4290,4380,4255,4320,66606,P05,M00P05,S04P05,U01
1621,2018-08-02,4340,4390,4275,4325,50811,M05,P00M05,S04M05,U01
1622,2018-08-03,4320,4375,4290,4355,72453,P05,M00P05,S05P05,U02
1623,2018-08-06,4345,4390,4325,4375,87641,P05,P00P05,S04P05,T01
1624,2018-08-07,4360,4395,4345,4380,85561,K00,P00K00,P10K00,U01
1625,2018-08-08,4400,4400,4345,4365,54537,M01,K00M01,S04M01,U01
1626,2018-08-09,4365,4370,4270,4325,100047,M05,M00M05,S04M05,T01
1627,2018-08-10,4370,4375,4315,4345,76973,M05,M00M05,M10M05,T01
1628,2018-08-13,4345,4560,4225,4225,233254,M03,M00M03,M10M03,D01
1629,2018-08-14,4250,4310,4215,4310,73851,P01,M00P01,M10P01,T01
1630,2018-08-16,4345,4405,4260,4405,99620,P01,P00P01,S01P01,D02
1631,2018-08-17,4425,4480,4370,4380,60397,M05,P00M05,P10M05,U01
1632,2018-08-20,4380,4450,4370,4405,59910,P05,M00P05,S03P05,T01
1633,2018-08-21,4375,4420,4320,4370,59813,M05,P00M05,S00M05,T01
1634,2018-08-22,4370,4380,4310,4335,66639,M05,M00M05,S04M05,U01
1635,2018-08-23,4360,4425,4300,4375,70329,K00,M00K00,S04K00,U01
1636,2018-08-24,4395,4395,4325,4340,60708,M01,K00M01,S04M01,T01
1637,2018-08-27,4340,4385,4200,4265,137909,M05,M00M05,S07M05,U01
1638,2018-08-28,4310,4330,4220,4280,78854,M05,M00M05,M10M05,U01
1639,2018-08-29,4300,4300,4225,4270,27098,M01,M00M01,M10M01,T01
1640,2018-08-30,4270,4300,4210,4260,66057,M05,M00M05,S04M05,U01
1641,2018-08-31,4260,4300,4210,4245,66340,M05,M00M05,S04M05,T01
1642,2018-09-03,4260,4320,4220,4280,70720,K00,M00K00,S04K00,T01
1643,2018-09-04,4280,4380,4275,4350,108186,P05,K00P05,S04P05,T01
1644,2018-09-05,4350,4390,4295,4305,72911,M05,P00M05,P10M05,T01
1645,2018-09-06,4300,4365,4295,4340,91604,P05,M00P05,S03P05,D02
1646,2018-09-07,4345,4555,4305,4555,586853,P01,P00P01,S00P01,D01
1647,2018-09-10,4555,4615,4485,4595,225590,P05,P00P05,P10P05,T01
1648,2018-09-11,4605,4650,4495,4555,176487,M05,P00M05,P10M05,T01
1649,2018-09-12,4550,4580,4450,4480,146153,M05,M00M05,S07M05,U01
1650,2018-09-13,4480,4540,4460,4490,107217,K00,M00K00,M10K00,T01
1651,2018-09-14,4490,4520,4435,4460,85742,M05,K00M05,S00M05,U01
1652,2018-09-17,4415,4455,4370,4415,122490,K00,M00K00,S04K00,T01
1653,2018-09-18,4370,4410,4355,4400,75011,P05,K00P05,M10P05,D02
1654,2018-09-19,4400,4440,4275,4370,141220,M05,P00M05,P10M05,U01
1655,2018-09-20,4370,4430,4315,4315,122199,M03,M00M03,S04M03,T01
1656,2018-09-21,4315,4400,4315,4370,50506,P03,M00P03,M10P03,U01
1657,2018-09-27,4340,4395,4305,4345,90907,K00,P00K00,S02K00,T01
1658,2018-09-28,4305,4345,4295,4305,84393,K02,K00K02,P10K02,U01
1659,2018-10-01,4330,4330,4230,4245,75715,M01,K00M01,S04M01,T01
1660,2018-10-02,4230,4275,4220,4245,83469,K00,M00K00,S07K00,T01
1661,2018-10-04,4245,4275,4185,4220,82483,M05,K00M05,S08M05,U01
1662,2018-10-05,4180,4270,4130,4205,70651,P05,M00P05,S04P05,D03
1663,2018-10-08,4165,4205,4160,4170,42186,K02,P00K02,S08K02,D02
1664,2018-10-10,4170,4380,3985,4010,147653,M05,K00M05,S04M05,T01
1665,2018-10-11,3725,3895,3650,3675,464317,M05,M00M05,S07M05,D04
1666,2018-10-12,3675,3795,3650,3755,82605,P05,M00P05,M10P05,D02
1667,2018-10-15,3770,3785,3670,3685,61009,M05,P00M05,S02M05,U03
1668,2018-10-16,3685,3735,3665,3725,42449,P05,M00P05,S03P05,D01
1669,2018-10-17,3745,3890,3740,3785,108838,P05,P00P05,S00P05,U04
1670,2018-10-18,3850,3850,3755,3780,52127,M01,P00M01,P10M01,T01
1671,2018-10-19,3805,3815,3725,3760,86553,M05,M00M05,S03M05,D03
1672,2018-10-22,3720,3775,3660,3720,60566,K00,M00K00,M10K00,D01
1673,2018-10-23,3750,3750,3505,3505,102549,M00,K00M00,M10M00,T01
1674,2018-10-24,3550,3580,3255,3270,289023,M05,M00M05,S07M05,D01
1675,2018-10-25,3200,3225,3105,3180,105520,M05,M00M05,M10M05,D04
1676,2018-10-26,3230,3330,3115,3250,114271,P05,M00P05,M10P05,U04
1677,2018-10-29,3165,3300,2950,2995,215472,M05,P00M05,S01M05,D03
1678,2018-10-30,2810,3150,2810,3135,155922,P13,M00P13,S07P13,D02
1679,2018-10-31,3135,3175,3095,3160,57776,P05,P10P05,S00P05,U02
1680,2018-11-01,3175,3265,3175,3190,54255,K02,P00K02,P10K02,U03
1681,2018-11-02,3210,3315,3210,3295,65337,P03,K00P03,P10P03,U03
1682,2018-11-05,3300,3320,3220,3255,64258,M05,P00M05,P10M05,D02
1683,2018-11-06,3240,3610,3240,3410,864019,P03,M00P03,S03P03,D01
1684,2018-11-07,3405,3540,3300,3345,247928,M05,P00M05,S02M05,U01
1685,2018-11-08,3380,3470,3355,3390,92386,K00,M00K00,S06K00,U03
1686,2018-11-09,3355,3405,3320,3340,153948,M05,K00M05,S01M05,D01
1687,2018-11-12,3340,3465,3330,3355,125235,K02,M00K02,S07K02,D02
1688,2018-11-13,3300,3375,3280,3355,68226,P05,K00P05,S04P05,D03
1689,2018-11-14,3355,3455,3325,3400,83824,P05,P00P05,P10P05,T01
1690,2018-11-15,3400,3405,3280,3325,73474,M05,P00M05,P10M05,D01
1691,2018-11-16,3325,3380,3300,3340,59538,K00,M00K00,S07K00,U03
1692,2018-11-19,3340,3410,3320,3395,43166,P05,K00P05,S00P05,T01
1693,2018-11-20,3340,3395,3310,3320,38651,M05,P00M05,P10M05,D04
1694,2018-11-21,3305,3350,3260,3330,57178,P05,M00P05,S07P05,D03
1695,2018-11-22,3360,3360,3290,3305,36078,M01,P00M01,S00M01,D03
1696,2018-11-23,3345,3345,3235,3280,39107,M01,M00M01,S07M01,U01
1697,2018-11-26,3240,3370,3240,3335,51548,P03,M00P03,M10P03,D01
1698,2018-11-27,3335,3370,3295,3320,29442,M05,P00M05,S00M05,U03
1699,2018-11-28,3350,3350,3290,3310,40716,M01,M00M01,S03M01,T01
1700,2018-11-29,3320,3430,3320,3385,73195,P03,M00P03,M10P03,U04
1701,2018-11-30,3420,3625,3400,3430,229399,K02,P00K02,S01K02,T01
1702,2018-12-03,3435,3505,3430,3500,91068,P05,K00P05,P10P05,U01
1703,2018-12-04,3500,3530,3465,3515,85244,K01,P00K01,P10K01,U02
1704,2018-12-05,3500,3630,3455,3575,84068,P05,K00P05,P10P05,U02
1705,2018-12-06,3575,3610,3450,3500,114240,M05,P00M05,P10M05,D04
1706,2018-12-07,3500,3580,3465,3500,60116,K00,M00K00,S07K00,U01
1707,2018-12-10,3495,3495,3405,3455,54453,M01,K00M01,M10M01,D04
1708,2018-12-11,3470,3495,3345,3375,94534,M05,M00M05,S07M05,U01
1709,2018-12-12,3350,3435,3340,3420,35516,P05,M00P05,M10P05,T01
1710,2018-12-13,3410,3495,3385,3445,35631,P05,P00P05,S00P05,U01
1711,2018-12-14,3550,3555,3390,3395,39674,M05,P00M05,P10M05,D01
1712,2018-12-17,3455,3455,3355,3390,28622,M01,M00M01,S07M01,D03
1713,2018-12-18,3390,3455,3330,3425,56921,P05,M00P05,M10P05,D03
1714,2018-12-19,3430,3485,3365,3370,27376,M05,P00M05,S00M05,U01
1715,2018-12-20,3325,3395,3315,3325,45520,K02,M00K02,S07K02,D03
1716,2018-12-21,3310,3390,3310,3335,30961,P04,K00P04,M10P04,D02
1717,2018-12-24,3335,3390,3260,3265,35454,M05,P00M05,S04M05,D04
1718,2018-12-26,3250,3250,3135,3140,97798,M01,M00M01,S07M01,D03
1719,2018-12-27,3145,3225,3145,3170,44239,P04,M00P04,M10P04,U04
1720,2018-12-28,3205,3205,3150,3200,31409,M02,P00M02,S01M02,U01
1721,2019-01-02,3205,3240,3115,3135,38815,M05,M00M05,S05M05,U01
1722,2019-01-03,3115,3195,3050,3055,45527,M05,M00M05,M10M05,U01
1723,2019-01-04,3030,3085,3010,3060,21279,P05,M00P05,M10P05,D04
1724,2019-01-07,3060,3145,3060,3145,35588,P00,P00P00,S00P00,U04
1725,2019-01-08,3140,3290,3130,3135,33854,M05,P00M05,P10M05,U02
1726,2019-01-09,3145,3200,3145,3200,32201,P00,M00P00,S06P00,U02
1727,2019-01-10,3200,3230,3155,3185,17953,M05,P00M05,S01M05,U01
1728,2019-01-11,3210,3460,3170,3265,184272,P05,M00P05,S03P05,U01
1729,2019-01-14,3315,3315,3260,3310,42954,M02,P00M02,S01M02,T01
1730,2019-01-15,3310,3385,3305,3345,42940,P05,M00P05,S05P05,D01
1731,2019-01-16,3345,3370,3320,3370,22077,P01,P00P01,S02P01,U03
1732,2019-01-17,3370,3435,3340,3385,32931,K00,P00K00,P10K00,T01
1733,2019-01-18,3375,3445,3335,3445,99776,P01,K00P01,P10P01,U01
1734,2019-01-21,3425,3455,3375,3390,58401,M05,P00M05,P10M05,U01
1735,2019-01-22,3425,3425,3345,3380,58603,M01,M00M01,S06M01,U02
1736,2019-01-23,3350,3395,3345,3370,43106,P05,M00P05,M10P05,D03
1737,2019-01-24,3370,3400,3345,3370,18808,K00,P00K00,S08K00,T01
1738,2019-01-25,3360,3400,3360,3390,36640,P03,K00P03,S04P03,U01
1739,2019-01-28,3390,3425,3370,3370,33031,M03,P00M03,S04M03,U02
1740,2019-01-29,3360,3425,3340,3360,42963,K02,M00K02,S04K02,D02
1741,2019-01-30,3405,3555,3345,3510,265385,P05,K00P05,S04P05,D01
1742,2019-01-31,3510,3525,3465,3515,65973,K01,P00K01,P10K01,U03
1743,2019-02-01,3545,3585,3465,3470,130030,M05,K00M05,P10M05,U02
1744,2019-02-07,3475,3595,3475,3595,110780,P00,M00P00,S07P00,D01
1745,2019-02-08,3595,3630,3560,3630,119407,P01,P00P01,S01P01,D02
1746,2019-02-11,3630,3650,3570,3640,82079,K01,P00K01,P10K01,T01
1747,2019-02-12,3565,3605,3505,3590,110574,P05,K00P05,P10P05,T01
1748,2019-02-13,3585,3625,3550,3560,35113,M05,P00M05,P10M05,U02
1749,2019-02-14,3610,3610,3545,3580,54076,M01,M00M01,S04M01,T01
1750,2019-02-15,3620,3620,3520,3550,35108,M01,M00M01,M10M01,T01
1751,2019-02-18,3595,3620,3555,3570,33262,M05,M00M05,M10M05,T01
1752,2019-02-19,3555,3595,3555,3580,22117,P03,M00P03,M10P03,U01
1753,2019-02-20,3600,3730,3565,3595,164643,M05,P00M05,S00M05,T01
1754,2019-02-21,3620,3650,3560,3620,52337,K00,M00K00,S05K00,T01
1755,2019-02-22,3620,3620,3540,3580,60347,M01,K00M01,S04M01,D01
1756,2019-02-25,3585,3625,3550,3585,29371,K00,M00K00,S07K00,U01
1757,2019-02-26,3590,3640,3580,3620,60534,P05,K00P05,M10P05,U01
1758,2019-02-27,3670,3670,3590,3620,26244,M01,P00M01,S04M01,T01
1759,2019-02-28,3620,3620,3410,3425,101700,M01,M00M01,S03M01,T01
1760,2019-03-04,3490,3495,3440,3485,57868,M05,M00M05,M10M05,U01
1761,2019-03-05,3460,3500,3445,3465,19980,K00,M00K00,M10K00,T01
1762,2019-03-06,3490,3490,3420,3435,35913,M01,K00M01,S04M01,T01
1763,2019-03-07,3435,3500,3365,3370,66771,M05,M00M05,S07M05,D01
1764,2019-03-08,3370,3370,3280,3305,56446,M01,M00M01,M10M01,D02
1765,2019-03-11,3280,3360,3250,3325,62699,P05,M00P05,M10P05,T01
1766,2019-03-12,3385,3480,3380,3405,75111,P05,P00P05,S00P05,U03
1767,2019-03-13,3405,3480,3395,3460,48890,P05,P00P05,P10P05,U01
1768,2019-03-14,3470,3495,3435,3480,48629,K00,P00K00,P10K00,U01
1769,2019-03-15,3470,3485,3395,3435,50814,M05,K00M05,P10M05,T01
1770,2019-03-18,3435,3515,3430,3440,105164,K02,M00K02,S07K02,U01
1771,2019-03-19,3440,3495,3430,3460,33710,P05,K00P05,S00P05,U01
1772,2019-03-20,3460,3490,3355,3390,58120,M05,P00M05,S04M05,T01
1773,2019-03-21,3390,3430,3365,3370,15399,M05,M00M05,S07M05,T01
1774,2019-03-22,3370,3515,3370,3430,24716,P03,M00P03,M10P03,U02
1775,2019-03-25,3385,3440,3370,3415,31373,P05,P00P05,S02P05,D03
1776,2019-03-26,3390,3445,3380,3395,16215,K02,P00K02,P10K02,T01
1777,2019-03-27,3450,3450,3375,3425,12917,M02,K00M02,S04M02,U01
1778,2019-03-28,3430,3575,3410,3480,160089,P05,M00P05,S05P05,D01
1779,2019-03-29,3550,3625,3480,3545,127187,M05,P00M05,S01M05,U01
1780,2019-04-01,3555,3600,3540,3545,59070,M05,M00M05,S05M05,U01
1781,2019-04-02,3535,3585,3515,3560,26512,P05,M00P05,S04P05,U02
1782,2019-04-03,3560,3595,3530,3565,44341,K00,P00K00,S04K00,T01
1783,2019-04-04,3555,3580,3520,3525,27535,M05,K00M05,S04M05,U01
1784,2019-04-05,3530,3550,3475,3545,39230,K01,M00K01,S07K01,T01
1785,2019-04-08,3545,3565,3480,3480,36993,M03,K00M03,S04M03,U01
1786,2019-04-09,3485,3530,3475,3525,55256,P05,M00P05,S07P05,T01
1787,2019-04-10,3525,3640,3515,3590,122530,P05,P00P05,S01P05,D01
1788,2019-04-11,3620,3620,3515,3575,55646,M01,P00M01,P10M01,U01
1789,2019-04-12,3575,3600,3560,3580,48438,K00,M00K00,S03K00,T01
1790,2019-04-15,3610,3625,3555,3600,73754,M05,K00M05,S00M05,U01
1791,2019-04-16,3620,3620,3545,3595,43828,M02,M00M02,S04M02,T01
1792,2019-04-17,3590,3600,3565,3595,31100,K01,M00K01,S04K01,T01
1793,2019-04-18,3625,3890,3625,3890,1070404,P00,K00P00,S04P00,T01
1794,2019-04-19,3915,3950,3760,3780,423342,M05,P00M05,P10M05,T01
1795,2019-04-22,3860,4170,3845,3865,1900941,K02,M00K02,S03K02,T01
1796,2019-04-23,3940,3980,3820,3905,369920,M05,K00M05,S01M05,T01
1797,2019-04-24,3890,3890,3710,3750,295439,M01,M00M01,S05M01,U02
1798,2019-04-25,3765,3795,3650,3665,148114,M05,M00M05,M10M05,T01
1799,2019-04-26,3655,3735,3600,3725,181369,P05,M00P05,M10P05,T01
1800,2019-04-29,3690,3690,3600,3645,124177,M01,P00M01,S00M01,U01
1801,2019-04-30,3640,3845,3605,3730,304769,P05,M00P05,S07P05,T01
1802,2019-05-02,3730,3800,3650,3745,93698,K00,P00K00,S02K00,D01
1803,2019-05-03,3705,3745,3650,3675,142445,M05,K00M05,P10M05,T01
1804,2019-05-07,3645,3650,3575,3635,99640,M05,M00M05,S07M05,D01
1805,2019-05-08,3575,3620,3560,3595,40453,P05,M00P05,M10P05,D03
1806,2019-05-09,3680,3680,3450,3470,143207,M01,P00M01,S08M01,T01
1807,2019-05-10,3490,3530,3280,3400,127518,M05,M00M05,S07M05,D01
1808,2019-05-13,3395,3500,3320,3330,56617,M05,M00M05,M10M05,T01
1809,2019-05-14,3250,3420,3230,3410,77358,P05,M00P05,M10P05,D04
1810,2019-05-15,3430,3520,3365,3520,66995,P01,P00P01,S02P01,U02
1811,2019-05-16,3500,3525,3445,3485,97506,M05,P00M05,P10M05,U02
1812,2019-05-17,3520,3640,3450,3450,142377,M03,M00M03,S06M03,U01
1813,2019-05-20,3460,3470,3330,3415,101170,M05,M00M05,M10M05,D02
1814,2019-05-21,3415,3430,3360,3415,38224,K01,M00K01,M10K01,D02
1815,2019-05-22,3380,3435,3375,3420,36923,P05,K00P05,M10P05,U02
1816,2019-05-23,3380,3455,3355,3405,47075,P05,P00P05,P10P05,D01
1817,2019-05-24,3350,4150,3305,3645,6473836,P05,P00P05,P10P05,D02
1818,2019-05-27,3575,3655,3500,3500,971903,M03,P00M03,P10M03,D02
1819,2019-05-28,3535,4510,3500,3920,12861597,P15,M00P15,S06P15,T01
1820,2019-05-29,3890,4435,3870,4040,8626785,P05,P10P05,S01P05,D01
1821,2019-05-30,3995,4070,3780,3825,1368218,M05,P00M05,P10M05,D01
1822,2019-05-31,3850,4130,3795,3795,2483134,M04,M00M04,S07M04,T01
1823,2019-06-03,3735,4110,3710,4110,3123970,P11,M00P11,M10P11,D02
1824,2019-06-04,4200,4280,3950,3995,1829984,M05,P10M05,S02M05,D02
1825,2019-06-05,4000,4065,3875,3930,743166,M05,M00M05,S03M05,U03
1826,2019-06-07,3970,4100,3945,4015,1022274,P05,M00P05,M10P05,U01
1827,2019-06-10,4005,4065,3900,3915,478564,M05,P00M05,S01M05,U02
1828,2019-06-11,3935,3940,3820,3845,420693,M05,M00M05,S07M05,U02
1829,2019-06-12,3880,4010,3845,3915,611397,P05,M00P05,M10P05,T01
1830,2019-06-13,3875,3965,3865,3910,255274,P05,P00P05,S01P05,D01
1831,2019-06-14,3910,3970,3850,3850,231914,M03,P00M03,P10M03,U01
1832,2019-06-17,3850,4015,3810,3895,461585,P05,M00P05,S07P05,D01
1833,2019-06-18,3900,4015,3890,3910,404341,K02,P00K02,S00K02,U01
1834,2019-06-19,3980,3980,3840,3840,208555,M00,K00M00,P10M00,U02
1835,2019-06-20,3860,3915,3855,3880,153440,P05,M00P05,S07P05,U01
1836,2019-06-21,3980,4185,3930,4050,2425704,P05,P00P05,S01P05,U01
1837,2019-06-24,4070,4320,4070,4185,1946531,P03,P00P03,P10P03,T01
1838,2019-06-25,4200,4230,4015,4140,543886,M05,P00M05,P10M05,D01
1839,2019-06-26,4120,4175,4020,4060,338517,M05,M00M05,S03M05,D02
1840,2019-06-27,4045,4130,3975,3975,321591,M03,M00M03,M10M03,U01
1841,2019-06-28,3985,4270,3975,4150,815657,P05,M00P05,M10P05,U01
1842,2019-07-01,4160,4400,4070,4400,2004466,P01,P00P01,S01P01,U01
1843,2019-07-02,4340,4535,4265,4505,2023564,P05,P00P05,P10P05,U02
1844,2019-07-03,4650,4760,4365,4475,1861910,M05,P00M05,P10M05,T01
1845,2019-07-04,4460,4460,4030,4155,1215246,M01,M00M01,S03M01,T01
1846,2019-07-05,4090,4095,3805,3825,1146675,M05,M00M05,M10M05,U01
1847,2019-07-08,3805,3825,3510,3520,642747,M05,M00M05,M10M05,T01
1848,2019-07-09,3530,3580,3395,3420,332435,M05,M00M05,M10M05,D01
1849,2019-07-10,3405,3500,3400,3430,298275,P05,M00P05,M10P05,U01
1850,2019-07-11,3460,3555,3455,3510,198392,P05,P00P05,S00P05,U01
1851,2019-07-12,3510,3580,3485,3510,172755,K00,P00K00,P10K00,T01
1852,2019-07-15,3510,3545,3390,3440,175726,M05,K00M05,P10M05,U01
1853,2019-07-16,3440,3475,3325,3365,211346,M05,M00M05,S07M05,T01
1854,2019-07-17,3375,3375,3275,3285,139505,M01,M00M01,M10M01,D01
1855,2019-07-18,3265,3390,3260,3280,136927,K02,M00K02,M10K02,D01
1856,2019-07-19,3285,3350,3280,3325,148283,P05,K00P05,S08P05,T01
1857,2019-07-22,3330,3365,3310,3355,95623,P05,P00P05,P10P05,D01
1858,2019-07-23,3355,3380,3315,3325,78851,M05,P00M05,P10M05,U01
1859,2019-07-24,3355,3360,3190,3220,164599,M05,M00M05,S04M05,U01
1860,2019-07-25,3190,3235,3100,3120,141654,M05,M00M05,M10M05,U01
1861,2019-07-26,3120,3200,3080,3115,158610,M05,M00M05,M10M05,D02
1862,2019-07-29,3120,3150,2975,2975,227728,M03,M00M03,M10M03,U02
1863,2019-07-30,2955,3080,2950,3060,125448,P05,M00P05,M10P05,D01
1864,2019-07-31,3020,3150,3005,3150,91315,P01,P00P01,S00P01,T01
1865,2019-08-01,3145,3190,3070,3100,72509,M05,P00M05,P10M05,D02
1866,2019-08-02,3030,3105,2955,3005,133363,M05,M00M05,S06M05,D01
1867,2019-08-05,3000,3080,2765,2765,216835,M03,M00M03,M10M03,D02
1868,2019-08-06,2620,2845,2565,2665,249055,P05,M00P05,M10P05,D04
1869,2019-08-07,2625,2795,2625,2770,91950,P03,P00P03,S08P03,U02
1870,2019-08-08,2780,2920,2780,2865,87316,P03,P00P03,P10P03,U01
1871,2019-08-09,2850,2985,2850,2890,44822,P04,P00P04,P10P04,U03
1872,2019-08-12,2840,2970,2840,2920,60235,P03,P00P03,P10P03,D02
1873,2019-08-13,2925,2955,2885,2915,65753,M05,P00M05,P10M05,D02
1874,2019-08-14,2925,3015,2915,2915,99424,M04,M00M04,S03M04,U03
1875,2019-08-16,2875,2915,2830,2860,53777,M05,M00M05,S04M05,T01
1876,2019-08-19,2900,3025,2880,2990,57961,P05,M00P05,M10P05,U02
1877,2019-08-20,2970,3150,2970,3100,142343,P03,P00P03,S01P03,U02
1878,2019-08-21,3100,3135,3070,3085,39786,M05,P00M05,P10M05,D01
1879,2019-08-22,3080,3140,3030,3065,46285,M05,M00M05,S03M05,U01
1880,2019-08-23,3000,3135,2985,3040,78771,P05,M00P05,M10P05,D01
1881,2019-08-26,2995,3000,2875,2915,51761,M05,P00M05,S08M05,D04
1882,2019-08-27,2950,2980,2865,2915,54664,M05,M00M05,S07M05,U02
1883,2019-08-28,2875,2960,2870,2915,40619,P05,M00P05,M10P05,D01
1884,2019-08-29,2980,2980,2900,2935,37562,M01,P00M01,S08M01,U01
1885,2019-08-30,2975,3210,2940,3085,285031,P05,M00P05,S05P05,U02
1886,2019-09-02,3050,3135,3015,3095,87110,P05,P00P05,S01P05,U02
1887,2019-09-03,3120,3185,3075,3100,52811,M05,P00M05,P10M05,T01
1888,2019-09-04,3130,3165,2930,3150,62856,P05,M00P05,S05P05,D02
1889,2019-09-05,3100,3175,3100,3125,59084,P04,P00P04,S01P04,U02
1890,2019-09-06,3125,3190,3120,3120,49909,M04,P00M04,P10M04,U03
1891,2019-09-09,3180,3180,3070,3070,42132,M00,M00M00,S04M00,T01
1892,2019-09-10,3130,3190,3065,3190,78690,P01,M00P01,M10P01,T01
1893,2019-09-11,3270,3280,3160,3230,105514,M05,P00M05,S01M05,T01
1894,2019-09-16,3285,3290,3180,3245,92277,M05,M00M05,S05M05,T01
1895,2019-09-17,3205,3265,3180,3235,52065,P05,M00P05,M10P05,T01
1896,2019-09-18,3270,3270,3190,3230,73483,M01,P00M01,S08M01,U01
1897,2019-09-19,3230,3250,3195,3225,34132,M05,M00M05,S03M05,T01
1898,2019-09-20,3265,3355,3225,3280,88556,K00,M00K00,M10K00,T01
1899,2019-09-23,3320,3320,3245,3290,49624,M01,K00M01,S01M01,D01
1900,2019-09-24,3310,3355,3275,3325,88298,K00,M00K00,S05K00,T01
1901,2019-09-25,3315,3340,3060,3195,87587,M05,K00M05,S01M05,D02
1902,2019-09-26,3220,3250,3160,3185,38158,M05,M00M05,S07M05,U02
1903,2019-09-27,3230,3230,3065,3115,52484,M01,M00M01,M10M01,D01
1904,2019-09-30,3090,3140,3015,3075,59652,M05,M00M05,M10M05,D02
1905,2019-10-01,3090,3115,3000,3055,82174,M05,M00M05,M10M05,U01
1906,2019-10-02,3030,3060,3025,3045,15387,K00,M00K00,M10K00,D02
1907,2019-10-04,3015,3065,3000,3020,32174,K00,K00K00,S08K00,U02
1908,2019-10-07,3000,3060,2970,2980,30135,M05,K00M05,S04M05,U02
1909,2019-10-08,2980,3050,2955,3020,49007,P05,M00P05,S07P05,D01
1910,2019-10-10,3005,3020,2915,3015,38643,K01,P00K01,S02K01,U02
1911,2019-10-11,3070,3070,2960,2990,37914,M01,K00M01,P10M01,U01
1912,2019-10-14,3010,3090,2975,3020,79000,K00,M00K00,S07K00,U02
1913,2019-10-15,3000,3065,2990,3055,29598,P05,K00P05,S01P05,T01
1914,2019-10-16,3070,3085,3035,3080,20513,K01,P00K01,P10K01,U02
1915,2019-10-17,3080,3095,3010,3060,17657,M05,K00M05,P10M05,D01
1916,2019-10-18,3060,3095,3030,3090,38155,P05,M00P05,S04P05,U01
1917,2019-10-21,3070,3120,3055,3070,14723,K02,P00K02,S04K02,D01
1918,2019-10-22,3060,3095,3005,3010,48877,M05,K00M05,S04M05,U01
1919,2019-10-23,2995,3055,2905,2945,98298,M05,M00M05,S07M05,D01
1920,2019-10-24,2915,2975,2910,2950,38661,P05,M00P05,M10P05,T01
1921,2019-10-25,2980,2980,2905,2925,35466,M01,P00M01,S00M01,U01
1922,2019-10-28,2930,2945,2870,2895,72712,M05,M00M05,S03M05,U01
1923,2019-10-29,2865,2910,2860,2905,121494,P05,M00P05,M10P05,U02
1924,2019-10-30,2915,2920,2870,2870,23161,M03,P00M03,S00M03,D01
1925,2019-10-31,2900,2910,2880,2905,26407,K01,M00K01,S03K01,U01
1926,2019-11-01,2935,2935,2885,2910,12340,M01,K00M01,S01M01,T01
1927,2019-11-04,2910,3105,2910,3095,165299,P03,M00P03,S05P03,U02
1928,2019-11-05,3085,3245,2935,3060,231768,M05,P00M05,S02M05,U01
1929,2019-11-06,3060,3130,3060,3075,71058,K02,M00K02,S06K02,T01
1930,2019-11-07,3250,3810,3200,3460,7575574,P05,K00P05,S04P05,T01
1931,2019-11-08,3595,3605,3505,3505,1072584,M03,P00M03,P10M03,T01
1932,2019-11-11,3560,3870,3505,3640,2544284,P05,M00P05,S05P05,U01
1933,2019-11-12,3595,3600,3465,3525,523704,M05,P00M05,S01M05,T01
1934,2019-11-13,3530,3990,3510,3760,4094740,P05,M00P05,S07P05,T01
1935,2019-11-14,3780,3930,3705,3925,1029623,P05,P00P05,S01P05,T01
1936,2019-11-15,3890,3920,3810,3830,382306,M05,P00M05,P10M05,T01
1937,2019-11-18,3870,3945,3740,3740,254494,M03,M00M03,S06M03,U01
1938,2019-11-19,3735,4780,3735,4205,11437311,P14,M00P14,M10P14,T01
1939,2019-11-20,4220,5140,4215,4715,11211931,P15,P10P15,S02P15,T01
1940,2019-11-21,4650,4835,4605,4715,1959795,P05,P10P05,P10P05,D01
1941,2019-11-22,4670,4740,4505,4740,1198128,P02,P00P02,P10P02,T01
1942,2019-11-25,4740,5100,4670,4800,2363974,P05,P00P05,P10P05,T01
1943,2019-11-26,4885,4925,4685,4800,1100504,M05,P00M05,P10M05,U02
1944,2019-11-27,4840,5270,4770,5250,4962703,P05,M00P05,S03P05,T01
1945,2019-11-28,5180,5220,4885,5000,1256559,M05,P00M05,S01M05,T01
1946,2019-11-29,5000,5140,4405,4405,1681293,M13,M00M13,S06M13,U01
1947,2019-12-02,4450,4800,4370,4705,1602424,P05,M10P05,M10P05,D01
1948,2019-12-03,4700,4745,4510,4745,678984,P02,P00P02,S01P02,D02
1949,2019-12-04,4655,4800,4600,4640,611823,M05,P00M05,P10M05,D01
1950,2019-12-05,4645,4670,4405,4475,353931,M05,M00M05,S07M05,U01
1951,2019-12-06,4480,4790,4475,4610,662347,P05,M00P05,M10P05,T01
1952,2019-12-09,4680,4960,4625,4825,1052891,P05,P00P05,S01P05,U02
1953,2019-12-10,4830,4870,4625,4730,457210,M05,P00M05,P10M05,D01
1954,2019-12-11,4740,5000,4720,4830,1203797,P05,M00P05,S03P05,T01
1955,2019-12-12,4995,4995,4650,4695,616064,M01,P00M01,S01M01,U01
1956,2019-12-13,4660,4750,4650,4715,314980,P05,M00P05,S07P05,U01
1957,2019-12-16,4700,4705,4485,4495,397877,M05,P00M05,S00M05,T01
1958,2019-12-17,4545,4735,4495,4655,896877,P05,M00P05,S07P05,U01
1959,2019-12-18,4690,4945,4570,4655,1150414,M05,P00M05,S01M05,T01
1960,2019-12-19,4615,4685,4450,4515,391044,M05,M00M05,S03M05,T01
1961,2019-12-20,4550,4550,4305,4480,356590,M02,M00M02,M10M02,U01
1962,2019-12-23,4480,4500,4265,4285,220824,M05,M00M05,M10M05,U01
1963,2019-12-24,4235,4650,4235,4500,777933,P03,M00P03,M10P03,T01
1964,2019-12-26,4590,4660,4470,4600,412523,K00,P00K00,S02K00,T01
1965,2019-12-27,4605,4685,4590,4640,246336,P05,K00P05,P10P05,U01
1966,2019-12-30,4640,4795,4610,4730,248968,P05,P00P05,P10P05,T01
1967,2020-01-02,4710,4820,4695,4820,253220,P01,P00P01,P10P01,T01
1968,2020-01-03,4835,5140,4820,4990,1347007,P05,P00P05,P10P05,U02
1969,2020-01-06,4910,4915,4720,4780,569979,M05,P00M05,P10M05,D01
1970,2020-01-07,4810,4855,4705,4720,299344,M05,M00M05,S07M05,U01
1971,2020-01-08,4690,4725,4420,4545,436493,M05,M00M05,M10M05,T01
1972,2020-01-09,4700,4960,4660,4910,885057,P05,M00P05,M10P05,U01
1973,2020-01-10,4890,5000,4800,4980,614277,P05,P00P05,S01P05,U01
1974,2020-01-13,4980,5030,4910,4975,532573,M05,P00M05,P10M05,T01
1975,2020-01-14,5060,5160,4705,4745,1091774,M05,M00M05,S03M05,U02
1976,2020-01-15,4750,4860,4700,4745,961782,M05,M00M05,M10M05,T01
1977,2020-01-16,4745,4950,4710,4790,877489,P05,M00P05,M10P05,T01
1978,2020-01-17,4790,4890,4720,4725,427456,M05,P00M05,S04M05,U02
1979,2020-01-20,4725,4760,4495,4515,337423,M05,M00M05,S07M05,U02
1980,2020-01-21,4520,4595,4455,4455,182879,M03,M00M03,M10M03,U01
1981,2020-01-22,4490,4595,4460,4540,127874,P05,M00P05,M10P05,T01
1982,2020-01-23,4585,4625,4510,4570,104172,M05,P00M05,S01M05,T01
1983,2020-01-28,4415,4465,4285,4330,261427,M05,M00M05,S05M05,D03
1984,2020-01-29,4430,4495,4330,4435,177670,K00,M00K00,M10K00,U02
1985,2020-01-30,4405,4475,4130,4245,235636,M05,K00M05,S01M05,T01
1986,2020-01-31,4220,4330,4075,4085,256737,M05,M00M05,S07M05,T01
1987,2020-02-03,3970,4395,3870,4360,320660,P05,M00P05,M10P05,D02
1988,2020-02-04,4370,4445,4335,4420,91953,P05,P00P05,S02P05,U02
1989,2020-02-05,4480,4485,4400,4425,79235,M05,P00M05,P10M05,U03
1990,2020-02-06,4440,4525,4430,4475,88108,P05,M00P05,S05P05,U01
1991,2020-02-07,4460,4610,4435,4605,137879,P05,P00P05,S01P05,U01
1992,2020-02-10,4610,4740,4565,4630,337176,K00,P00K00,P10K00,D01
1993,2020-02-11,4630,4680,4605,4650,116482,K00,K00K00,P10K00,U02
1994,2020-02-12,4645,4680,4515,4605,156873,M05,K00M05,S04M05,T01
1995,2020-02-13,4585,4695,4525,4595,136556,K00,M00K00,S04K00,U01
1996,2020-02-14,4540,4655,4530,4570,103950,P05,K00P05,S08P05,T01
1997,2020-02-17,4545,4680,4495,4605,177503,P05,P00P05,P10P05,T01
1998,2020-02-18,4605,4685,4535,4535,121237,M03,P00M03,P10M03,T01
1999,2020-02-19,4530,4595,4375,4595,146803,P02,M00P02,S07P02,T01
2000,2020-02-20,4550,4620,4430,4430,143216,M03,P00M03,S00M03,U01
2001,2020-02-21,4305,4450,4175,4245,164719,M05,M00M05,S07M05,D01
2002,2020-02-24,4065,4165,3955,3960,229766,M05,M00M05,M10M05,D03
2003,2020-02-25,3955,4245,3955,4245,182499,P00,M00P00,M10P00,D04
2004,2020-02-26,4185,4265,4090,4210,59726,P05,P00P05,S02P05,D03
2005,2020-02-27,4205,4220,3930,4130,169756,M05,P00M05,P10M05,T01
2006,2020-02-28,3950,4090,3785,3790,205682,M05,M00M05,S07M05,D04
2007,2020-03-02,3800,3930,3770,3875,131075,P05,M00P05,M10P05,T01
2008,2020-03-03,4000,4040,3945,4020,114224,P05,P00P05,S01P05,U04
2009,2020-03-04,3945,4155,3945,4105,119975,P03,P00P03,P10P03,D04
2010,2020-03-05,4180,4180,4050,4120,61928,M01,P00M01,P10M01,U04
2011,2020-03-06,4065,4110,3980,4010,66724,M05,M00M05,S05M05,D04
2012,2020-03-09,3945,4055,3750,3800,122073,M05,M00M05,M10M05,D03
2013,2020-03-10,3660,3870,3560,3825,208135,P05,M00P05,M10P05,D04
2014,2020-03-11,3800,3840,3540,3560,175714,M05,P00M05,S00M05,U04
2015,2020-03-12,3530,3535,3020,3200,291296,M05,M00M05,S07M05,D04
2016,2020-03-13,2720,2990,2615,2795,439565,P05,M00P05,M10P05,D04
2017,2020-03-16,2805,3080,2665,2665,386134,M03,P00M03,S08M03,U04
2018,2020-03-17,2410,2665,2410,2660,488116,P13,M00P13,S07P13,D04
2019,2020-03-18,2700,2850,2435,2475,281838,M05,P10M05,S08M05,U04
2020,2020-03-19,2480,2590,1960,2020,485248,M15,M00M15,S03M15,D04
2021,2020-03-20,2020,2170,1985,2120,655109,P05,M10P05,M10P05,U03
2022,2020-03-23,1970,2050,1860,1965,262196,M05,P00M05,S00M05,D04
2023,2020-03-24,2005,2500,2005,2300,1153629,P13,M00P13,S07P13,T01
2024,2020-03-25,2340,2470,2330,2430,630350,P05,P10P05,S01P05,U04
2025,2020-03-26,2455,2670,2390,2525,611874,P05,P00P05,P10P05,D01
2026,2020-03-27,2675,2675,2455,2615,345678,M02,P00M02,P10M02,U04
2027,2020-03-30,2545,2920,2480,2865,648337,P15,M00P15,S05P15,D04
2028,2020-03-31,2930,3145,2865,2995,502765,P05,P10P05,S02P05,U04
2029,2020-04-01,2965,3120,2880,2880,268251,M03,P00M03,P10M03,D01
2030,2020-04-02,2910,3325,2910,3075,2663042,P03,M00P03,S07P03,D04
2031,2020-04-03,3085,3200,3060,3185,629443,P05,P00P05,S01P05,U03
2032,2020-04-06,3240,3465,3160,3290,942555,P05,P00P05,P10P05,D02
2033,2020-04-07,3360,3360,3145,3250,410397,M01,P00M01,P10M01,U04
2034,2020-04-08,3225,3275,3125,3220,291531,M05,M00M05,S03M05,D01
2035,2020-04-09,3300,4185,3260,4135,9394726,P15,M00P15,M10P15,U03
2036,2020-04-10,4000,4060,3600,3725,1894581,M05,P10M05,S01M05,U03
2037,2020-04-13,3750,3950,3540,3645,1517062,M05,M00M05,S06M05,U01
2038,2020-04-14,3710,3795,3645,3775,645324,P05,M00P05,M10P05,U01
2039,2020-04-16,3900,4145,3700,3945,2099529,P05,P00P05,S01P05,D02
2040,2020-04-17,3920,3920,3830,3890,436075,M02,P00M02,P10M02,U02
2041,2020-04-20,3910,3970,3810,3890,698462,M05,M00M05,S07M05,U02
2042,2020-04-21,3885,4000,3490,3720,1002969,M05,M00M05,S04M05,D02
2043,2020-04-22,3720,4380,3660,4295,1947766,P15,M00P15,M10P15,D04
2044,2020-04-23,4020,4290,3930,4060,1493918,P05,P10P05,S02P05,U04
2045,2020-04-24,4015,4055,3805,3855,650642,M05,P00M05,P10M05,T01
2046,2020-04-27,3895,4080,3860,3895,351547,K02,M00K02,S07K02,U02
2047,2020-04-28,3905,4180,3905,3990,1151863,P04,K00P04,M10P04,U02
2048,2020-04-29,4100,4260,4010,4080,1509722,M05,P00M05,P10M05,D02
2049,2020-05-04,4110,4175,4025,4040,355325,M05,M00M05,S05M05,D04
2050,2020-05-06,4105,4225,4040,4100,657593,M05,M00M05,M10M05,U02
2051,2020-05-07,4100,4170,4080,4110,269040,K00,M00K00,M10K00,U01
2052,2020-05-08,4125,4185,4095,4130,345940,K00,K00K00,S04K00,U02
2053,2020-05-11,4130,4130,3950,4070,300048,M02,K00M02,S04M02,U02
2054,2020-05-12,4115,4140,3995,4140,306041,P02,M00P02,S07P02,U01
2055,2020-05-13,4100,4100,4025,4075,161816,M02,P00M02,S01M02,D03
2056,2020-05-14,4065,4180,4050,4130,417362,P05,M00P05,S07P05,D02
2057,2020-05-15,4235,4235,4060,4100,318345,M01,P00M01,S02M01,U01
2058,2020-05-18,4145,4175,4040,4135,289366,M05,M00M05,S03M05,U01
2059,2020-05-19,4155,4335,4105,4335,1069065,P01,M00P01,M10P01,U03
2060,2020-05-20,4335,4465,4270,4285,627520,M05,P00M05,S01M05,D01
2061,2020-05-21,4285,4515,4285,4435,891311,P03,M00P03,S03P03,U03
2062,2020-05-22,4580,4700,4325,4380,1008998,M05,P00M05,S02M05,D01
2063,2020-05-25,4390,4455,4260,4280,490105,M05,M00M05,S03M05,D01
2064,2020-05-26,4310,4365,4230,4355,297025,P05,M00P05,M10P05,U01
2065,2020-05-27,4355,4460,4285,4440,453386,P05,P00P05,S01P05,T01
2066,2020-05-28,4455,4610,4230,4230,954488,M03,P00M03,P10M03,U01
2067,2020-05-29,4215,4375,4120,4310,269300,P05,M00P05,S07P05,D01
2068,2020-06-01,4305,4465,4305,4440,353857,P03,P00P03,S00P03,U02
2069,2020-06-02,4435,4590,4300,4405,419514,M05,P00M05,P10M05,U01
2070,2020-06-03,4510,4665,4395,4395,1277959,M03,M00M03,S06M03,U01
2071,2020-06-04,4450,4485,4370,4420,474167,M05,M00M05,M10M05,U01
2072,2020-06-05,4420,4450,4355,4440,206753,K01,M00K01,M10K01,D01
2073,2020-06-08,4445,4480,4300,4420,260878,M05,K00M05,S04M05,U03
2074,2020-06-09,4400,4420,4260,4310,197911,M05,M00M05,S04M05,U02
2075,2020-06-10,4300,4300,4190,4190,247780,M00,M00M00,M10M00,T01
2076,2020-06-11,4190,4235,4100,4125,242928,M05,M00M05,M10M05,U01
2077,2020-06-12,3930,4220,3900,4150,303930,P05,M00P05,M10P05,D04
2078,2020-06-15,4020,4180,3845,3845,267411,M03,P00M03,S00M03,U02
2079,2020-06-16,3975,4120,3930,4080,148160,P05,M00P05,S07P05,U02
2080,2020-06-17,4035,4125,3950,4035,133849,K00,P00K00,S01K00,U03
2081,2020-06-18,4050,4560,3940,4100,3212084,P05,K00P05,P10P05,T01
2082,2020-06-19,4120,4300,4010,4110,452132,M05,P00M05,P10M05,U01
2083,2020-06-22,4150,4160,4065,4110,155116,M05,M00M05,S05M05,T01
2084,2020-06-23,4150,4160,4000,4055,165943,M05,M00M05,S04M05,U02
2085,2020-06-24,4090,4125,4050,4080,163594,M05,M00M05,M10M05,U01
2086,2020-06-25,4020,4105,4000,4070,135250,P05,M00P05,M10P05,D03
2087,2020-06-26,4100,4195,4035,4130,219611,P05,P00P05,S08P05,U02
2088,2020-06-29,4080,4185,4035,4120,267298,P05,P00P05,P10P05,D03
2089,2020-06-30,4230,4235,4080,4105,236150,M05,P00M05,P10M05,U02
2090,2020-07-01,4110,4350,4110,4240,582882,P03,M00P03,S03P03,U03
2091,2020-07-02,4230,4405,4230,4295,630615,P03,P00P03,S01P03,U01
2092,2020-07-03,4350,4380,4255,4335,248477,M05,P00M05,P10M05,U01
2093,2020-07-06,4350,4460,4295,4390,392082,P05,M00P05,S05P05,U01
2094,2020-07-07,4400,4440,4320,4355,514523,M05,P00M05,S01M05,U03
2095,2020-07-08,4600,4630,4255,4255,1428696,M03,M00M03,S03M03,D01
2096,2020-07-09,4255,4470,4255,4420,547340,P03,M00P03,M10P03,U02
2097,2020-07-10,4420,4480,4240,4320,415680,M05,P00M05,S00M05,U01
2098,2020-07-13,4315,4350,4200,4350,168389,P02,M00P02,S03P02,U01
2099,2020-07-14,4300,4410,4275,4345,216012,P05,P00P05,S00P05,D03
2100,2020-07-15,4310,4360,4285,4300,114448,M05,P00M05,P10M05,U01
2101,2020-07-16,4305,4380,4265,4300,216905,M05,M00M05,S07M05,U01
2102,2020-07-17,4340,4355,4270,4320,149926,M05,M00M05,S04M05,D01
2103,2020-07-20,4340,4340,4190,4245,158323,M01,M00M01,S04M01,T01
2104,2020-07-21,4250,4305,4140,4235,220137,M05,M00M05,M10M05,U03
2105,2020-07-22,4275,4480,4215,4360,594093,P05,M00P05,M10P05,D01
2106,2020-07-23,4360,4425,4220,4260,269291,M05,P00M05,S01M05,T01
2107,2020-07-24,4220,4300,4140,4285,152386,P05,M00P05,S07P05,D03
2108,2020-07-27,4280,4350,4230,4315,141933,P05,P00P05,S00P05,D01
2109,2020-07-28,4320,4335,4255,4300,132590,M05,P00M05,P10M05,U02
2110,2020-07-29,4300,4360,4265,4310,152706,K00,M00K00,S04K00,D02
2111,2020-07-30,4370,5320,4285,4740,14054124,P05,K00P05,S04P05,U02
2112,2020-07-31,4705,4905,4620,4740,2695925,P05,P00P05,P10P05,U01
2113,2020-08-03,4695,4845,4575,4575,949022,M03,P00M03,P10M03,U02
2114,2020-08-04,4555,4675,4490,4610,537126,P05,M00P05,S07P05,U02
2115,2020-08-05,4570,4630,4505,4530,319014,M05,P00M05,S00M05,U01
2116,2020-08-06,4530,4660,4490,4505,410337,M05,M00M05,S07M05,U01
2117,2020-08-07,4530,4540,4415,4455,346260,M05,M00M05,M10M05,U02
2118,2020-08-10,4425,4500,4405,4495,212332,P05,M00P05,M10P05,D01
2119,2020-08-11,4560,4665,4490,4555,589500,M05,P00M05,S00M05,D01
2120,2020-08-12,4560,4580,4380,4430,362888,M05,M00M05,S05M05,D02
2121,2020-08-13,4430,4540,4380,4455,280231,P05,M00P05,M10P05,U03
2122,2020-08-14,4475,4475,4280,4305,334782,M01,P00M01,S00M01,T01
2123,2020-08-18,4240,4260,3820,4005,524017,M05,M00M05,S07M05,U02
2124,2020-08-19,4000,4120,3970,4085,189921,P05,M00P05,M10P05,U01
2125,2020-08-20,4095,4130,3775,3800,423819,M05,P00M05,S00M05,D01
2126,2020-08-21,3805,3925,3710,3905,198424,P05,M00P05,S07P05,U02
2127,2020-08-24,3840,4080,3830,4050,142350,P05,P00P05,S01P05,U01
2128,2020-08-25,4075,4140,4060,4130,148016,P05,P00P05,P10P05,U01
2129,2020-08-26,4130,4185,4045,4135,187829,K00,P00K00,P10K00,U01
2130,2020-08-27,4150,4170,4050,4165,186860,K01,K00K01,P10K01,U03
2131,2020-08-28,4165,4290,4135,4245,275514,P05,K00P05,S04P05,D01
2132,2020-08-31,4295,4300,4125,4150,165245,M05,P00M05,P10M05,U01
2133,2020-09-01,4150,4220,4110,4210,114161,P05,M00P05,S07P05,U01
2134,2020-09-02,4210,4250,4120,4160,114476,M05,P00M05,S00M05,U02
2135,2020-09-03,4165,4510,4160,4410,1090329,P05,M00P05,S03P05,U01
2136,2020-09-04,4300,5730,4280,5730,6322909,P11,P00P11,S01P11,D04
2137,2020-09-07,6480,7250,6070,6400,22814772,M05,P10M05,P10M05,D04
2138,2020-09-08,6730,6890,6270,6270,5487415,M03,M00M03,S05M03,D02
2139,2020-09-09,6200,6620,6000,6190,4132327,M05,M00M05,M10M05,D04
2140,2020-09-10,6210,6690,6080,6120,3804937,M05,M00M05,M10M05,U03
2141,2020-09-11,6000,6360,5970,6360,2156738,P01,M00P01,M10P01,D03
2142,2020-09-14,6110,6170,5830,5920,2030977,M05,P00M05,S02M05,D01
2143,2020-09-15,5950,6030,5680,6010,1244867,P05,M00P05,S07P05,U03
2144,2020-09-16,5910,6260,5880,6060,1399991,P05,P00P05,S01P05,U02
2145,2020-09-17,6030,6050,5610,5640,895497,M05,P00M05,P10M05,D02
2146,2020-09-18,5690,5820,5440,5770,766225,P05,M00P05,S07P05,D02
2147,2020-09-21,5730,5730,5290,5450,691652,M01,P00M01,S01M01,D02
2148,2020-09-22,5450,5480,4945,5050,1086479,M05,M00M05,S07M05,T01
2149,2020-09-23,5170,5250,4830,5050,607344,M05,M00M05,M10M05,U03
2150,2020-09-24,4880,5250,4835,4835,619878,M04,M00M04,M10M04,D04
2151,2020-09-25,4920,5110,4885,5040,581349,P05,M00P05,M10P05,U01
2152,2020-09-28,5120,5330,5030,5200,472250,P05,P00P05,S01P05,U03
2153,2020-09-29,5220,5220,4935,5030,661628,M01,P00M01,P10M01,U03
2154,2020-10-05,5060,5480,4985,5360,815788,P05,M00P05,S07P05,D03
2155,2020-10-06,5370,5770,5300,5400,1246807,P05,P00P05,S01P05,U03
2156,2020-10-07,5400,5540,5340,5450,256402,P05,P00P05,P10P05,D02
2157,2020-10-08,5550,5630,5370,5580,438629,P05,P00P05,P10P05,U03
2158,2020-10-12,5640,5660,5400,5440,413714,M05,P00M05,P10M05,U02
2159,2020-10-13,5540,5960,5540,5760,2836054,P03,M00P03,S07P03,U03
2160,2020-10-14,5760,5770,5460,5540,634547,M05,P00M05,S01M05,T01
2161,2020-10-15,5540,5570,5280,5370,412652,M05,M00M05,S07M05,D01
2162,2020-10-16,5370,6950,5170,6060,34102096,P15,M00P15,M10P15,D01
2163,2020-10-19,5830,6580,5760,6040,11189265,P05,P10P05,S02P05,D01
2164,2020-10-20,5920,6400,5860,6200,6407413,P05,P00P05,P10P05,D02
2165,2020-10-21,6220,7060,6130,7010,14217165,P15,P00P15,P10P15,U01
2166,2020-10-22,6800,6840,6400,6400,4666973,M03,P10M03,P10M03,T01
2167,2020-10-23,6350,6360,5880,5950,2789133,M05,M00M05,S06M05,T01
2168,2020-10-26,5850,5910,5500,5500,1283312,M03,M00M03,M10M03,U01
2169,2020-10-27,5400,5680,5260,5340,1241356,M05,M00M05,M10M05,D02
2170,2020-10-28,5340,5630,5340,5530,878368,P03,M00P03,M10P03,U01
2171,2020-10-29,5430,5460,5250,5360,498192,M05,P00M05,S02M05,D04
