,date,open,high,low,close,volume,pattern1,pattern2,pattern3,nasdaq
0,2013-11-18,4807,5000,4092,4092,1590234,M13,,,U04
1,2013-11-19,3730,3915,3515,3712,1526428,M05,M10M05,,D04
2,2013-11-20,3742,4169,3538,3808,673590,P05,M00P05,M10P05,D04
3,2013-11-21,3884,4376,3853,4377,1012554,P11,P00P11,S01P11,T01
4,2013-11-22,4607,4684,4338,4469,1087589,M05,P10M05,P10M05,U04
5,2013-11-25,4453,4492,4192,4385,382014,M05,M00M05,S05M05,U04
6,2013-11-26,4438,4576,4315,4446,593338,K00,M00K00,M10K00,U01
7,2013-11-27,4392,4430,4207,4308,296614,M05,K00M05,S01M05,U04
8,2013-11-28,4323,4569,4269,4438,291093,P05,M00P05,S07P05,U04
9,2013-11-29,4546,4546,4323,4400,388795,M01,P00M01,S01M01,U04
10,2013-12-02,4499,4599,4323,4323,342579,M03,M00M03,S03M03,U04
11,2013-12-03,4276,4484,3846,3846,283091,M13,M00M13,M10M13,D04
12,2013-12-04,3915,3915,3700,3846,65005,M02,M10M02,M10M02,T01
13,2013-12-05,3776,4076,3730,3931,84016,P05,M00P05,M10P05,T01
14,2013-12-06,3907,4130,3861,4077,117132,P05,P00P05,S02P05,T01
15,2013-12-09,4061,4146,3961,4038,18496,M05,P00M05,P10M05,U04
16,2013-12-10,4069,4069,3946,4062,13319,M02,M00M02,S06M02,U02
17,2013-12-11,4076,4153,3869,4015,17955,M05,M00M05,S04M05,T01
18,2013-12-12,3992,4053,3861,3862,15492,M05,M00M05,M10M05,D04
19,2013-12-13,3861,3930,3769,3854,24727,M05,M00M05,M10M05,T01
20,2013-12-16,3853,3853,3769,3777,12209,M01,M00M01,M10M01,U01
21,2013-12-17,3761,3838,3742,3742,24376,M04,M00M04,M10M04,U04
22,2013-12-18,3507,3646,3361,3615,126022,P05,M00P05,M10P05,T01
23,2013-12-19,3653,3673,3461,3615,33935,M05,P00M05,S08M05,U04
24,2013-12-20,3650,4030,3588,3869,50566,P05,M00P05,S03P05,D04
25,2013-12-23,3992,3992,3792,3792,19500,M00,P00M00,S01M00,U04
26,2013-12-24,3776,3923,3761,3769,11779,M05,M00M05,S03M05,U04
27,2013-12-26,3734,3961,3734,3923,94071,P03,M00P03,M10P03,U02
28,2013-12-27,3984,4223,3861,4200,143128,P05,P00P05,S02P05,U04
29,2013-12-30,4484,4484,4146,4346,67151,M01,P00M01,P10M01,T01
30,2014-01-02,4338,4400,4230,4308,43476,M05,M00M05,S05M05,U04
31,2014-01-03,4384,4384,4269,4362,17154,M02,M00M02,M10M02,D04
32,2014-01-06,4269,4438,4269,4423,38347,P03,M00P03,M10P03,T01
33,2014-01-07,4384,4400,4261,4385,58808,K01,P00K01,S02K01,D04
34,2014-01-08,4461,4461,4307,4377,62529,M01,K00M01,P10M01,U04
35,2014-01-09,4446,4446,4192,4331,84815,M01,M00M01,S07M01,U04
36,2014-01-10,4376,4407,4215,4308,60604,M05,M00M05,M10M05,T01
37,2014-01-13,4338,4338,4092,4308,82765,M02,M00M02,M10M02,U04
38,2014-01-14,4269,4269,3938,3962,145333,M01,M00M01,M10M01,D04
39,2014-01-15,3969,4153,3907,4138,106068,P05,M00P05,M10P05,U04
40,2014-01-16,4130,4446,4092,4308,150095,P05,P00P05,S01P05,U04
41,2014-01-17,4338,4384,4246,4369,59773,P05,P00P05,P10P05,U01
42,2014-01-20,4438,4761,4369,4492,162917,P05,P00P05,P10P05,U01
43,2014-01-21,4500,4569,4361,4400,47832,M05,P00M05,P10M05,D04
44,2014-01-22,4376,4576,4338,4569,41114,P05,M00P05,S07P05,U04
45,2014-01-23,4576,5023,4576,4831,152217,P03,P00P03,S02P03,U04
46,2014-01-24,4830,4830,4538,4646,117593,M01,P00M01,P10M01,D04
47,2014-01-27,4607,4669,4453,4662,53502,P05,M00P05,S06P05,D04
48,2014-01-28,4669,4723,4515,4685,71943,K01,P00K01,S00K01,D04
49,2014-01-29,4684,5084,4638,4923,127899,P05,K00P05,P10P05,U04
50,2014-02-03,4953,5146,4900,5000,119219,P05,P00P05,P10P05,D04
51,2014-02-04,4984,5038,4884,5000,30847,K01,P00K01,P10K01,D04
52,2014-02-05,5007,5269,4984,5131,153514,P05,K00P05,S04P05,U04
53,2014-02-06,5307,5307,4792,4800,171332,M01,P00M01,P10M01,D04
54,2014-02-07,4838,5053,4769,5038,117169,P05,M00P05,S07P05,U04
55,2014-02-10,5030,5261,4969,5192,73015,P05,P00P05,S01P05,U04
56,2014-02-11,5169,5292,4984,5146,59683,M05,P00M05,P10M05,U04
57,2014-02-12,5184,5207,5061,5154,26843,M05,M00M05,S06M05,U04
58,2014-02-13,5084,5230,5084,5177,42447,P03,M00P03,S04P03,U03
59,2014-02-14,5500,5500,5153,5154,15114,M01,P00M01,S00M01,U04
60,2014-02-17,5230,5230,5007,5038,20979,M01,M00M01,S03M01,U04
61,2014-02-18,4976,5107,4946,5100,38301,P05,M00P05,M10P05,U01
62,2014-02-19,5076,5076,4976,4985,36994,M01,P00M01,S00M01,U04
63,2014-02-20,5000,5000,4730,4800,52377,M01,M00M01,S06M01,D04
64,2014-02-21,4776,4838,4653,4731,31218,M05,M00M05,M10M05,U04
65,2014-02-24,4707,4746,4615,4746,29313,P02,M00P02,M10P02,T01
66,2014-02-25,4838,4838,4623,4662,22401,M01,P00M01,S00M01,U04
67,2014-02-26,4723,4753,4515,4615,86261,M05,M00M05,S07M05,T01
68,2014-02-27,4546,4630,4500,4615,33167,P05,M00P05,M10P05,U02
69,2014-02-28,4646,4646,4438,4469,78086,M01,P00M01,S08M01,U04
70,2014-03-03,4469,4469,4284,4300,45225,M01,M00M01,S07M01,T01
71,2014-03-04,4284,4446,4284,4338,45462,P04,M00P04,M10P04,D04
72,2014-03-05,4423,4438,4300,4377,58246,M05,P00M05,S00M05,U04
73,2014-03-06,4346,4769,4346,4746,80947,P03,M00P03,S05P03,U02
74,2014-03-07,4769,4769,4653,4692,10754,M01,P00M01,S02M01,T01
75,2014-03-10,4653,4653,4538,4646,30162,M02,M00M02,S03M02,D04
76,2014-03-11,4738,5023,4723,4900,125489,P05,M00P05,M10P05,T01
77,2014-03-12,4900,4915,4800,4846,41828,M05,P00M05,S01M05,D04
78,2014-03-13,4823,4915,4784,4892,40364,P05,M00P05,S03P05,U04
79,2014-03-14,4923,4984,4838,4877,40078,M05,P00M05,S00M05,D04
80,2014-03-17,4876,4884,4669,4746,27397,M05,M00M05,S03M05,D04
81,2014-03-18,4892,4892,4684,4731,26046,M01,M00M01,M10M01,U04
82,2014-03-19,4738,4823,4676,4808,46370,P05,M00P05,M10P05,U04
83,2014-03-20,4799,5115,4792,5023,113184,P05,P00P05,S01P05,D04
84,2014-03-21,5061,5192,4946,4985,65710,M05,P00M05,P10M05,U03
85,2014-03-24,5000,5000,4715,4854,52418,M01,M00M01,S03M01,D04
86,2014-03-25,4853,4853,4738,4777,12088,M01,M00M01,M10M01,D04
87,2014-03-26,4723,4800,4692,4738,12019,K00,M00K00,M10K00,U03
88,2014-03-27,4723,4830,4623,4762,10634,P05,K00P05,S08P05,D04
89,2014-03-28,4769,4884,4669,4823,19708,P05,P00P05,S04P05,D04
90,2014-03-31,4700,4815,4700,4769,7821,P03,P00P03,P10P03,U02
91,2014-04-01,4700,4869,4676,4700,19115,K02,P00K02,P10K02,U04
92,2014-04-02,4676,4753,4607,4615,50910,M05,K00M05,P10M05,U04
93,2014-04-03,4623,5307,4592,5200,272269,P15,M00P15,S07P15,U03
94,2014-04-04,5200,5346,5046,5154,168986,M05,P10M05,S01M05,D04
95,2014-04-07,5153,5284,5076,5146,116791,M05,M00M05,S03M05,D04
96,2014-04-08,5076,5215,5000,5208,45666,P05,M00P05,M10P05,D04
97,2014-04-09,5200,5330,5023,5185,52336,M05,P00M05,S02M05,U04
98,2014-04-10,5207,5230,5076,5100,21100,M05,M00M05,S06M05,U04
99,2014-04-11,5076,5223,4907,5100,34058,K00,M00K00,M10K00,D04
100,2014-04-14,5146,5253,4992,5192,79982,P05,K00P05,S08P05,D04
101,2014-04-15,5307,5307,5015,5115,46222,M01,P00M01,P10M01,U04
102,2014-04-16,5092,5700,5053,5631,189119,P15,M00P15,S07P15,U04
103,2014-04-17,5692,5769,5438,5454,274026,M05,P10M05,S02M05,U04
104,2014-04-18,5561,5746,5515,5746,137783,P01,M00P01,S03P01,U04
105,2014-04-21,5730,6053,5615,5692,50826,M05,P00M05,S01M05,U03
106,2014-04-22,5646,5676,5384,5469,134920,M05,M00M05,S06M05,U04
107,2014-04-23,5430,5507,5392,5423,39665,M05,M00M05,M10M05,U04
108,2014-04-24,5453,5615,5384,5615,89532,P01,M00P01,M10P01,D04
109,2014-04-25,5646,5676,5353,5354,157880,M05,P00M05,S01M05,U04
110,2014-04-28,5415,5415,5153,5323,113796,M01,M00M01,S07M01,D04
111,2014-04-29,5238,5507,5238,5377,88789,P03,M00P03,M10P03,T01
112,2014-04-30,5492,5492,5346,5385,47984,M01,P00M01,S00M01,U04
113,2014-05-02,5453,5476,5323,5446,33390,M05,M00M05,S05M05,U04
114,2014-05-07,5446,5446,5276,5369,37437,M01,M00M01,M10M01,D04
115,2014-05-08,5292,5369,5130,5215,98258,M05,M00M05,M10M05,D04
116,2014-05-09,5146,5300,5092,5185,17821,P05,M00P05,M10P05,D04
117,2014-05-12,5176,5176,4892,4938,77306,M01,P00M01,S08M01,U04
118,2014-05-13,4946,4984,4738,4831,66115,M05,M00M05,S07M05,U04
119,2014-05-14,4830,5069,4769,5062,49300,P05,M00P05,M10P05,D04
120,2014-05-15,5076,5146,5000,5138,22198,P05,P00P05,S02P05,D04
121,2014-05-16,4953,5069,4946,4946,25790,M04,P00M04,P10M04,D04
122,2014-05-19,5023,5061,4823,4992,3517,M05,M00M05,S07M05,U04
123,2014-05-20,4923,4992,4715,4800,22186,M05,M00M05,M10M05,U04
124,2014-05-21,4753,4923,4692,4877,23034,P05,M00P05,M10P05,D04
125,2014-05-22,4961,4961,4738,4846,27270,M01,P00M01,S00M01,U04
126,2014-05-23,4738,4915,4738,4915,1726,P00,M00P00,S03P00,U04
127,2014-05-26,4769,4953,4769,4954,5870,P00,P00P00,S00P00,U04
128,2014-05-27,4953,5000,4830,4846,37316,M05,P00M05,P10M05,U04
129,2014-05-28,4853,4892,4776,4846,8267,M05,M00M05,S06M05,U04
130,2014-05-29,4884,5176,4869,5115,35862,P05,M00P05,M10P05,D04
131,2014-05-30,5115,5269,5007,5231,48392,P05,P00P05,S01P05,U04
132,2014-06-02,5376,5376,4969,5023,40765,M01,P00M01,P10M01,T01
133,2014-06-03,5007,5184,4900,5008,28029,K00,M00K00,S07K00,T01
134,2014-06-05,5030,5184,5030,5062,33203,P04,K00P04,S08P04,U04
135,2014-06-09,5230,5230,4907,5069,14821,M01,P00M01,P10M01,U04
136,2014-06-10,5023,5153,4876,4900,11985,M05,M00M05,S05M05,U04
137,2014-06-11,4800,5046,4800,5046,12299,P00,M00P00,M10P00,U01
138,2014-06-12,5130,5130,4930,4931,1602,M01,P00M01,S02M01,T01
139,2014-06-13,4930,5046,4892,5038,2068,P05,M00P05,S03P05,D04
140,2014-06-16,5038,5153,4953,5077,9625,P05,P00P05,S00P05,U04
141,2014-06-17,5046,5146,4946,4977,4003,M05,P00M05,P10M05,U03
142,2014-06-18,4976,5084,4915,5046,672,P05,M00P05,S07P05,U04
143,2014-06-19,5046,5046,4961,5038,2889,M02,P00M02,S02M02,U04
144,2014-06-20,5023,5107,4946,5046,6370,K00,M00K00,S03K00,T01
145,2014-06-23,5000,5000,4915,4915,6770,M00,K00M00,S04M00,U03
146,2014-06-24,4915,5046,4815,4877,4132,M05,M00M05,S07M05,T01
147,2014-06-25,4853,4923,4638,4715,14190,M05,M00M05,M10M05,D04
148,2014-06-26,4869,4869,4684,4692,11129,M01,M00M01,M10M01,U04
149,2014-06-27,4769,4769,4576,4731,13614,M02,M00M02,M10M02,T01
150,2014-06-30,4884,4884,4630,4723,9148,M01,M00M01,M10M01,U04
151,2014-07-01,4838,4838,4638,4662,5084,M01,M00M01,M10M01,U03
152,2014-07-02,4630,4684,4592,4592,12941,M03,M00M03,M10M03,U04
153,2014-07-03,4576,4615,4484,4485,10659,M05,M00M05,M10M05,T01
154,2014-07-04,4484,4507,4346,4346,41766,M03,M00M03,M10M03,T01
155,2014-07-07,4400,4400,4253,4377,18488,M02,M00M02,M10M02,U04
156,2014-07-08,4307,4492,4307,4392,5967,P03,M00P03,M10P03,D04
157,2014-07-09,4500,4500,4307,4308,18030,M01,P00M01,S00M01,D04
158,2014-07-10,4307,4461,4292,4362,10315,P05,M00P05,S03P05,U04
159,2014-07-11,4461,4461,4315,4415,12881,M02,P00M02,S00M02,D04
160,2014-07-14,4430,4576,4376,4377,12721,M05,M00M05,S05M05,U04
161,2014-07-15,4300,4530,4284,4338,11566,P05,M00P05,M10P05,U04
162,2014-07-16,4315,4376,4261,4308,12999,M05,P00M05,S08M05,D04
163,2014-07-17,4230,4307,4169,4200,23739,M05,M00M05,S04M05,U03
164,2014-07-18,4200,4246,4076,4185,17089,M05,M00M05,M10M05,D04
165,2014-07-21,4346,4346,4123,4162,10399,M01,M00M01,M10M01,U04
166,2014-07-22,4200,4261,4146,4177,10162,M05,M00M05,M10M05,T01
167,2014-07-23,4200,4200,4130,4192,20099,M02,M00M02,M10M02,U04
168,2014-07-24,4261,4261,4115,4192,6155,M01,M00M01,S04M01,U04
169,2014-07-25,4200,4261,4161,4215,4918,K00,M00K00,M10K00,T01
170,2014-07-28,4238,4338,4223,4262,16931,P05,K00P05,S01P05,D04
171,2014-07-29,4369,4369,4076,4246,14094,M01,P00M01,P10M01,T01
172,2014-07-30,4338,4338,4153,4231,5306,M01,M00M01,S03M01,T01
173,2014-07-31,4100,4276,4000,4023,31335,M05,M00M05,M10M05,U04
174,2014-08-01,3961,4223,3961,4054,9029,P03,M00P03,M10P03,D04
175,2014-08-04,4015,4200,4000,4115,13100,P05,P00P05,S00P05,D04
176,2014-08-05,4084,4238,4084,4231,8339,P03,P00P03,P10P03,U04
177,2014-08-06,4238,4238,4176,4223,10520,M02,P00M02,P10M02,D04
178,2014-08-07,4446,4446,4238,4269,7260,M01,M00M01,S03M01,U01
179,2014-08-08,4346,4346,4176,4200,7036,M01,M00M01,M10M01,D04
180,2014-08-11,4215,4215,4107,4177,5692,M01,M00M01,M10M01,U04
181,2014-08-12,4207,4800,4153,4154,11737,M05,M00M05,M10M05,U04
182,2014-08-13,4176,4346,4030,4154,21737,M05,M00M05,M10M05,T01
183,2014-08-14,4215,4215,4100,4208,2855,M02,M00M02,M10M02,U04
184,2014-08-18,4207,4292,4115,4123,10144,M05,M00M05,M10M05,U03
185,2014-08-19,4146,4192,3853,4138,4576,M05,M00M05,M10M05,U04
186,2014-08-20,4100,4184,3969,3985,7992,M05,M00M05,M10M05,U04
187,2014-08-21,3984,4076,3684,3808,124126,M05,M00M05,M10M05,T01
188,2014-08-22,3807,3807,3546,3654,59786,M01,M00M01,M10M01,U02
189,2014-08-25,3580,3584,3480,3535,38936,M05,M00M05,M10M05,U02
190,2014-08-26,3380,3523,3380,3485,38232,P03,M00P03,M10P03,U04
191,2014-08-27,3457,3565,3453,3515,21852,P05,P00P05,S08P05,U04
192,2014-08-28,3403,3503,3380,3423,26541,P05,P00P05,P10P05,T01
193,2014-08-29,3423,3423,3215,3231,76920,M01,P00M01,P10M01,T01
194,2014-09-01,3192,3219,2934,2985,113179,M05,M00M05,S07M05,T01
195,2014-09-02,2984,2984,2842,2904,46840,M01,M00M01,M10M01,U04
196,2014-09-03,2869,3330,2869,3146,60870,P03,M00P03,M10P03,U04
197,2014-09-04,3115,3226,3015,3065,44777,M05,P00M05,S02M05,D04
198,2014-09-05,3184,3184,2961,3046,18237,M01,M00M01,S06M01,T01
199,2014-09-11,3092,3092,2969,2988,14490,M01,M00M01,M10M01,U04
200,2014-09-12,3000,3061,2923,2938,20713,M05,M00M05,M10M05,U02
201,2014-09-15,2919,2953,2861,2865,9036,M05,M00M05,M10M05,D04
202,2014-09-16,2865,3176,2865,3069,10594,P03,M00P03,M10P03,D04
203,2014-09-17,3115,3130,3000,3077,10087,M05,P00M05,S02M05,U04
204,2014-09-18,3115,3115,3038,3088,15016,M01,M00M01,S05M01,U03
205,2014-09-19,3123,3123,2988,3008,24190,M01,M00M01,M10M01,U04
206,2014-09-22,2992,3011,2923,2992,11246,K01,M00K01,M10K01,D04
207,2014-09-23,2923,2988,2876,2892,71847,M05,K00M05,M10M05,D04
208,2014-09-24,2892,2976,2876,2885,19244,M05,M00M05,S07M05,D04
209,2014-09-25,2957,2957,2846,2854,68997,M01,M00M01,M10M01,U04
210,2014-09-26,2884,2900,2819,2846,16645,M05,M00M05,M10M05,D04
211,2014-09-29,2900,2900,2776,2846,13214,M01,M00M01,M10M01,U04
212,2014-09-30,2769,2826,2769,2808,12471,P03,M00P03,M10P03,T01
213,2014-10-01,2792,2823,2715,2731,18558,M05,P00M05,S08M05,D04
214,2014-10-02,2707,2776,2700,2723,7281,P05,M00P05,S07P05,D04
215,2014-10-06,2734,2884,2657,2715,14601,M05,P00M05,S08M05,U04
216,2014-10-07,2646,2707,2550,2569,46924,M05,M00M05,S04M05,D04
217,2014-10-08,2465,2503,2411,2454,49053,M05,M00M05,M10M05,D04
218,2014-10-10,2461,2499,2315,2365,44392,M05,M00M05,M10M05,D04
219,2014-10-13,2361,2484,2323,2346,27605,M05,M00M05,M10M05,D04
220,2014-10-14,2346,2530,2326,2515,33449,P05,M00P05,M10P05,D04
221,2014-10-15,2515,2569,2473,2477,41671,M05,P00M05,S02M05,U04
222,2014-10-16,2484,2815,2426,2646,42290,P05,M00P05,S03P05,D04
223,2014-10-17,2646,2869,2584,2635,72542,M05,P00M05,S01M05,U01
224,2014-10-20,2600,2769,2600,2750,22934,P03,M00P03,S03P03,U04
225,2014-10-21,2761,2796,2711,2769,39727,K00,P00K00,S02K00,U04
226,2014-10-22,2730,2784,2615,2631,53629,M05,K00M05,P10M05,U04
227,2014-10-23,2630,2726,2488,2631,31785,K00,M00K00,S07K00,D04
228,2014-10-24,2615,2757,2492,2600,17356,M05,K00M05,S08M05,U04
229,2014-10-27,2592,2592,2450,2519,40431,M01,M00M01,S07M01,U04
230,2014-10-28,2526,2576,2507,2535,13394,K00,M00K00,M10K00,U01
231,2014-10-29,2576,2665,2503,2658,15302,P05,K00P05,S01P05,U04
232,2014-10-30,2676,2826,2653,2723,15019,P05,P00P05,P10P05,D04
233,2014-10-31,2792,2796,2657,2692,27425,M05,P00M05,P10M05,U04
234,2014-11-03,2692,2900,2630,2831,21049,P05,M00P05,S03P05,U04
235,2014-11-04,2830,2830,2676,2765,19052,M01,P00M01,S02M01,U03
236,2014-11-05,2769,2769,2630,2762,25979,M02,M00M02,S06M02,D04
237,2014-11-06,2765,2823,2630,2723,10457,M05,M00M05,M10M05,T01
238,2014-11-07,2726,2823,2603,2673,20990,M05,M00M05,M10M05,U04
239,2014-11-10,2642,2750,2638,2673,11997,P05,M00P05,M10P05,T01
240,2014-11-11,2669,3073,2669,3038,41134,P13,P00P13,S08P13,U04
241,2014-11-12,3215,3215,2884,2931,29015,M01,P10M01,P10M01,U03
242,2014-11-13,2930,2992,2892,2977,9090,P05,M00P05,S03P05,U04
243,2014-11-14,2988,2988,2784,2904,37701,M01,P00M01,S00M01,U02
244,2014-11-17,2961,2984,2846,2927,16685,M05,M00M05,S07M05,U03
245,2014-11-18,2896,3065,2807,2846,20433,M05,M00M05,M10M05,D04
246,2014-11-19,2846,2961,2826,2954,15534,P05,M00P05,M10P05,U04
247,2014-11-20,2953,3030,2830,2831,17167,M05,P00M05,S02M05,D04
248,2014-11-21,2830,2888,2723,2846,8875,P05,M00P05,S07P05,U04
249,2014-11-24,2846,3000,2823,2954,20562,P05,P00P05,S00P05,U03
250,2014-11-25,3003,3003,2842,2900,24028,M01,P00M01,P10M01,U04
251,2014-11-26,2903,3000,2884,2954,11766,P05,M00P05,S03P05,U01
252,2014-11-27,2869,3011,2869,2877,8550,K02,P00K02,S01K02,U01
253,2014-11-28,2869,2926,2811,2892,11130,P05,K00P05,P10P05,U04
254,2014-12-01,2892,2988,2800,2873,8197,M05,P00M05,S04M05,U01
255,2014-12-02,2819,2923,2819,2854,3096,P03,M00P03,S04P03,D04
256,2014-12-03,2857,2992,2811,2812,15108,M05,P00M05,S08M05,U04
257,2014-12-04,2811,2919,2811,2854,6841,P03,M00P03,S07P03,U04
258,2014-12-05,2853,2953,2846,2873,6076,P05,P00P05,S00P05,T01
259,2014-12-08,2873,2923,2819,2865,2074,M05,P00M05,P10M05,U03
260,2014-12-09,2865,2896,2826,2838,2850,M05,M00M05,S04M05,D04
261,2014-12-10,2892,3000,2826,2827,8346,M05,M00M05,M10M05,U04
262,2014-12-11,2823,2938,2792,2923,5806,P05,M00P05,M10P05,D04
263,2014-12-12,2884,2923,2815,2869,4275,M05,P00M05,S02M05,U04
264,2014-12-15,2807,2900,2707,2900,9500,P01,M00P01,S06P01,D04
265,2014-12-16,2815,2934,2815,2915,7173,P03,P00P03,S02P03,D04
266,2014-12-17,2915,3088,2884,2904,4661,M05,P00M05,P10M05,D04
267,2014-12-18,2903,3050,2830,2862,17513,M05,M00M05,S03M05,U04
268,2014-12-19,2865,2973,2865,2904,117,P03,M00P03,M10P03,U04
269,2014-12-22,2907,2957,2788,2873,7911,M05,P00M05,S01M05,U04
270,2014-12-23,2846,2938,2738,2915,10447,P05,M00P05,S03P05,U04
271,2014-12-24,2888,2888,2784,2835,19375,M01,P00M01,S02M01,D04
272,2014-12-26,2776,2873,2746,2769,11623,M05,M00M05,S07M05,U03
273,2014-12-29,2750,2846,2730,2835,7118,P05,M00P05,M10P05,U04
274,2014-12-30,2838,2896,2811,2815,3734,M05,P00M05,S02M05,T01
275,2015-01-02,2823,2907,2769,2785,6603,M05,M00M05,S03M05,D04
276,2015-01-05,2788,2880,2788,2842,905,P03,M00P03,M10P03,T01
277,2015-01-06,2842,2976,2734,2788,17437,M05,P00M05,S01M05,D04
278,2015-01-07,2792,2880,2707,2792,14150,K00,M00K00,S07K00,D04
279,2015-01-08,2915,2923,2803,2869,7135,M05,K00M05,M10M05,U04
280,2015-01-09,2869,2919,2853,2862,13207,M05,M00M05,S05M05,U04
281,2015-01-12,2861,2961,2807,2938,8612,P05,M00P05,M10P05,D04
282,2015-01-13,2892,2950,2869,2923,9530,P05,P00P05,S02P05,D04
283,2015-01-14,2946,3015,2923,2938,37198,M05,P00M05,P10M05,T01
284,2015-01-15,2980,3376,2953,3377,251112,P11,M00P11,S05P11,D04
285,2015-01-16,3469,3669,3230,3231,281480,M05,P10M05,S01M05,D04
286,2015-01-19,3230,3653,3230,3485,167953,P03,M00P03,S03P03,D04
287,2015-01-20,3576,3630,3346,3515,76376,M05,P00M05,S02M05,U04
288,2015-01-21,3523,3600,3196,3223,88626,M05,M00M05,S05M05,U04
289,2015-01-22,3230,3261,3015,3015,160083,M03,M00M03,M10M03,U03
290,2015-01-23,3019,3115,3003,3054,49091,P05,M00P05,M10P05,U04
291,2015-01-26,3092,3273,3065,3177,55638,P05,P00P05,S01P05,U02
292,2015-01-27,3084,3211,3084,3135,32455,P03,P00P03,P10P03,U04
293,2015-01-28,3142,3284,3142,3150,37878,K02,P00K02,P10K02,D04
294,2015-01-29,3157,3315,3157,3235,42321,P03,K00P03,P10P03,D04
295,2015-01-30,3234,3369,3211,3346,29776,P05,P00P05,P10P05,U04
296,2015-02-02,3480,3484,3346,3350,37098,M05,P00M05,P10M05,D04
297,2015-02-03,3315,3357,3265,3327,37435,K00,M00K00,S05K00,U04
298,2015-02-04,3423,3492,3330,3469,80132,P05,K00P05,S08P05,U04
299,2015-02-05,3492,3715,3492,3638,78838,P03,P00P03,P10P03,T01
300,2015-02-06,3673,3834,3638,3815,107811,P05,P00P05,P10P05,U04
301,2015-02-09,3846,3992,3784,3977,105159,P05,P00P05,P10P05,D04
302,2015-02-10,4107,4107,3688,3815,62466,M01,P00M01,P10M01,D04
303,2015-02-11,3769,3846,3676,3769,57013,K00,M00K00,S07K00,U04
304,2015-02-12,3746,4107,3746,4038,58246,P03,K00P03,M10P03,U04
305,2015-02-13,4046,4323,4046,4115,94369,P04,P00P04,P10P04,U04
306,2015-02-16,3953,4215,3853,4208,85505,P05,P00P05,P10P05,U04
307,2015-02-17,4323,4323,4192,4215,35035,M01,P00M01,P10M01,U04
308,2015-02-23,4215,4453,4130,4362,40929,P05,M00P05,S05P05,U04
309,2015-02-24,4361,4461,4238,4315,27091,M05,P00M05,S02M05,U02
310,2015-02-25,4461,4461,4200,4262,52116,M01,M00M01,S06M01,U02
311,2015-02-26,4261,4261,4053,4262,31914,K01,M00K01,M10K01,T01
312,2015-02-27,4246,4369,4215,4277,31064,P05,K00P05,S08P05,U04
313,2015-03-02,4346,4346,4200,4246,31690,M01,P00M01,S04M01,D04
314,2015-03-03,4223,4223,3969,3992,57216,M01,M00M01,S07M01,U04
315,2015-03-04,3992,4138,3953,4062,48043,P05,M00P05,M10P05,D04
316,2015-03-05,4076,4076,3930,4000,22773,M01,P00M01,S00M01,T01
317,2015-03-06,4000,4015,3792,3808,52242,M05,M00M05,S03M05,U04
318,2015-03-09,3830,3830,3638,3738,54236,M01,M00M01,M10M01,D04
319,2015-03-10,3796,3796,3507,3550,36966,M01,M00M01,M10M01,U04
320,2015-03-11,3473,3592,3450,3550,28175,P05,M00P05,M10P05,D04
321,2015-03-12,3592,3607,3473,3492,44635,M05,P00M05,S08M05,T01
322,2015-03-13,3496,3588,3315,3381,86232,M05,M00M05,S03M05,U04
323,2015-03-16,3461,3461,3346,3419,14556,M01,M00M01,M10M01,D04
324,2015-03-17,3569,3569,3461,3527,17002,M01,M00M01,M10M01,U04
325,2015-03-18,3530,3615,3530,3592,24823,P03,M00P03,M10P03,U02
326,2015-03-19,3615,3803,3561,3800,30484,P05,P00P05,S01P05,U04
327,2015-03-20,3738,3800,3688,3723,18162,M05,P00M05,P10M05,U03
328,2015-03-23,3630,3684,3523,3546,35770,M05,M00M05,S06M05,U04
329,2015-03-24,3542,3542,3438,3515,14045,M02,M00M02,M10M02,D04
330,2015-03-25,3515,3846,3507,3623,21693,P05,M00P05,M10P05,D04
331,2015-03-26,3573,3623,3515,3515,16943,M03,P00M03,S02M03,D04
332,2015-03-27,3457,3550,3423,3531,21335,P05,M00P05,S07P05,T01
333,2015-03-30,3730,3730,3550,3600,17190,M01,P00M01,S00M01,U04
334,2015-03-31,3600,3757,3600,3708,28540,P03,M00P03,S05P03,U04
335,2015-04-01,3688,3792,3634,3712,9899,P05,P00P05,S00P05,D04
336,2015-04-02,3719,3961,3680,3723,18900,K02,P00K02,P10K02,D04
337,2015-04-03,3807,3923,3730,3915,28404,P05,K00P05,S04P05,D04
338,2015-04-06,4000,4038,3846,3900,17218,M05,P00M05,P10M05,U02
339,2015-04-07,3984,3992,3811,3900,12919,M05,M00M05,S03M05,U04
340,2015-04-08,3938,3969,3796,3796,12316,M03,M00M03,M10M03,T01
341,2015-04-09,3769,3953,3753,3796,15019,P05,M00P05,M10P05,U04
342,2015-04-10,3807,3892,3696,3731,20317,M05,P00M05,S08M05,U04
343,2015-04-13,3838,3846,3576,3608,28834,M05,M00M05,S07M05,U04
344,2015-04-14,3746,3746,3500,3615,23537,M01,M00M01,M10M01,T01
345,2015-04-15,3900,3900,3507,3565,9270,M01,M00M01,M10M01,T01
346,2015-04-16,3569,3730,3523,3692,8744,P05,M00P05,M10P05,U04
347,2015-04-17,3696,3915,3530,3615,22204,M05,P00M05,S01M05,T01
348,2015-04-20,3561,3565,3453,3485,46950,M05,M00M05,S03M05,D04
349,2015-04-21,3419,3530,3415,3435,54250,K02,M00K02,M10K02,U04
350,2015-04-22,3469,3750,3373,3431,47799,M05,K00M05,S08M05,U04
351,2015-04-23,3534,3673,3442,3619,24339,P05,M00P05,S03P05,U04
352,2015-04-24,3580,3750,3473,3515,43985,M05,P00M05,S01M05,U04
353,2015-04-27,3600,3803,3550,3804,31871,P01,M00P01,S07P01,U04
354,2015-04-28,3765,3853,3734,3800,23054,P05,P00P05,S01P05,D04
355,2015-04-29,3769,3800,3657,3750,9875,M05,P00M05,P10M05,T01
356,2015-04-30,3750,3800,3707,3712,7957,M05,M00M05,S07M05,D04
357,2015-05-04,3711,3711,3500,3562,10491,M01,M00M01,M10M01,U04
358,2015-05-06,3496,3573,3403,3515,17924,P05,M00P05,M10P05,D04
359,2015-05-07,3569,3573,3434,3569,4036,K01,P00K01,S08K01,D04
360,2015-05-08,3569,3846,3569,3746,27312,P03,K00P03,P10P03,U04
361,2015-05-11,3780,3780,3619,3650,20256,M01,P00M01,P10M01,U04
362,2015-05-12,3580,3692,3557,3615,17719,P05,M00P05,S03P05,T01
363,2015-05-13,3615,4107,3538,3815,103107,P05,P00P05,S08P05,D04
364,2015-05-14,3780,4161,3780,4015,111837,P03,P00P03,P10P03,U02
365,2015-05-15,4076,4615,4076,4423,490726,P03,P00P03,P10P03,U04
366,2015-05-18,4307,5084,4246,4808,287386,P15,P00P15,P10P15,T01
367,2015-05-19,4830,5138,4769,5023,182179,P05,P10P05,P10P05,U04
368,2015-05-20,5023,5115,4938,5023,85050,K00,P00K00,P10K00,T01
369,2015-05-21,4930,5300,4923,5000,120631,P05,K00P05,P10P05,T01
370,2015-05-22,5292,5292,4884,4977,143097,M01,P00M01,P10M01,U04
371,2015-05-26,4976,5000,4876,4954,91852,M05,M00M05,S03M05,T01
372,2015-05-27,5061,5061,4784,4962,31626,M01,M00M01,M10M01,D04
373,2015-05-28,4999,5069,4846,4923,50883,M05,M00M05,M10M05,U04
374,2015-05-29,4923,4923,4807,4846,29153,M01,M00M01,M10M01,T01
375,2015-06-01,4846,5007,4753,4985,20358,P05,M00P05,M10P05,D04
376,2015-06-02,5015,5038,4938,5015,54590,K01,P00K01,S02K01,U03
377,2015-06-03,4961,5230,4884,5185,107237,P05,K00P05,P10P05,T01
378,2015-06-04,5284,5300,4938,4977,65835,M05,P00M05,P10M05,U04
379,2015-06-05,4923,5038,4876,4977,17696,P05,M00P05,S03P05,D04
380,2015-06-08,4907,4923,4792,4869,18439,M05,P00M05,S08M05,U03
381,2015-06-09,4869,4992,4769,4992,20535,P01,M00P01,S07P01,D04
382,2015-06-10,4992,5038,4807,4900,16679,M05,P00M05,S02M05,T01
383,2015-06-11,4884,4884,4484,4485,138733,M01,M00M01,S03M01,U04
384,2015-06-12,4453,4569,4076,4115,162196,M05,M00M05,M10M05,U02
385,2015-06-15,4069,4346,4007,4215,55680,P05,M00P05,M10P05,D04
386,2015-06-16,4100,4330,4015,4215,42941,P05,P00P05,S00P05,D04
387,2015-06-17,4215,4215,3884,3885,67804,M01,P00M01,P10M01,U04
388,2015-06-18,3884,3992,3726,3731,129826,M05,M00M05,S07M05,U03
389,2015-06-19,3830,3869,3726,3846,47204,K01,M00K01,M10K01,U04
390,2015-06-22,3753,4038,3753,4015,29173,P03,K00P03,S01P03,D04
391,2015-06-23,3961,4200,3946,4000,74229,P05,P00P05,P10P05,U04
392,2015-06-24,3961,4300,3961,4215,48724,P03,P00P03,P10P03,U02
393,2015-06-25,4238,4615,4238,4346,32431,P04,P00P04,P10P04,D04
394,2015-06-26,4476,4492,4238,4308,31639,M05,P00M05,P10M05,T01
395,2015-06-29,4384,4384,4123,4185,15280,M01,M00M01,S03M01,D04
396,2015-06-30,4038,4184,3946,4169,19594,P05,M00P05,M10P05,D04
397,2015-07-01,4415,4415,4107,4277,18137,M01,P00M01,S08M01,U04
398,2015-07-02,4423,4423,4200,4262,3730,M01,M00M01,S05M01,U04
399,2015-07-03,4415,4415,3923,4154,51137,M01,M00M01,M10M01,U04
400,2015-07-06,4153,4307,3961,4000,30246,M05,M00M05,M10M05,T01
401,2015-07-07,3984,4115,3773,3862,64571,M05,M00M05,M10M05,D04
402,2015-07-08,3853,3976,3757,3885,35539,P05,M00P05,M10P05,U02
403,2015-07-09,3861,3938,3807,3900,6628,P05,P00P05,S00P05,D04
404,2015-07-10,3773,4123,3773,3869,25389,P04,P00P04,P10P04,U03
405,2015-07-13,4253,4253,3876,3931,19568,M01,P00M01,P10M01,U04
406,2015-07-14,4076,4076,3846,3915,35984,M01,M00M01,S05M01,U04
407,2015-07-15,3853,4000,3846,4000,11137,P01,M00P01,M10P01,U04
408,2015-07-16,4030,4030,3876,3931,18105,M01,P00M01,S00M01,T01
409,2015-07-17,4023,4153,3923,4046,29260,P05,M00P05,S03P05,U04
410,2015-07-20,4046,4184,3976,4015,17942,M05,P00M05,S01M05,U04
411,2015-07-21,4053,4076,3846,3846,28142,M03,M00M03,S04M03,U03
412,2015-07-22,3884,3884,3769,3846,36353,M02,M00M02,M10M02,T01
413,2015-07-23,3846,3846,3692,3731,40133,M01,M00M01,M10M01,D04
414,2015-07-24,3730,3838,3684,3738,18158,K00,M00K00,M10K00,D04
415,2015-07-27,3730,4000,3546,3731,28098,K00,K00K00,S00K00,D04
416,2015-07-28,3730,3730,3519,3635,27516,M01,K00M01,S04M01,D04
417,2015-07-29,3634,3834,3542,3631,18659,M05,M00M05,S07M05,U04
418,2015-07-30,3630,3630,3484,3565,15342,M01,M00M01,M10M01,U04
419,2015-07-31,3580,3661,3384,3523,39810,M05,M00M05,M10M05,U04
420,2015-08-03,3811,3811,3234,3292,92136,M11,M00M11,M10M11,T01
421,2015-08-04,3330,3503,3288,3331,40886,K02,M10K02,M10K02,T01
422,2015-08-05,3503,3884,3353,3608,21120,P05,K00P05,S01P05,T01
423,2015-08-06,3830,3830,3569,3692,14490,M01,P00M01,P10M01,U04
424,2015-08-07,3692,3846,3692,3769,17132,P03,M00P03,S05P03,D04
425,2015-08-10,3723,3723,3538,3615,8515,M01,P00M01,S00M01,T01
426,2015-08-11,3615,3823,3526,3808,17644,P05,M00P05,S07P05,U04
427,2015-08-12,3907,3907,3523,3538,16442,M01,P00M01,S02M01,D04
428,2015-08-13,3538,3596,3450,3531,8284,M05,M00M05,S07M05,U02
429,2015-08-17,3546,3811,3546,3635,16571,P03,M00P03,M10P03,U04
430,2015-08-18,3634,3688,3515,3681,14589,P05,P00P05,S01P05,U04
431,2015-08-19,3526,3757,3526,3546,8045,P04,P00P04,P10P04,D04
432,2015-08-20,3592,3592,3396,3569,26776,M02,P00M02,P10M02,D04
433,2015-08-21,3538,3569,2588,3215,22604,M05,M00M05,S05M05,D04
434,2015-08-24,3323,3507,3080,3081,13281,M05,M00M05,M10M05,D04
435,2015-08-25,3080,3476,2892,3231,27206,P05,M00P05,M10P05,D04
436,2015-08-26,3246,3457,3223,3231,7695,M05,P00M05,S00M05,D04
437,2015-08-27,3246,3442,3234,3319,7462,P05,M00P05,S03P05,U04
438,2015-08-28,3311,3461,3288,3354,7691,P05,P00P05,S01P05,U04
439,2015-08-31,3423,3676,3326,3362,17931,M05,P00M05,P10M05,U04
440,2015-09-01,3615,3765,3392,3688,30067,P05,M00P05,S05P05,D04
441,2015-09-02,3838,3838,3619,3692,20811,M01,P00M01,S01M01,D04
442,2015-09-03,3953,4423,3738,3954,179572,K00,M00K00,S05K00,U04
443,2015-09-04,3953,4015,3661,3842,36801,M05,K00M05,S01M05,D04
444,2015-09-07,3842,3992,3661,3715,14602,M05,M00M05,S07M05,D04
445,2015-09-08,3715,3734,3553,3615,19671,M05,M00M05,M10M05,D04
446,2015-09-09,3619,3846,3619,3796,12345,P03,M00P03,M10P03,U04
447,2015-09-10,3723,3838,3711,3819,11312,P05,P00P05,S01P05,D04
448,2015-09-11,3723,3823,3707,3800,6841,P05,P00P05,P10P05,U04
449,2015-09-14,3680,3757,3669,3700,7777,P05,P00P05,P10P05,U04
450,2015-09-15,3661,3707,3650,3673,2186,K00,P00K00,P10K00,D04
451,2015-09-16,3803,3803,3673,3746,318,M01,K00M01,P10M01,U04
452,2015-09-17,3746,3796,3588,3685,6691,M05,M00M05,S05M05,U04
453,2015-09-18,3680,3811,3615,3758,13823,P05,M00P05,M10P05,U02
454,2015-09-21,3676,3953,3676,3854,9986,P03,P00P03,S02P03,D04
455,2015-09-22,3892,3923,3834,3908,13568,K01,P00K01,P10K01,U01
456,2015-09-23,3938,3938,3773,3827,5051,M01,K00M01,P10M01,D04
457,2015-09-24,3826,3826,3707,3715,7429,M01,M00M01,S07M01,T01
458,2015-09-25,3846,3846,3726,3765,5348,M01,M00M01,M10M01,D04
459,2015-09-30,3765,3842,3761,3804,4224,P05,M00P05,M10P05,D04
460,2015-10-01,3803,3803,3734,3735,8599,M01,P00M01,S00M01,U04
461,2015-10-02,3750,3769,3676,3692,16076,M05,M00M05,S07M05,U02
462,2015-10-05,3915,3915,3646,3708,30445,M01,M00M01,M10M01,U04
463,2015-10-06,3830,3846,3646,3700,50313,M05,M00M05,M10M05,U04
464,2015-10-07,3900,3900,3665,3670,31156,M01,M00M01,M10M01,D04
465,2015-10-08,3880,3880,3660,3800,18353,M01,M00M01,M10M01,U04
466,2015-10-12,3800,3940,3685,3685,16210,M03,M00M03,M10M03,U04
467,2015-10-13,3655,3685,3495,3540,15479,M05,M00M05,M10M05,U03
468,2015-10-14,3465,3550,3345,3375,9955,M05,M00M05,M10M05,D04
469,2015-10-15,3400,3490,3365,3370,15154,M05,M00M05,M10M05,D04
470,2015-10-16,3440,3600,3315,3470,29603,P05,M00P05,M10P05,U04
471,2015-10-19,3600,3600,3500,3535,10113,M01,P00M01,S01M01,U04
472,2015-10-20,3535,4595,3495,3635,251058,P05,M00P05,S05P05,U04
473,2015-10-21,3750,3790,3610,3760,28013,K01,P00K01,S02K01,D04
474,2015-10-22,3765,3830,3615,3700,16567,M05,K00M05,P10M05,D04
475,2015-10-23,3825,3825,3530,3665,20018,M01,M00M01,S07M01,U04
476,2015-10-26,3750,3815,3410,3495,28930,M05,M00M05,M10M05,U04
477,2015-10-27,3515,3800,3505,3520,17851,K02,M00K02,M10K02,U01
478,2015-10-28,3600,3650,3475,3485,15865,M05,K00M05,S01M05,T01
479,2015-10-29,3440,3520,3400,3475,10003,P05,M00P05,S07P05,U04
480,2015-10-30,3875,3875,3370,3385,9224,M11,P00M11,S08M11,D04
481,2015-11-02,3585,3585,3230,3305,29516,M01,M10M01,S07M01,D04
482,2015-11-03,3305,3470,3280,3280,20615,M04,M00M04,M10M04,U04
483,2015-11-04,3365,3380,3225,3320,18531,M05,M00M05,M10M05,U04
484,2015-11-05,3420,3445,3300,3310,7909,M05,M00M05,M10M05,T01
485,2015-11-06,3325,3475,3290,3300,5500,M05,M00M05,M10M05,D04
486,2015-11-09,3300,3400,3220,3295,17606,M05,M00M05,M10M05,U04
487,2015-11-10,3245,3490,3145,3160,18980,M05,M00M05,S04M05,D04
488,2015-11-11,3110,3300,3110,3200,10049,P03,M00P03,M10P03,T01
489,2015-11-12,3300,3300,3180,3215,7405,M01,P00M01,S00M01,D04
490,2015-11-13,3215,3220,3170,3180,2721,M05,M00M05,S05M05,D04
491,2015-11-16,3230,3270,3110,3240,3701,K01,M00K01,M10K01,D04
492,2015-11-17,3300,3300,3145,3210,2556,M01,K00M01,S01M01,U04
493,2015-11-18,3180,3190,3065,3110,9522,M05,M00M05,S07M05,T01
494,2015-11-19,3100,3145,2960,2995,15927,M05,M00M05,M10M05,U04
495,2015-11-20,3090,3095,2930,3095,19996,K01,M00K01,M10K01,T01
496,2015-11-23,3100,3125,3020,3100,12436,K01,K00K01,S01K01,U04
497,2015-11-24,3100,3535,3010,3010,13366,M04,K00M04,S04M04,T01
498,2015-11-25,3130,3130,3000,3050,4135,M01,M00M01,S07M01,T01
499,2015-11-26,3150,3150,3020,3025,11878,M01,M00M01,M10M01,T01
500,2015-11-27,3150,3150,2985,2990,7884,M01,M00M01,M10M01,U03
501,2015-11-30,3045,3045,2960,3005,5741,M01,M00M01,M10M01,U03
502,2015-12-01,3110,3110,2940,2940,8382,M00,M00M00,M10M00,D04
503,2015-12-02,3025,3025,2890,2905,2534,M01,M00M01,M10M01,U04
504,2015-12-03,2855,2990,2840,2960,941,P05,M00P05,M10P05,D04
505,2015-12-04,2880,2990,2800,2980,5054,P05,P00P05,S00P05,D04
506,2015-12-07,2975,2980,2910,2975,2911,K01,P00K01,P10K01,U04
507,2015-12-08,2920,3025,2855,2875,10444,M05,K00M05,P10M05,D04
508,2015-12-09,2865,3060,2865,2900,5662,P04,M00P04,S07P04,T01
509,2015-12-10,2860,2910,2725,2730,23866,M05,P00M05,S00M05,D04
510,2015-12-11,2700,3000,2700,2750,18124,P04,M00P04,S07P04,U04
511,2015-12-14,3000,3000,2710,2740,3801,M01,P00M01,S00M01,D04
512,2015-12-15,2900,2900,2640,2710,21626,M01,M00M01,S03M01,U04
513,2015-12-16,2620,2735,2620,2700,18431,P03,M00P03,M10P03,U04
514,2015-12-17,2780,2880,2750,2820,3114,P05,P00P05,S08P05,U04
515,2015-12-18,2785,2940,2780,2830,6442,P05,P00P05,P10P05,D04
516,2015-12-21,2735,2965,2735,2840,13492,P03,P00P03,P10P03,D04
517,2015-12-22,3000,3000,2750,2840,7203,M01,P00M01,P10M01,U04
518,2015-12-23,2770,2820,2725,2820,18206,P01,M00P01,S03P01,U04
519,2015-12-24,2900,2900,2730,2735,9460,M01,P00M01,S08M01,U04
520,2015-12-28,2670,2820,2645,2820,16474,P01,M00P01,S07P01,U01
521,2015-12-29,2750,2850,2710,2710,10684,M04,P00M04,S00M04,T01
522,2015-12-30,2695,2800,2630,2700,9845,K00,M00K00,S06K00,U04
523,2016-01-04,2895,2895,2670,2700,2012,M01,K00M01,S08M01,D04
524,2016-01-05,2705,2710,2655,2710,6802,K01,M00K01,S03K01,D04
525,2016-01-06,2700,2800,2675,2750,3207,P05,K00P05,S01P05,T01
526,2016-01-07,2765,2765,2650,2655,7299,M01,P00M01,P10M01,D04
527,2016-01-08,2655,2690,2605,2670,19805,P05,M00P05,S07P05,D04
528,2016-01-11,2675,2725,2630,2700,2745,P05,P00P05,S00P05,D04
529,2016-01-12,2610,2705,2605,2610,9517,K02,P00K02,P10K02,T01
530,2016-01-13,2610,2655,2595,2600,8763,M05,K00M05,P10M05,U04
531,2016-01-14,2595,2740,2550,2570,8045,M05,M00M05,S04M05,D04
532,2016-01-15,2620,2655,2415,2560,21583,M05,M00M05,M10M05,U04
533,2016-01-18,2415,2560,2415,2490,20829,P03,M00P03,M10P03,U04
534,2016-01-19,2490,2750,2490,2515,6802,P04,P00P04,S08P04,D04
535,2016-01-20,2520,2645,2515,2550,9063,P05,P00P05,P10P05,T01
536,2016-01-21,2550,2620,2445,2445,7140,M03,P00M03,P10M03,T01
537,2016-01-22,2475,2540,2445,2445,15839,M04,M00M04,S07M04,T01
538,2016-01-25,2445,2540,2400,2490,5589,P05,M00P05,M10P05,U04
539,2016-01-26,2490,2490,2355,2405,21179,M01,P00M01,S02M01,D04
540,2016-01-27,2390,2430,2350,2350,33065,M03,M00M03,S07M03,U04
541,2016-01-28,2430,2430,2250,2410,45428,M02,M00M02,M10M02,D04
542,2016-01-29,2405,2480,2370,2470,30717,P05,M00P05,M10P05,U04
543,2016-02-01,2470,2495,2405,2405,17557,M03,P00M03,S02M03,U04
544,2016-02-02,2360,2430,2330,2430,8231,P01,M00P01,S07P01,U02
545,2016-02-03,2475,2475,2395,2435,30014,M01,P00M01,S00M01,D04
546,2016-02-04,2435,2460,2380,2435,19879,K00,M00K00,S05K00,D04
547,2016-02-05,2410,2510,2380,2395,31649,M05,K00M05,M10M05,U02
548,2016-02-11,2380,2410,2350,2405,2777,P05,M00P05,S07P05,U04
549,2016-02-12,2425,2425,2350,2355,9100,M01,P00M01,S00M01,D04
550,2016-02-15,2340,2400,2310,2355,7352,P05,M00P05,S07P05,D04
551,2016-02-16,2400,2420,2355,2405,6323,K01,P00K01,S08K01,U04
552,2016-02-17,2410,2700,2355,2450,46692,P05,K00P05,P10P05,U04
553,2016-02-18,2490,3185,2490,2950,2986670,P13,P00P13,P10P13,U04
554,2016-02-19,2925,2930,2785,2855,564631,M05,P10M05,P10M05,D04
555,2016-02-22,2855,2930,2755,2900,319743,P05,M00P05,S06P05,U04
556,2016-02-23,2900,2925,2765,2765,138950,M03,P00M03,S00M03,U04
557,2016-02-24,2760,2845,2710,2710,71269,M03,M00M03,S07M03,D04
558,2016-02-25,2750,2750,2605,2700,80288,M01,M00M01,M10M01,U04
559,2016-02-26,2700,2770,2650,2720,37531,P05,M00P05,M10P05,U04
560,2016-02-29,2685,2740,2620,2640,38462,M05,P00M05,S00M05,U03
561,2016-03-02,2645,2815,2645,2740,92635,P03,M00P03,S07P03,U04
562,2016-03-03,2760,2785,2670,2765,43246,K01,P00K01,S01K01,U04
563,2016-03-04,2770,2775,2705,2720,11101,M05,K00M05,P10M05,U01
564,2016-03-07,2770,2840,2720,2745,37035,M05,M00M05,S07M05,U03
565,2016-03-08,2745,2870,2735,2745,34026,K02,M00K02,M10K02,T01
566,2016-03-09,2815,2815,2735,2735,11696,M00,K00M00,S04M00,D04
567,2016-03-10,2790,2790,2720,2755,19383,M01,M00M01,S07M01,U04
568,2016-03-11,2755,2795,2715,2780,9415,P05,M00P05,M10P05,T01
569,2016-03-14,2800,2800,2705,2735,13338,M01,P00M01,S00M01,U04
570,2016-03-15,2730,2790,2715,2780,8884,P05,M00P05,S07P05,U01
571,2016-03-16,2835,2835,2720,2740,17721,M01,P00M01,S00M01,D04
572,2016-03-17,2740,2780,2670,2700,51396,M05,M00M05,S03M05,U04
573,2016-03-18,2700,2715,2685,2695,24611,M05,M00M05,M10M05,U03
574,2016-03-21,2700,2720,2655,2690,37968,M05,M00M05,M10M05,U04
575,2016-03-22,2690,2915,2640,2915,159970,P01,M00P01,S04P01,U04
576,2016-03-23,2915,3035,2830,3025,164085,P05,P00P05,S02P05,U03
577,2016-03-24,3030,3055,2950,3015,86525,M05,P00M05,P10M05,D04
578,2016-03-25,3080,3140,2830,3090,171534,K01,M00K01,S03K01,D04
579,2016-03-28,3240,4010,3210,3650,3367965,P15,K00P15,S01P15,U02
580,2016-03-29,3715,4150,3355,3905,2212082,P05,P10P05,P10P05,T01
581,2016-03-30,3730,3940,3670,3920,1063439,P05,P00P05,P10P05,U04
582,2016-03-31,3820,3920,3695,3900,726762,P05,P00P05,P10P05,U04
583,2016-04-01,3880,3905,3680,3700,271045,M05,P00M05,P10M05,T01
584,2016-04-04,3700,3720,3510,3595,257171,M05,M00M05,S07M05,U04
585,2016-04-05,3565,3580,3370,3415,237398,M05,M00M05,M10M05,D04
586,2016-04-06,3430,3620,3385,3620,170584,P01,M00P01,M10P01,D04
587,2016-04-07,3665,3715,3530,3615,218986,M05,P00M05,S01M05,U04
588,2016-04-08,3675,3700,3495,3650,60104,M05,M00M05,S03M05,D04
589,2016-04-11,3715,3820,3495,3510,252138,M05,M00M05,M10M05,U01
590,2016-04-12,3500,3560,3470,3480,37257,M05,M00M05,M10M05,D04
591,2016-04-14,3455,3540,3375,3465,77135,K00,M00K00,M10K00,U04
592,2016-04-15,3465,4350,3465,3850,3263918,P14,K00P14,S08P14,T01
593,2016-04-18,3800,4140,3745,3830,554881,P05,P10P05,P10P05,T01
594,2016-04-19,3930,3945,3695,3840,244545,M05,P00M05,P10M05,U04
595,2016-04-20,3765,3825,3615,3640,207284,M05,M00M05,S05M05,D04
596,2016-04-21,3615,3680,3490,3540,167010,M05,M00M05,M10M05,U02
597,2016-04-22,3485,3680,3460,3665,141239,P05,M00P05,M10P05,T01
598,2016-04-25,3590,3665,3465,3540,74812,M05,P00M05,S02M05,D04
599,2016-04-26,3540,3540,3260,3420,126400,M01,M00M01,S06M01,T01
600,2016-04-27,3420,3465,3350,3385,42884,M05,M00M05,M10M05,T01
601,2016-04-28,3415,3505,3350,3475,76283,P05,M00P05,M10P05,D04
602,2016-04-29,3425,3500,3275,3380,41672,M05,P00M05,S01M05,D04
603,2016-05-02,3380,3495,3270,3400,31189,P05,M00P05,S07P05,D04
604,2016-05-03,3390,3490,3245,3300,65637,M05,P00M05,S00M05,U04
605,2016-05-04,3300,3340,3210,3245,31517,M05,M00M05,S07M05,D04
606,2016-05-09,3245,3270,3185,3270,76785,P02,M00P02,M10P02,U04
607,2016-05-10,3215,3415,3180,3345,90550,P05,P00P05,S00P05,U04
608,2016-05-11,3415,3435,3350,3435,42213,P02,P00P02,P10P02,U04
609,2016-05-12,3495,3590,3430,3550,71646,P05,P00P05,P10P05,D04
610,2016-05-13,3555,3625,3455,3550,47023,M05,P00M05,P10M05,D04
611,2016-05-16,3625,3625,3400,3500,42550,M01,M00M01,S03M01,D04
612,2016-05-17,3595,3595,3370,3490,45969,M01,M00M01,M10M01,U04
613,2016-05-18,3500,3500,3355,3465,22330,M02,M00M02,M10M02,D04
614,2016-05-19,3465,3470,3295,3320,48178,M05,M00M05,M10M05,U04
615,2016-05-20,3365,3365,3190,3230,71874,M01,M00M01,M10M01,D04
616,2016-05-23,3200,3480,3155,3450,67282,P05,M00P05,M10P05,U04
617,2016-05-24,3525,3530,3355,3470,28687,M05,P00M05,S02M05,T01
618,2016-05-25,3450,3625,3415,3500,127643,P05,M00P05,S05P05,U04
619,2016-05-26,3585,3585,3355,3410,62508,M01,P00M01,S00M01,U04
620,2016-05-27,3395,3450,3345,3370,32470,M05,M00M05,S07M05,U02
621,2016-05-30,3370,3415,3250,3300,42874,M05,M00M05,M10M05,U02
622,2016-05-31,3350,3350,3225,3300,20937,M01,M00M01,M10M01,U04
623,2016-06-01,3335,3335,3260,3290,31932,M01,M00M01,M10M01,U04
624,2016-06-02,3290,3340,3160,3335,37599,P05,M00P05,M10P05,U01
625,2016-06-03,3330,3430,3320,3355,21489,P05,P00P05,S02P05,U04
626,2016-06-07,2900,2965,2760,2860,1994963,M05,P00M05,P10M05,U04
627,2016-06-08,2790,2815,2715,2715,568641,M03,M00M03,S07M03,T01
628,2016-06-09,2725,2805,2710,2740,247515,P05,M00P05,M10P05,U03
629,2016-06-10,2765,2785,2585,2695,193914,M05,P00M05,S01M05,D04
630,2016-06-13,2640,2665,2575,2585,175044,M05,M00M05,S07M05,D04
631,2016-06-14,2560,2745,2390,2540,667008,M05,M00M05,M10M05,D04
632,2016-06-15,2600,2700,2520,2605,175873,K00,M00K00,M10K00,T01
633,2016-06-16,2680,2685,2560,2570,132532,M05,K00M05,S01M05,T01
634,2016-06-17,2695,2695,2555,2615,92050,M01,M00M01,S07M01,U03
635,2016-06-20,2620,2660,2570,2635,79045,P05,M00P05,M10P05,D04
636,2016-06-21,2600,2650,2580,2620,56180,P05,P00P05,S01P05,U04
637,2016-06-22,2635,2670,2595,2655,78703,P05,P00P05,P10P05,U02
638,2016-06-23,2685,2685,2590,2625,55986,M01,P00M01,P10M01,T01
639,2016-06-24,2570,2640,2310,2310,217355,M13,M00M13,S07M13,U04
640,2016-06-27,2250,2850,2250,2505,467613,P14,M10P14,M10P14,D04
641,2016-06-28,2450,2540,2400,2500,90023,P05,P10P05,S00P05,D04
642,2016-06-29,2475,2590,2475,2505,54344,P04,P00P04,P10P04,U04
643,2016-06-30,2580,2610,2505,2600,104822,P05,P00P05,P10P05,U04
644,2016-07-01,2600,2745,2560,2650,140830,P05,P00P05,P10P05,U04
645,2016-07-04,2705,2770,2665,2710,137599,K00,P00K00,P10K00,U04
646,2016-07-05,2760,2760,2680,2695,42386,M01,K00M01,P10M01,U04
647,2016-07-06,2645,2780,2645,2700,154113,P03,M00P03,S07P03,D04
648,2016-07-07,2700,2730,2650,2680,67692,M05,P00M05,S00M05,U04
649,2016-07-08,2680,2765,2680,2750,84457,P03,M00P03,S03P03,U04
650,2016-07-11,2720,2770,2715,2735,76687,P05,P00P05,S02P05,U04
651,2016-07-12,2745,2840,2710,2775,114761,P05,P00P05,P10P05,U04
652,2016-07-13,2850,2850,2760,2775,42779,M01,P00M01,P10M01,U04
653,2016-07-14,2775,2795,2720,2740,41894,M05,M00M05,S03M05,D04
654,2016-07-15,2835,2835,2730,2745,53437,M01,M00M01,M10M01,U04
655,2016-07-18,2745,2845,2710,2770,62440,P05,M00P05,M10P05,T01
656,2016-07-19,2805,2805,2730,2755,54659,M01,P00M01,S00M01,U04
657,2016-07-20,2805,2805,2730,2790,45207,M02,M00M02,S03M02,D04
658,2016-07-21,2800,3440,2790,3005,1427704,P05,M00P05,M10P05,U04
659,2016-07-22,3000,3155,2940,3030,259946,P05,P00P05,S01P05,D04
660,2016-07-25,3100,3130,2970,2975,88105,M05,P00M05,P10M05,U04
661,2016-07-26,2940,2980,2850,2880,132644,M05,M00M05,S07M05,T01
662,2016-07-27,2920,3485,2865,2940,1520091,P05,M00P05,M10P05,U03
663,2016-07-28,2980,3295,2920,3295,856894,P11,P00P11,S01P11,U04
664,2016-07-29,3295,3360,3145,3275,213133,M05,P10M05,P10M05,U04
665,2016-08-01,3250,3645,3230,3420,442285,P05,M00P05,S03P05,U02
666,2016-08-02,3475,3530,3270,3420,328239,M05,P00M05,S02M05,U04
667,2016-08-03,3480,3790,3345,3530,979275,P05,M00P05,S03P05,D04
668,2016-08-04,3575,3685,3500,3535,234852,M05,P00M05,S01M05,U04
669,2016-08-05,3510,3580,3320,3440,122502,M05,M00M05,S05M05,U02
670,2016-08-08,3420,3500,3280,3315,99326,M05,M00M05,M10M05,U04
671,2016-08-09,3400,3630,3315,3460,217717,P05,M00P05,M10P05,T01
672,2016-08-10,3415,3550,3365,3410,169608,M05,P00M05,S01M05,U03
673,2016-08-11,3475,3475,3310,3310,96469,M00,M00M00,S06M00,D04
674,2016-08-12,3295,3375,3200,3240,122478,M05,M00M05,M10M05,U04
675,2016-08-16,3225,3290,3175,3195,114916,M05,M00M05,M10M05,U04
676,2016-08-17,3235,3290,3045,3130,234650,M05,M00M05,M10M05,D04
677,2016-08-18,3095,3185,3080,3160,61872,P05,M00P05,M10P05,T01
678,2016-08-19,3135,3190,3075,3145,64957,K00,P00K00,S00K00,U03
679,2016-08-22,3200,3200,3030,3070,95277,M01,K00M01,P10M01,T01
680,2016-08-23,3090,3090,2960,3035,77257,M01,M00M01,S07M01,U02
681,2016-08-24,3090,3150,3025,3045,59506,M05,M00M05,M10M05,U04
682,2016-08-25,3025,3600,3025,3230,1198957,P03,M00P03,M10P03,D04
683,2016-08-26,3235,3275,3115,3275,135005,P02,P00P02,S02P02,T01
684,2016-08-29,3230,3230,3055,3055,155445,M00,P00M00,P10M00,U02
685,2016-08-30,3060,3140,3015,3030,81200,M05,M00M05,S07M05,U03
686,2016-08-31,2985,3140,2960,3020,62413,P05,M00P05,M10P05,T01
687,2016-09-01,2970,3010,2925,2965,55499,M05,P00M05,S08M05,T01
688,2016-09-02,2935,3140,2930,3050,75163,P05,M00P05,S07P05,U03
689,2016-09-05,3050,3100,3000,3040,24193,M05,P00M05,S02M05,U03
690,2016-09-06,3010,3050,3000,3015,34712,K00,M00K00,S03K00,U04
691,2016-09-07,3015,3100,2980,2995,66223,M05,K00M05,S08M05,U04
692,2016-09-08,2995,3025,2875,2965,54573,M05,M00M05,S04M05,U02
693,2016-09-09,2930,2995,2855,2920,29851,M05,M00M05,M10M05,D04
694,2016-09-12,3000,3000,2750,2750,72317,M00,M00M00,M10M00,D04
695,2016-09-13,2945,2945,2770,2840,13675,M01,M00M01,M10M01,U04
696,2016-09-19,2805,2950,2805,2900,31188,P03,M00P03,M10P03,T01
697,2016-09-20,2970,2970,2860,2910,18472,M01,P00M01,S00M01,T01
698,2016-09-21,2995,2995,2760,2810,47487,M01,M00M01,S05M01,U02
699,2016-09-22,2880,2950,2740,2895,36989,P05,M00P05,M10P05,U04
700,2016-09-23,2975,2975,2760,2855,34335,M01,P00M01,S01M01,U04
701,2016-09-26,2940,2945,2860,2900,12250,M05,M00M05,S07M05,D04
702,2016-09-27,2905,2935,2865,2930,37406,P05,M00P05,M10P05,D04
703,2016-09-28,2930,3000,2805,2860,79036,M05,P00M05,S01M05,U04
704,2016-09-29,2920,2920,2850,2860,21601,M01,M00M01,S07M01,U03
705,2016-09-30,2825,2990,2820,2940,45399,P05,M00P05,M10P05,D04
706,2016-10-04,2985,2985,2915,2930,55634,M01,P00M01,S02M01,T01
707,2016-10-05,2995,3010,2915,2940,61363,M05,M00M05,S03M05,T01
708,2016-10-06,2940,3350,2930,3250,607172,P15,M00P15,M10P15,U04
709,2016-10-07,3260,3310,3210,3270,186246,K00,P10K00,S02K00,T01
710,2016-10-10,3250,3350,3235,3325,93519,P05,K00P05,P10P05,T01
711,2016-10-11,3325,3325,3155,3200,77662,M01,P00M01,P10M01,U04
712,2016-10-12,3220,3265,3120,3200,40030,M05,M00M05,S07M05,D04
713,2016-10-13,3200,3260,3140,3205,60964,K00,M00K00,M10K00,T01
714,2016-10-14,3220,3655,3200,3500,772436,P05,K00P05,S04P05,D04
715,2016-10-17,3525,3540,3370,3470,172715,M05,P00M05,P10M05,T01
716,2016-10-18,3535,3660,3415,3600,269439,P05,M00P05,S03P05,D04
717,2016-10-19,3600,3760,3555,3600,273086,K02,P00K02,S01K02,U04
718,2016-10-20,3600,3605,3400,3530,130451,M05,K00M05,P10M05,U01
719,2016-10-21,3580,3580,3460,3530,56957,M01,M00M01,S07M01,T01
720,2016-10-24,3865,3865,3560,3640,105378,M01,M00M01,M10M01,U04
721,2016-10-25,3670,3795,3615,3635,89803,M05,M00M05,M10M05,U04
722,2016-10-26,3720,3720,3500,3580,35873,M01,M00M01,M10M01,D04
723,2016-10-27,3680,3680,3520,3600,26282,M01,M00M01,M10M01,D04
724,2016-10-28,3600,3640,3480,3485,40139,M05,M00M05,M10M05,D04
725,2016-10-31,3135,3580,3135,3530,92798,P13,M00P13,M10P13,D04
726,2016-11-01,3435,3575,3435,3500,13190,P03,P10P03,S00P03,T01
727,2016-11-02,3610,3610,3310,3415,56657,M01,P00M01,P10M01,D04
728,2016-11-03,3250,3540,3250,3415,13105,P03,M00P03,S07P03,D04
729,2016-11-04,3500,3500,3360,3360,14838,M00,P00M00,S08M00,D04
730,2016-11-07,3255,3435,3255,3380,11673,P03,M00P03,S03P03,T01
731,2016-11-08,3380,3440,3325,3380,25306,K00,P00K00,S00K00,U04
732,2016-11-09,3500,3500,3050,3115,90785,M11,K00M11,P10M11,U04
733,2016-11-10,3210,3495,3210,3375,28174,P03,M10P03,S07P03,U04
734,2016-11-11,3375,3470,3315,3435,29420,P05,P00P05,S01P05,D04
735,2016-11-14,3435,3460,3400,3400,17159,M03,P00M03,P10M03,U04
736,2016-11-15,3415,3590,3390,3590,32678,P01,M00P01,S03P01,D04
737,2016-11-16,3780,3780,3635,3780,82235,K01,P00K01,S01K01,U04
738,2016-11-17,3805,4150,3760,4105,278211,P05,K00P05,P10P05,U04
739,2016-11-18,4165,4165,3880,3890,66727,M01,P00M01,P10M01,U04
740,2016-11-21,3905,3980,3690,3835,32364,M05,M00M05,S03M05,T01
741,2016-11-22,3800,3970,3700,3900,25286,P05,M00P05,M10P05,U04
742,2016-11-23,3900,3900,3750,3810,11389,M01,P00M01,S00M01,U04
743,2016-11-24,3880,3980,3725,3895,32983,K00,M00K00,S03K00,U04
744,2016-11-25,3895,4280,3890,4035,98283,P05,K00P05,S01P05,T01
745,2016-11-28,4035,4080,3800,3915,60516,M05,P00M05,P10M05,U04
746,2016-11-29,3915,3930,3785,3880,23671,M05,M00M05,S03M05,D04
747,2016-11-30,3930,4090,3840,4085,51481,P05,M00P05,M10P05,U03
748,2016-12-01,4150,4165,4010,4140,45978,M05,P00M05,S01M05,D04
749,2016-12-02,4200,4200,4100,4170,49594,M02,M00M02,S05M02,D04
750,2016-12-05,4050,4200,4015,4195,36283,P05,M00P05,M10P05,U01
751,2016-12-06,4220,4300,4155,4260,68141,P05,P00P05,S00P05,U04
752,2016-12-07,4300,4380,4265,4305,79136,K00,P00K00,P10K00,U04
753,2016-12-08,4350,4440,4280,4440,47358,P01,K00P01,P10P01,U04
754,2016-12-09,4470,4550,4300,4420,50559,M05,P00M05,P10M05,U04
755,2016-12-12,4650,4650,4365,4400,39259,M01,M00M01,S03M01,U04
756,2016-12-13,4490,4490,4270,4285,27134,M01,M00M01,M10M01,D04
757,2016-12-14,4250,4450,4250,4390,25727,P03,M00P03,M10P03,U04
758,2016-12-15,4400,4405,4285,4330,17958,M05,P00M05,S00M05,D04
759,2016-12-16,4250,4475,4150,4180,38727,M05,M00M05,S03M05,U04
760,2016-12-19,4150,4200,3970,3995,64739,M05,M00M05,M10M05,D04
761,2016-12-20,4050,4050,3935,3935,16890,M00,M00M00,M10M00,U04
762,2016-12-21,3955,4145,3930,4095,24297,P05,M00P05,M10P05,U04
763,2016-12-22,4150,4155,4025,4030,9312,M05,P00M05,S01M05,T01
764,2016-12-23,3975,4125,3945,4085,25242,P05,M00P05,S03P05,D04
765,2016-12-26,4010,4200,4010,4020,7283,K02,P00K02,S00K02,D04
766,2016-12-27,4100,4230,4025,4050,23050,M05,K00M05,P10M05,U04
767,2016-12-28,3925,4150,3925,4050,14576,P03,M00P03,S05P03,U04
768,2016-12-29,4150,4150,3905,4150,26573,K01,P00K01,S08K01,D04
769,2017-01-02,4365,4365,4060,4060,24564,M00,K00M00,P10M00,D04
770,2017-01-03,4060,4230,4010,4165,34299,P05,M00P05,S07P05,D04
771,2017-01-04,4240,4280,4070,4150,22008,M05,P00M05,S00M05,U04
772,2017-01-05,4210,4300,4090,4150,19246,M05,M00M05,S03M05,U04
773,2017-01-06,4300,4300,4080,4120,14379,M01,M00M01,M10M01,U03
774,2017-01-09,4440,4440,4070,4200,16337,M01,M00M01,M10M01,U04
775,2017-01-10,4150,4220,4090,4220,17099,P01,M00P01,M10P01,U03
776,2017-01-11,4220,4310,4145,4290,25795,P05,P00P05,S00P05,U04
777,2017-01-12,4340,4485,4230,4485,50953,P01,P00P01,P10P01,U03
778,2017-01-13,4590,4590,4435,4510,32004,M01,P00M01,P10M01,D04
779,2017-01-16,4535,4535,4430,4495,13119,M01,M00M01,S05M01,D04
780,2017-01-17,4220,4485,4220,4410,14663,P03,M00P03,M10P03,U04
781,2017-01-18,4410,4530,4270,4345,14025,M05,P00M05,S08M05,D04
782,2017-01-19,4310,4400,4210,4290,17401,M05,M00M05,S03M05,U04
783,2017-01-20,4245,4370,4205,4275,39007,P05,M00P05,M10P05,D04
784,2017-01-23,4275,4395,4225,4380,103311,P05,P00P05,S08P05,U04
785,2017-01-24,4180,4745,4180,4500,118632,P03,P00P03,P10P03,T01
786,2017-01-25,4550,4550,4445,4480,36902,M01,P00M01,P10M01,U04
787,2017-01-26,4500,4710,4425,4700,49454,P05,M00P05,S03P05,U04
788,2017-01-31,4710,4960,4700,4905,46924,P05,P00P05,S01P05,D04
789,2017-02-01,5000,5000,4880,4910,26718,M01,P00M01,P10M01,T01
790,2017-02-02,4835,4925,4655,4680,28670,M05,M00M05,S05M05,U04
791,2017-02-03,4630,4880,4630,4800,20052,P03,M00P03,M10P03,T01
792,2017-02-06,4660,4800,4600,4760,27011,P05,P00P05,S00P05,U04
793,2017-02-07,4770,4770,4620,4645,9040,M01,P00M01,P10M01,T01
794,2017-02-08,4980,4980,4650,4740,6150,M01,M00M01,S07M01,U03
795,2017-02-09,4850,4880,4605,4850,7884,K01,M00K01,M10K01,U02
796,2017-02-10,4750,4850,4655,4715,16969,M05,K00M05,M10M05,U04
797,2017-02-13,4610,4820,4610,4680,22792,P04,M00P04,S07P04,U04
798,2017-02-14,4840,4840,4550,4605,26790,M01,P00M01,S08M01,U04
799,2017-02-15,4605,4800,4600,4650,23204,P05,M00P05,S07P05,U04
800,2017-02-16,4750,4840,4500,4565,17902,M05,P00M05,S00M05,U04
801,2017-02-17,4745,4745,4450,4540,22243,M01,M00M01,S07M01,T01
802,2017-02-20,4430,4640,4425,4510,19742,P05,M00P05,M10P05,T01
803,2017-02-21,4590,4590,4450,4495,28001,M01,P00M01,S08M01,U04
804,2017-02-22,4695,4695,4440,4500,6679,M01,M00M01,S03M01,U04
805,2017-02-23,4690,4690,4450,4500,15332,M01,M00M01,M10M01,T01
806,2017-02-24,4680,4685,4350,4460,33057,M05,M00M05,M10M05,D04
807,2017-02-27,4565,4565,4250,4360,33488,M01,M00M01,M10M01,U03
808,2017-02-28,4355,4495,4235,4270,39214,M05,M00M05,M10M05,U04
809,2017-03-02,4290,4500,4175,4265,14859,M05,M00M05,M10M05,U04
810,2017-03-03,4400,4400,4175,4300,16095,M01,M00M01,M10M01,D04
811,2017-03-06,4300,4335,4005,4275,64734,M05,M00M05,M10M05,U02
812,2017-03-07,4400,4400,4260,4310,19940,M01,M00M01,M10M01,D04
813,2017-03-08,4380,4380,4180,4295,14781,M01,M00M01,M10M01,T01
814,2017-03-09,4350,4350,4225,4320,9991,M02,M00M02,M10M02,U01
815,2017-03-10,4320,4345,4280,4315,10276,M05,M00M05,M10M05,T01
816,2017-03-13,4400,4400,4280,4295,26216,M01,M00M01,S04M01,U04
817,2017-03-14,4305,4370,4210,4260,27602,M05,M00M05,M10M05,U03
818,2017-03-15,4260,4330,4125,4225,22660,M05,M00M05,M10M05,D04
819,2017-03-16,4390,4390,4110,4230,52569,M01,M00M01,M10M01,U04
820,2017-03-17,4200,4300,4050,4250,51555,P05,M00P05,M10P05,T01
821,2017-03-20,4250,4925,4220,4400,17345,P05,P00P05,S00P05,T01
822,2017-03-21,4585,4590,4270,4400,8801,M05,P00M05,P10M05,T01
823,2017-03-22,4470,4470,4105,4290,21687,M01,M00M01,S03M01,D04
824,2017-03-23,4420,4420,4230,4310,30138,M01,M00M01,M10M01,U04
825,2017-03-24,4380,4380,4260,4330,37125,M01,M00M01,M10M01,T01
826,2017-03-27,4330,4500,4240,4290,9620,M05,M00M05,M10M05,U03
827,2017-03-28,4350,4385,4240,4385,34899,P02,M00P02,M10P02,U03
828,2017-03-29,4500,4655,4365,4600,34976,P05,P00P05,S01P05,U04
829,2017-03-30,4510,4800,4510,4745,42371,P03,P00P03,P10P03,U04
830,2017-03-31,4800,4800,4675,4735,20931,M01,P00M01,P10M01,U04
831,2017-04-03,4785,4785,4625,4735,26518,M02,M00M02,S03M02,T01
832,2017-04-04,4795,4795,4620,4730,36852,M01,M00M01,M10M01,D04
833,2017-04-05,4740,4740,4660,4710,8680,M01,M00M01,M10M01,U01
834,2017-04-06,4710,4710,4630,4700,14724,M02,M00M02,M10M02,D04
835,2017-04-07,4730,4735,4625,4685,8701,M05,M00M05,S04M05,U03
836,2017-04-10,4700,4700,4560,4615,21181,M01,M00M01,S04M01,T01
837,2017-04-11,4565,4600,4420,4530,19950,M05,M00M05,M10M05,U01
838,2017-04-12,4455,4640,4410,4565,29882,P05,M00P05,M10P05,T01
839,2017-04-13,4570,4595,4465,4570,18575,K01,P00K01,S02K01,D04
840,2017-04-14,4570,4640,4470,4575,6910,K00,K00K00,P10K00,D04
841,2017-04-17,4645,4645,4540,4590,10713,M01,K00M01,S04M01,D04
842,2017-04-18,4645,4645,4505,4580,8542,M01,M00M01,S05M01,U04
843,2017-04-19,4645,4645,4500,4600,21973,M02,M00M02,M10M02,T01
844,2017-04-20,4635,4635,4435,4500,22935,M01,M00M01,M10M01,U03
845,2017-04-21,4550,4550,4350,4430,29178,M01,M00M01,M10M01,U04
846,2017-04-24,4430,4450,4090,4345,71556,M05,M00M05,M10M05,T01
847,2017-04-25,4345,4345,4250,4330,16364,M02,M00M02,M10M02,U04
848,2017-04-26,4205,4350,4205,4315,22203,P03,M00P03,M10P03,U04
849,2017-04-27,4375,4375,4120,4315,9588,M02,P00M02,S08M02,T01
850,2017-04-28,4365,4365,4205,4315,18922,M02,M00M02,S03M02,U04
851,2017-05-02,4315,4315,4170,4170,17898,M00,M00M00,M10M00,U04
852,2017-05-04,4170,4260,4040,4160,19619,M05,M00M05,M10M05,D04
853,2017-05-08,4105,4180,4065,4160,16717,P05,M00P05,M10P05,U04
854,2017-05-10,4190,4190,4040,4120,30491,M01,P00M01,S08M01,U04
855,2017-05-11,4185,4185,3930,3965,87002,M01,M00M01,S03M01,U02
856,2017-05-12,3965,4160,3765,3985,40100,P05,M00P05,M10P05,T01
857,2017-05-15,3985,4000,3800,3905,45898,M05,P00M05,S00M05,U01
858,2017-05-16,3825,4300,3700,4300,42206,P11,M00P11,S07P11,U04
859,2017-05-17,4280,4280,3920,3920,69157,M00,P10M00,S02M00,U04
860,2017-05-18,3970,4130,3830,3850,51079,M05,M00M05,S06M05,D04
861,2017-05-19,3765,3985,3765,3915,14627,P03,M00P03,M10P03,U04
862,2017-05-22,3920,4000,3855,3985,11862,P05,P00P05,S00P05,U04
863,2017-05-23,4140,4140,3950,3975,19620,M01,P00M01,P10M01,U04
864,2017-05-24,4000,4040,3855,3940,21980,M05,M00M05,S03M05,U01
865,2017-05-25,3830,4080,3830,3910,10469,P04,M00P04,M10P04,U04
866,2017-05-26,4020,4020,3890,3940,9173,M01,P00M01,S08M01,U04
867,2017-05-29,3950,4040,3920,3940,7213,M05,M00M05,S05M05,U04
868,2017-05-30,3995,3995,3910,3950,2459,M01,M00M01,M10M01,U01
869,2017-05-31,3985,3990,3900,3920,10804,M05,M00M05,M10M05,T01
870,2017-06-01,3920,4000,3845,3920,22925,K00,M00K00,M10K00,T01
871,2017-06-02,4020,4020,3860,3925,16903,M01,K00M01,M10M01,U04
872,2017-06-05,3960,3965,3885,3920,6843,M05,M00M05,S05M05,U04
873,2017-06-07,3995,3995,3890,3945,14216,M01,M00M01,M10M01,D04
874,2017-06-08,3990,3990,3830,3890,28886,M01,M00M01,M10M01,U04
875,2017-06-09,3900,4050,3890,3970,34469,P05,M00P05,M10P05,U04
876,2017-06-12,3970,4040,3900,3935,32001,M05,P00M05,S01M05,D04
877,2017-06-13,3890,3965,3890,3910,29889,P04,M00P04,S03P04,D04
878,2017-06-14,3895,4045,3895,3920,97173,P04,P00P04,S08P04,U04
879,2017-06-15,4045,4045,3940,4000,48332,M01,P00M01,S04M01,D04
880,2017-06-16,4020,4360,3965,4300,87824,P05,M00P05,S05P05,D04
881,2017-06-19,4305,4500,4280,4300,71163,M05,P00M05,S01M05,T01
882,2017-06-20,4305,4415,4170,4410,53997,P05,M00P05,S03P05,U04
883,2017-06-21,4415,4500,4380,4500,48548,P01,P00P01,S01P01,D04
884,2017-06-22,4640,4640,4505,4615,53091,M02,P00M02,P10M02,U04
885,2017-06-23,4650,5370,4600,4995,331951,P05,M00P05,S05P05,U01
886,2017-06-26,5030,5060,4900,4990,147487,M05,P00M05,S01M05,U04
887,2017-06-27,4990,4990,4800,4955,83381,M02,M00M02,S03M02,D04
888,2017-06-28,4915,4995,4910,4960,14990,P05,M00P05,M10P05,D04
889,2017-06-29,5000,5000,4855,4950,15357,M01,P00M01,S00M01,U04
890,2017-06-30,4980,4980,4765,4900,29597,M01,M00M01,S03M01,D04
891,2017-07-03,4970,4970,4680,4815,57931,M01,M00M01,M10M01,T01
892,2017-07-04,4900,4900,4600,4700,49509,M01,M00M01,M10M01,T01
893,2017-07-05,4700,4700,4505,4700,36380,K01,M00K01,M10K01,D04
894,2017-07-06,4745,4875,4580,4660,17332,M05,K00M05,M10M05,U04
895,2017-07-07,4800,4900,4640,4855,56359,P05,M00P05,S07P05,D04
896,2017-07-10,4840,4895,4705,4770,14053,M05,P00M05,S01M05,U04
897,2017-07-11,4850,4850,4680,4780,8464,M01,M00M01,S07M01,U04
898,2017-07-12,4860,4920,4600,4600,24834,M03,M00M03,M10M03,U03
899,2017-07-13,4645,4790,4470,4735,28273,P05,M00P05,M10P05,U04
900,2017-07-14,4795,4795,4650,4740,13578,M01,P00M01,S01M01,U03
901,2017-07-17,4760,4860,4740,4770,9497,K00,M00K00,S05K00,U04
902,2017-07-18,4800,4800,4670,4720,11199,M01,K00M01,S01M01,T01
903,2017-07-19,4650,4745,4650,4710,7284,P03,M00P03,S07P03,U04
904,2017-07-20,4620,4720,4620,4705,8732,P03,P00P03,S08P03,U04
905,2017-07-21,4710,4735,4525,4585,28625,M05,P00M05,P10M05,U01
906,2017-07-24,4500,4605,4500,4505,16009,K02,M00K02,S07K02,T01
907,2017-07-25,4450,4795,4420,4460,12737,K02,K00K02,S08K02,U04
908,2017-07-26,4475,4480,4405,4455,8118,M05,K00M05,P10M05,T01
909,2017-07-27,4455,4700,4455,4580,9318,P03,M00P03,S04P03,U02
910,2017-07-28,4480,4570,4320,4470,33459,M05,P00M05,S02M05,D04
911,2017-07-31,4700,4700,4380,4420,14261,M01,M00M01,S06M01,T01
912,2017-08-01,4275,4490,4275,4380,27537,P03,M00P03,M10P03,D04
913,2017-08-02,4400,4500,4250,4315,12020,M05,P00M05,S08M05,U03
914,2017-08-03,4670,4670,4225,4385,9562,M01,M00M01,S03M01,T01
915,2017-08-04,4255,4400,4255,4390,11271,P03,M00P03,M10P03,D04
916,2017-08-07,4390,4600,4295,4365,9477,M05,P00M05,S00M05,U03
917,2017-08-08,4500,4500,4350,4350,14790,M00,M00M00,S03M00,U04
918,2017-08-09,4370,4400,4320,4390,5158,K01,M00K01,M10K01,T01
919,2017-08-10,4695,4695,4345,4425,15553,M01,K00M01,S01M01,D04
920,2017-08-11,4425,4495,4370,4420,12604,M05,M00M05,S05M05,D04
921,2017-08-14,4500,4500,4390,4420,18954,M01,M00M01,M10M01,U04
922,2017-08-16,4460,4460,4355,4360,3623,M01,M00M01,M10M01,T01
923,2017-08-17,4630,4630,4275,4325,8112,M01,M00M01,M10M01,U03
924,2017-08-18,4385,4385,4180,4230,26028,M01,M00M01,M10M01,D04
925,2017-08-21,4385,4385,4130,4170,11985,M01,M00M01,M10M01,T01
926,2017-08-22,4300,4300,4085,4170,11355,M01,M00M01,M10M01,T01
927,2017-08-23,4260,4260,4050,4100,13809,M01,M00M01,M10M01,U04
928,2017-08-24,4200,4200,3950,4150,22965,M02,M00M02,M10M02,D04
929,2017-08-25,4160,4220,4130,4175,6517,K00,M00K00,M10K00,T01
930,2017-08-28,4280,4280,4010,4120,11043,M01,K00M01,S01M01,T01
931,2017-08-29,4195,4195,3990,4045,21297,M01,M00M01,S07M01,U04
932,2017-08-30,4045,4290,3900,4170,19075,P05,M00P05,M10P05,U04
933,2017-08-31,4200,4380,4140,4245,8557,P05,P00P05,S00P05,U04
934,2017-09-01,4245,4495,4245,4290,13352,P04,P00P04,P10P04,U04
935,2017-09-04,4450,4450,4205,4270,8765,M01,P00M01,P10M01,U04
936,2017-09-05,4270,4340,4175,4200,15912,M05,M00M05,S03M05,U02
937,2017-09-06,4285,4285,4115,4210,14972,M01,M00M01,M10M01,D04
938,2017-09-07,4340,4345,4100,4235,12171,M05,M00M05,M10M05,U04
939,2017-09-08,4300,4420,4065,4180,10331,M05,M00M05,M10M05,U01
940,2017-09-11,4180,4235,4075,4230,18205,P05,M00P05,M10P05,D04
941,2017-09-12,4230,4290,4150,4215,10438,M05,P00M05,S00M05,U04
942,2017-09-13,4300,4300,4080,4165,9725,M01,M00M01,S03M01,U04
943,2017-09-14,4250,4250,4075,4140,8407,M01,M00M01,M10M01,U01
944,2017-09-15,4185,4185,4060,4165,3768,M02,M00M02,M10M02,D04
945,2017-09-18,4170,4170,4070,4135,4404,M01,M00M01,M10M01,U04
946,2017-09-19,4060,4135,3885,4135,21992,P02,M00P02,M10P02,U02
947,2017-09-20,4135,4200,3985,4195,29560,P05,P00P05,S08P05,U02
948,2017-09-21,4015,4195,4015,4080,10846,P03,P00P03,P10P03,T01
949,2017-09-22,4080,4090,3820,4060,7758,M05,P00M05,P10M05,D04
950,2017-09-25,4050,4060,3905,4020,16002,M05,M00M05,S03M05,U01
951,2017-09-26,4175,4175,3910,4045,8236,M01,M00M01,M10M01,D04
952,2017-09-27,4100,4195,4000,4080,2634,M05,M00M05,M10M05,U02
953,2017-09-28,4175,4175,4005,4070,5121,M01,M00M01,M10M01,U04
954,2017-09-29,4210,4210,4000,4070,8092,M01,M00M01,M10M01,T01
955,2017-10-10,4225,4225,3905,4050,13852,M01,M00M01,M10M01,T01
956,2017-10-11,3910,4100,3910,4095,23019,P03,M00P03,M10P03,U02
957,2017-10-12,4110,4110,3960,4080,3875,M02,P00M02,S00M02,U03
958,2017-10-13,4000,4070,3955,4015,4377,K00,M00K00,S03K00,T01
959,2017-10-16,3995,4095,3730,3995,11156,K00,K00K00,S08K00,U03
960,2017-10-17,4000,4070,3915,4000,7147,K00,K00K00,S04K00,U04
961,2017-10-18,4000,4000,3895,3950,6879,M01,K00M01,S04M01,T01
962,2017-10-19,3940,3950,3865,3920,2498,M05,M00M05,S07M05,T01
963,2017-10-20,3920,3990,3890,3985,4925,P05,M00P05,M10P05,D04
964,2017-10-23,3880,4050,3880,3970,14271,P03,P00P03,S02P03,U04
965,2017-10-24,3970,4035,3910,3970,7451,K00,P00K00,P10K00,D04
966,2017-10-25,3900,4060,3900,3960,7063,P03,K00P03,P10P03,U03
967,2017-10-26,3870,3945,3810,3940,8130,P05,P00P05,P10P05,D04
968,2017-10-27,3940,3945,3825,3915,8265,M05,P00M05,P10M05,T01
969,2017-10-30,3935,3995,3790,3900,26356,M05,M00M05,S03M05,U04
970,2017-10-31,4090,4090,3900,3990,7700,M01,M00M01,M10M01,T01
971,2017-11-01,3990,4040,3910,3990,2354,K00,M00K00,M10K00,U04
972,2017-11-02,3910,3985,3875,3970,3191,P05,K00P05,M10P05,T01
973,2017-11-03,4050,4050,3880,3880,3212,M00,P00M00,P10M00,T01
974,2017-11-06,3950,3950,3805,3880,3159,M01,M00M01,S07M01,U04
975,2017-11-07,3925,3925,3785,3855,5962,M01,M00M01,M10M01,U04
976,2017-11-08,3950,3950,3810,3840,13194,M01,M00M01,M10M01,T01
977,2017-11-09,3870,3870,3795,3855,14222,M02,M00M02,M10M02,U04
978,2017-11-10,3885,3885,3805,3880,6962,M02,M00M02,M10M02,D04
979,2017-11-13,3940,3940,3720,3910,29430,M02,M00M02,S04M02,T01
980,2017-11-14,3910,4100,3900,4000,22770,P05,M00P05,M10P05,U02
981,2017-11-15,4010,4010,3900,4005,7524,M02,P00M02,S02M02,D04
982,2017-11-16,4070,4075,3925,4010,4810,M05,M00M05,S05M05,D04
983,2017-11-17,3870,4005,3870,3995,15845,P03,M00P03,M10P03,U04
984,2017-11-20,4010,4100,3945,3995,3188,M05,P00M05,S08M05,T01
985,2017-11-21,4005,4005,3800,3910,35351,M01,M00M01,S03M01,U02
986,2017-11-22,3910,3910,3810,3870,9730,M01,M00M01,M10M01,U04
987,2017-11-23,3905,3905,3795,3865,9377,M01,M00M01,M10M01,U04
988,2017-11-24,3865,3960,3855,3880,11520,K02,M00K02,M10K02,U01
989,2017-11-27,3895,4030,3885,3950,34174,P05,K00P05,S00P05,U04
990,2017-11-28,4130,4910,3990,4010,336252,M05,P00M05,P10M05,T01
991,2017-11-29,4100,4395,4020,4350,77795,P05,M00P05,S05P05,U04
992,2017-11-30,4405,4760,4360,4455,149914,P05,P00P05,S01P05,D04
993,2017-12-01,4500,4610,4350,4450,33841,M05,P00M05,P10M05,U04
994,2017-12-04,4375,4495,4375,4430,21433,P03,M00P03,S03P03,D04
995,2017-12-05,4375,4425,4210,4300,34431,M05,P00M05,S08M05,D04
996,2017-12-06,4260,4365,4205,4315,22655,P05,M00P05,S07P05,T01
997,2017-12-07,4300,4350,4105,4350,13950,P02,P00P02,S00P02,U03
998,2017-12-08,4345,4390,4215,4380,11285,P05,P00P05,P10P05,U04
999,2017-12-11,4430,4430,4235,4390,5388,M02,P00M02,P10M02,U04
1000,2017-12-12,4420,4420,4220,4375,21582,M02,M00M02,S05M02,U04
1001,2017-12-13,4400,4400,4005,4225,16216,M01,M00M01,M10M01,T01
1002,2017-12-14,4220,4225,4010,4210,10194,M05,M00M05,M10M05,U03
1003,2017-12-15,4210,4210,4040,4200,29637,M02,M00M02,M10M02,D04
1004,2017-12-18,4105,4340,4105,4180,3949,P04,M00P04,S04P04,U04
1005,2017-12-19,4075,4250,4045,4160,16317,P05,P00P05,S08P05,U04
1006,2017-12-20,4160,4280,4060,4220,4234,P05,P00P05,P10P05,D04
1007,2017-12-21,4400,4400,4065,4230,9790,M01,P00M01,P10M01,T01
1008,2017-12-22,4200,4200,4105,4180,4696,M02,M00M02,S05M02,U01
1009,2017-12-26,4180,4195,3995,4140,14010,M05,M00M05,M10M05,T01
1010,2017-12-27,4180,4180,3950,4125,23917,M02,M00M02,M10M02,D04
1011,2017-12-28,4125,4130,3975,4130,40697,K01,M00K01,M10K01,U01
1012,2018-01-02,4130,4130,4030,4105,18783,M02,K00M02,S00M02,D04
1013,2018-01-03,4105,4190,4045,4150,20847,P05,M00P05,S04P05,U04
1014,2018-01-04,4075,4210,4075,4150,7810,P03,P00P03,S02P03,U04
1015,2018-01-05,4200,4200,4055,4105,9835,M01,P00M01,P10M01,U03
1016,2018-01-08,4130,4235,4015,4050,14085,M05,M00M05,S03M05,U04
1017,2018-01-09,4090,4090,3950,4015,23865,M01,M00M01,M10M01,U04
1018,2018-01-10,4010,4065,3920,4000,11060,M05,M00M05,M10M05,U01
1019,2018-01-11,3975,4065,3855,3980,19568,K00,M00K00,M10K00,T01
1020,2018-01-12,3995,4060,3945,3945,8008,M03,K00M03,S04M03,U04
1021,2018-01-15,3945,4025,3915,3930,9498,M05,M00M05,S07M05,U04
1022,2018-01-16,4060,4060,3845,3945,15593,M01,M00M01,M10M01,U04
1023,2018-01-17,3860,3975,3825,3900,11635,P05,M00P05,M10P05,D04
1024,2018-01-18,3800,3890,3760,3840,19271,P05,P00P05,S08P05,U04
1025,2018-01-19,3845,3880,3705,3770,34191,M05,P00M05,P10M05,T01
1026,2018-01-22,3665,3840,3665,3840,22847,P00,M00P00,S07P00,U04
1027,2018-01-23,3840,3895,3785,3885,11671,P05,P00P05,S00P05,U04
1028,2018-01-24,3885,3960,3840,3950,15440,P05,P00P05,P10P05,U04
1029,2018-01-25,3950,4070,3820,3965,6868,K00,P00K00,P10K00,D04
1030,2018-01-26,3950,4040,3865,3970,43508,P05,K00P05,P10P05,T01
1031,2018-01-29,4085,4085,3920,3970,39035,M01,P00M01,S04M01,U04
1032,2018-01-30,3965,3965,3815,3875,33389,M01,M00M01,S03M01,D04
1033,2018-01-31,3900,3900,3840,3875,19149,M01,M00M01,M10M01,D04
1034,2018-02-01,3850,3875,3735,3855,23622,K01,M00K01,M10K01,U02
1035,2018-02-02,3855,3855,3720,3820,31467,M02,K00M02,S08M02,D04
1036,2018-02-05,3700,3960,3695,3870,12334,P05,M00P05,S04P05,D04
1037,2018-02-06,3965,4000,3730,3880,24433,M05,P00M05,S02M05,D04
1038,2018-02-07,3875,4020,3785,3895,24917,P05,M00P05,S05P05,U04
1039,2018-02-08,3875,4030,3760,4000,29453,P05,P00P05,S00P05,D04
1040,2018-02-09,4000,4085,3850,4055,10001,P05,P00P05,P10P05,D04
1041,2018-02-12,4080,4080,3950,4000,6296,M01,P00M01,P10M01,U04
1042,2018-02-13,4035,4065,3935,4055,24717,K01,M00K01,S07K01,U04
1043,2018-02-14,3960,4055,3890,4030,23816,P05,K00P05,S01P05,U04
1044,2018-02-19,4090,4095,3800,4035,46981,M05,P00M05,P10M05,U04
1045,2018-02-20,3980,4060,3945,4030,12845,P05,M00P05,S05P05,T01
1046,2018-02-21,4065,4080,3975,4080,25101,K01,P00K01,S08K01,T01
1047,2018-02-22,3990,4115,3985,4060,26117,P05,K00P05,P10P05,T01
1048,2018-02-23,4060,4100,4005,4055,11711,M05,P00M05,P10M05,T01
1049,2018-02-26,4135,4135,4045,4115,37852,M02,M00M02,S03M02,U04
1050,2018-02-27,4165,4165,4030,4145,17130,M02,M00M02,M10M02,U04
1051,2018-02-28,4145,4165,3860,4100,24648,M05,M00M05,M10M05,D04
1052,2018-03-02,4060,4110,4000,4075,16718,K00,M00K00,M10K00,D04
1053,2018-03-05,4010,4300,4010,4250,48877,P03,K00P03,S08P03,U04
1054,2018-03-06,4175,4830,4170,4675,228616,P15,P00P15,P10P15,U04
1055,2018-03-07,4675,4930,4630,4910,189889,P05,P10P05,P10P05,U04
1056,2018-03-08,4930,5100,4830,4945,85449,K00,P00K00,P10K00,U04
1057,2018-03-09,4945,4960,4835,4890,19797,M05,K00M05,P10M05,U04
1058,2018-03-12,4890,4940,4765,4915,37101,P05,M00P05,S07P05,U04
1059,2018-03-13,4915,4915,4700,4720,32257,M01,P00M01,S00M01,U04
1060,2018-03-14,4705,4900,4675,4845,21123,P05,M00P05,S07P05,D04
1061,2018-03-15,4850,5040,4795,5040,90730,P01,P00P01,S00P01,T01
1062,2018-03-16,5040,6540,5040,6320,982288,P13,P00P13,P10P13,T01
1063,2018-03-19,6490,6490,5670,5760,418200,M11,P10M11,P10M11,T01
1064,2018-03-20,5700,6770,5660,5830,628981,P05,M10P05,S03P05,D04
1065,2018-03-21,5840,5950,5180,5440,248049,M05,P00M05,S00M05,U03
1066,2018-03-22,5440,5580,5220,5400,75994,M05,M00M05,S07M05,T01
1067,2018-03-23,5250,5500,5250,5350,79035,P03,M00P03,M10P03,D04
1068,2018-03-26,5490,5490,5220,5310,38317,M01,P00M01,S08M01,D04
1069,2018-03-27,5290,5360,5030,5190,97256,M05,M00M05,S03M05,U04
1070,2018-03-28,5200,5320,5050,5190,54648,M05,M00M05,M10M05,D04
1071,2018-03-29,5190,5230,5020,5130,41308,M05,M00M05,M10M05,D04
1072,2018-03-30,5070,5170,4980,5070,63317,K00,M00K00,M10K00,D04
1073,2018-04-02,5070,5230,4980,5050,52958,M05,K00M05,M10M05,U04
1074,2018-04-03,5080,5080,4800,4930,42745,M01,M00M01,S04M01,D04
1075,2018-04-04,4910,4995,4520,4820,152876,M05,M00M05,M10M05,U04
1076,2018-04-05,4820,4820,4645,4690,35516,M01,M00M01,M10M01,U04
1077,2018-04-06,4700,4840,4550,4835,42241,P05,M00P05,M10P05,U04
1078,2018-04-09,4820,4900,4720,4875,23114,P05,P00P05,S01P05,D04
1079,2018-04-10,4875,4875,4700,4800,18816,M01,P00M01,P10M01,U04
1080,2018-04-11,4825,4870,4700,4820,15118,M05,M00M05,S07M05,U04
1081,2018-04-12,4825,4935,4650,4865,24786,P05,M00P05,M10P05,D04
1082,2018-04-13,4865,4915,4705,4770,20283,M05,P00M05,S04M05,U04
1083,2018-04-16,4780,4945,4600,4860,27087,P05,M00P05,S07P05,D04
1084,2018-04-17,4860,5050,4705,4975,53927,P05,P00P05,S01P05,U04
1085,2018-04-18,5050,5140,4710,4875,35319,M05,P00M05,P10M05,U04
1086,2018-04-19,4905,4940,4745,4890,28980,M05,M00M05,S03M05,U03
1087,2018-04-20,4890,4930,4740,4845,28910,M05,M00M05,M10M05,D04
1088,2018-04-23,4845,4980,4750,4820,20337,M05,M00M05,M10M05,D04
1089,2018-04-24,4900,4920,4710,4915,43936,K01,M00K01,M10K01,T01
1090,2018-04-25,4920,5570,4840,5200,269473,P05,K00P05,S01P05,D04
1091,2018-04-26,5200,5350,5120,5230,57252,P05,P00P05,P10P05,T01
1092,2018-04-27,5230,5230,5060,5120,33310,M01,P00M01,P10M01,U04
1093,2018-04-30,5140,5310,5000,5040,33817,M05,M00M05,S07M05,T01
1094,2018-05-02,5060,5250,5020,5020,35444,M04,M00M04,M10M04,U04
1095,2018-05-03,5020,5070,4950,4995,34140,M05,M00M05,M10M05,D04
1096,2018-05-04,5170,5180,4840,4870,22523,M05,M00M05,M10M05,T01
1097,2018-05-08,4695,4990,4695,4765,27232,P04,M00P04,M10P04,U04
1098,2018-05-09,4765,4855,4680,4785,19547,K00,P00K00,S08K00,T01
1099,2018-05-10,4930,4930,4745,4880,17517,M02,K00M02,P10M02,U04
1100,2018-05-11,4880,4990,4810,4975,25470,P05,M00P05,S05P05,U04
1101,2018-05-14,4975,4995,4860,4970,16938,M05,P00M05,S02M05,T01
1102,2018-05-15,4970,4980,4800,4815,30448,M05,M00M05,S03M05,U02
1103,2018-05-16,4810,4850,4655,4800,27278,M05,M00M05,M10M05,D04
1104,2018-05-17,4800,4895,4755,4835,27417,P05,M00P05,M10P05,U04
1105,2018-05-18,4955,4955,4830,4860,16668,M01,P00M01,S04M01,T01
1106,2018-05-21,4760,4945,4730,4745,35269,M05,M00M05,S05M05,D04
1107,2018-05-23,4850,4940,4760,4840,35386,M05,M00M05,M10M05,T01
1108,2018-05-24,4770,6080,4770,5850,989647,P13,M00P13,M10P13,U04
1109,2018-05-25,5800,6340,5580,5830,295350,P05,P10P05,S02P05,T01
1110,2018-05-28,5730,5730,5390,5700,162295,M02,P00M02,P10M02,T01
1111,2018-05-29,5700,5700,5400,5700,73957,K01,M00K01,S07K01,U02
1112,2018-05-30,5760,6090,5540,5690,116176,M05,K00M05,S04M05,D04
1113,2018-05-31,5790,5790,5380,5380,93735,M00,M00M00,S07M00,U04
1114,2018-06-01,5390,5550,5210,5420,60005,P05,M00P05,M10P05,T01
1115,2018-06-04,5410,5410,5050,5050,102758,M00,P00M00,S01M00,U04
1116,2018-06-05,4980,5340,4950,5160,85327,P05,M00P05,S07P05,U04
1117,2018-06-07,5090,5220,5070,5160,19724,P05,P00P05,S00P05,U04
1118,2018-06-08,5160,5210,4965,5060,49643,M05,P00M05,P10M05,D04
1119,2018-06-11,5060,5150,4995,5090,14249,P05,M00P05,S07P05,U02
1120,2018-06-12,4955,5170,4950,5140,36066,P05,P00P05,S00P05,U03
1121,2018-06-14,5200,5200,4905,4965,36267,M01,P00M01,P10M01,T01
1122,2018-06-15,4965,5090,4815,4815,40894,M03,M00M03,S03M03,U04
1123,2018-06-18,4770,5140,4750,4800,35103,P05,M00P05,M10P05,T01
1124,2018-06-19,4755,4855,4500,4750,47717,M05,P00M05,S08M05,T01
1125,2018-06-20,4750,4840,4560,4755,7335,K00,M00K00,S07K00,D04
1126,2018-06-21,4755,4900,4665,4670,11551,M05,K00M05,S04M05,U04
1127,2018-06-22,4575,4750,4515,4630,32739,P05,M00P05,S07P05,D04
1128,2018-06-25,4535,4690,4535,4635,8191,P03,P00P03,S08P03,T01
1129,2018-06-26,4635,4860,4565,4690,8600,P05,P00P05,P10P05,D04
1130,2018-06-27,4890,4890,4640,4685,11056,M01,P00M01,P10M01,U04
1131,2018-06-28,4640,4900,4515,4630,17370,M05,M00M05,S03M05,D04
1132,2018-06-29,4850,4850,4435,4575,15951,M01,M00M01,M10M01,U04
1133,2018-07-02,4565,4570,4295,4495,42964,M05,M00M05,M10M05,U01
1134,2018-07-03,4550,4550,4280,4485,20557,M02,M00M02,M10M02,U04
1135,2018-07-04,4480,4490,4350,4490,13279,K01,M00K01,M10K01,U04
1136,2018-07-05,4410,4485,4225,4435,28796,P05,K00P05,S00P05,D04
1137,2018-07-06,4520,4520,4255,4415,12937,M01,P00M01,P10M01,U04
1138,2018-07-09,4415,4415,4265,4360,17831,M01,M00M01,S03M01,U04
1139,2018-07-10,4355,4515,4260,4450,23305,P05,M00P05,M10P05,U04
1140,2018-07-11,4565,4565,4320,4350,24401,M01,P00M01,S02M01,U01
1141,2018-07-12,4300,4390,4275,4310,6349,K00,M00K00,S07K00,D04
1142,2018-07-13,4310,4480,4255,4465,17763,P05,K00P05,S08P05,U04
1143,2018-07-16,4620,5130,4375,4380,67719,M05,P00M05,P10M05,T01
1144,2018-07-17,4345,4475,4295,4410,10758,P05,M00P05,S03P05,T01
1145,2018-07-18,4405,4455,4305,4375,12682,M05,P00M05,S00M05,U04
1146,2018-07-19,4375,4425,4260,4365,7722,M05,M00M05,S06M05,T01
1147,2018-07-20,4365,4365,4215,4285,10229,M01,M00M01,S04M01,D04
1148,2018-07-23,4230,4285,4000,4255,21123,P05,M00P05,M10P05,T01
1149,2018-07-24,4255,4255,4160,4210,2527,M01,P00M01,S08M01,U04
1150,2018-07-25,4280,4280,4075,4140,6877,M01,M00M01,S07M01,T01
1151,2018-07-26,4065,4240,4050,4140,16851,P05,M00P05,M10P05,U04
1152,2018-07-27,4025,4255,4005,4210,63513,P05,P00P05,S08P05,D04
1153,2018-07-30,4135,4240,4090,4220,5298,P05,P00P05,P10P05,D04
1154,2018-07-31,4215,4275,4185,4225,7718,K00,P00K00,P10K00,D04
1155,2018-08-01,4345,4345,4130,4200,11825,M01,K00M01,P10M01,U04
1156,2018-08-02,4125,4245,4125,4210,5915,P03,M00P03,S07P03,U04
1157,2018-08-03,4315,4315,4135,4215,5148,M01,P00M01,S00M01,U04
1158,2018-08-06,4110,4270,4110,4210,5050,P03,M00P03,S05P03,U02
1159,2018-08-07,4260,4260,4170,4215,12067,M01,P00M01,S08M01,U04
1160,2018-08-08,4205,4285,4125,4215,11412,K00,M00K00,S05K00,U04
1161,2018-08-09,4155,4205,4150,4195,7642,P05,K00P05,S08P05,U01
1162,2018-08-10,4195,4260,4150,4195,10208,K00,P00K00,P10K00,U01
1163,2018-08-13,4105,4200,4050,4175,23930,P05,K00P05,S04P05,D04
1164,2018-08-14,4065,4180,4065,4170,10100,P03,P00P03,P10P03,T01
1165,2018-08-16,4070,4275,4000,4205,66419,P05,P00P05,P10P05,D04
1166,2018-08-17,4110,4395,4110,4185,7958,P04,P00P04,P10P04,U04
1167,2018-08-20,4315,4315,4075,4100,19657,M01,P00M01,P10M01,U02
1168,2018-08-21,4120,4145,4090,4105,1535,M05,M00M05,S07M05,U01
1169,2018-08-22,4105,4140,4070,4110,15060,K00,M00K00,M10K00,U04
1170,2018-08-23,4070,4415,4070,4085,32760,K02,K00K02,S04K02,U04
1171,2018-08-24,4080,4150,4080,4090,7059,K02,K00K02,S04K02,T01
1172,2018-08-27,4075,4290,3950,4080,29421,K00,K00K00,S04K00,U04
1173,2018-08-28,4080,4185,4070,4180,9424,P05,K00P05,S04P05,U04
1174,2018-08-29,4350,4350,4170,4170,4058,M00,P00M00,P10M00,U02
1175,2018-08-30,4105,4240,4105,4215,2141,P03,M00P03,S03P03,U04
1176,2018-08-31,4200,4215,4170,4215,5820,K01,P00K01,S00K01,T01
1177,2018-09-03,4195,4195,4130,4185,11563,M02,K00M02,P10M02,T01
1178,2018-09-04,4135,4360,4135,4135,2664,K02,M00K02,S04K02,U03
1179,2018-09-05,4200,4250,4100,4145,6932,M05,K00M05,M10M05,T01
1180,2018-09-06,4245,4245,4080,4080,6391,M00,M00M00,S05M00,D04
1181,2018-09-07,4095,4195,4005,4080,19739,M05,M00M05,M10M05,D04
1182,2018-09-10,4245,4245,4050,4085,8646,M01,M00M01,M10M01,T01
1183,2018-09-11,4085,4085,3965,4080,48089,M02,M00M02,M10M02,U03
1184,2018-09-12,4080,4120,4025,4050,8276,M05,M00M05,M10M05,U04
1185,2018-09-13,4285,4285,4000,4060,2953,M01,M00M01,S04M01,T01
1186,2018-09-14,4000,4070,4000,4005,8678,K02,M00K02,M10K02,U04
1187,2018-09-17,4005,4035,3945,4005,3465,K00,K00K00,S08K00,T01
1188,2018-09-18,4095,4095,3880,4005,44384,M01,K00M01,S04M01,D04
1189,2018-09-19,3995,3995,3855,3975,35346,M02,M00M02,S07M02,U04
1190,2018-09-20,3895,3970,3875,3895,15851,K02,M00K02,M10K02,T01
1191,2018-09-21,3940,3970,3815,3815,13485,M03,K00M03,M10M03,U04
1192,2018-09-27,3715,3790,3710,3720,68382,K02,M00K02,S07K02,T01
1193,2018-09-28,3715,3860,3715,3855,10322,P03,K00P03,S08P03,U04
1194,2018-10-01,3855,3895,3765,3765,10688,M03,P00M03,P10M03,U01
1195,2018-10-02,3765,4035,3740,3985,22265,P05,M00P05,S03P05,T01
1196,2018-10-04,4065,4065,3790,3950,27549,M01,P00M01,S02M01,U04
1197,2018-10-05,3820,3995,3820,3925,21004,P03,M00P03,S03P03,D04
1198,2018-10-08,3935,3935,3800,3885,7963,M01,P00M01,S08M01,D04
1199,2018-10-10,3960,3960,3795,3875,3681,M01,M00M01,S03M01,T01
1200,2018-10-11,3875,3875,3530,3775,21291,M02,M00M02,M10M02,D04
1201,2018-10-12,3755,3940,3720,3900,16340,P05,M00P05,M10P05,D04
1202,2018-10-15,3950,4000,3800,3895,7322,M05,P00M05,S02M05,U04
1203,2018-10-16,3800,3910,3770,3910,2400,P01,M00P01,S03P01,D04
1204,2018-10-17,3905,4000,3895,3980,1991,P05,P00P05,S00P05,U04
1205,2018-10-18,3910,4000,3840,3990,1989,P05,P00P05,P10P05,T01
1206,2018-10-19,3870,3990,3800,3910,12684,P05,P00P05,P10P05,D04
1207,2018-10-22,3910,3910,3720,3815,13241,M01,P00M01,P10M01,D04
1208,2018-10-23,3860,3875,3700,3830,9568,M05,M00M05,S07M05,U03
1209,2018-10-24,3850,3850,3705,3800,8163,M01,M00M01,M10M01,D04
1210,2018-10-25,3830,3830,3620,3800,9563,M02,M00M02,M10M02,D04
1211,2018-10-26,3855,3855,3705,3800,3962,M01,M00M01,M10M01,U04
1212,2018-10-29,3850,3850,3650,3660,15257,M01,M00M01,M10M01,D04
1213,2018-10-30,3785,3785,3515,3715,3843,M02,M00M02,M10M02,D04
1214,2018-10-31,3800,3895,3700,3760,7773,M05,M00M05,M10M05,U04
1215,2018-11-01,3890,3890,3710,3780,10774,M01,M00M01,M10M01,U04
1216,2018-11-02,3780,3845,3650,3730,20417,M05,M00M05,M10M05,U04
1217,2018-11-05,3730,3800,3615,3800,14115,P01,M00P01,M10P01,D04
1218,2018-11-06,3800,3875,3675,3730,10948,M05,P00M05,S02M05,D04
1219,2018-11-07,3800,3835,3710,3750,1351,M05,M00M05,S07M05,U04
1220,2018-11-08,3750,3895,3610,3700,33554,M05,M00M05,M10M05,U04
1221,2018-11-09,3735,3900,3645,3700,19684,M05,M00M05,M10M05,D04
1222,2018-11-12,3705,3890,3625,3685,13360,M05,M00M05,M10M05,D04
1223,2018-11-13,3685,3850,3620,3720,17477,P05,M00P05,M10P05,D04
1224,2018-11-14,3665,3730,3535,3635,35892,M05,P00M05,S04M05,T01
1225,2018-11-15,3635,3635,3535,3635,13847,K01,M00K01,S07K01,D04
1226,2018-11-16,3640,3800,3550,3620,12579,M05,K00M05,S04M05,U04
1227,2018-11-19,3555,3685,3530,3650,18821,P05,M00P05,S04P05,T01
1228,2018-11-20,3685,3685,3480,3500,20699,M01,P00M01,S02M01,D04
1229,2018-11-21,3580,3580,3410,3535,7025,M02,M00M02,S07M02,D04
1230,2018-11-22,3565,3565,3425,3485,40490,M01,M00M01,M10M01,D04
1231,2018-11-23,3410,3510,3390,3455,27304,P05,M00P05,M10P05,U04
1232,2018-11-26,3455,3620,3400,3400,18669,M04,P00M04,S08M04,D04
1233,2018-11-27,3400,3450,3395,3400,7403,K02,M00K02,S07K02,U04
1234,2018-11-28,3460,3460,3340,3445,7475,M02,K00M02,M10M02,T01
1235,2018-11-29,3445,3595,3445,3505,3410,P03,M00P03,S05P03,U04
1236,2018-11-30,3440,3600,3440,3550,4443,P03,P00P03,S02P03,T01
1237,2018-12-03,3510,3700,3500,3605,3351,P05,P00P05,P10P05,U04
1238,2018-12-04,3600,3600,3510,3515,3703,M01,P00M01,P10M01,U04
1239,2018-12-05,3440,3535,3440,3445,3336,K02,M00K02,S06K02,U04
1240,2018-12-06,3440,3550,3225,3320,27830,M05,K00M05,S08M05,D04
1241,2018-12-07,3325,3490,3325,3350,2158,P04,M00P04,S07P04,U04
1242,2018-12-10,3400,3495,3305,3375,916,M05,P00M05,S01M05,D04
1243,2018-12-11,3310,3450,3305,3360,4388,P05,M00P05,S05P05,U04
1244,2018-12-12,3315,3450,3310,3445,4357,P05,P00P05,S08P05,U02
1245,2018-12-13,3385,3455,3325,3415,2061,P05,P00P05,P10P05,U04
1246,2018-12-14,3425,3435,3315,3355,9472,M05,P00M05,P10M05,D04
1247,2018-12-17,3355,3440,3270,3395,6296,P05,M00P05,S07P05,D04
1248,2018-12-18,3260,3455,3260,3260,12499,K02,P00K02,S00K02,D04
1249,2018-12-19,3280,3330,3040,3130,38639,M05,K00M05,P10M05,U04
1250,2018-12-20,3100,3155,3090,3090,10201,M04,M00M04,S07M04,D04
1251,2018-12-21,3120,3120,3020,3080,15246,M01,M00M01,M10M01,D04
1252,2018-12-24,3080,3130,3030,3045,8376,M05,M00M05,M10M05,D04
1253,2018-12-26,2930,3055,2925,3015,18938,P05,M00P05,M10P05,D04
1254,2018-12-27,3160,3160,2950,2950,21230,M00,P00M00,S08M00,U04
1255,2018-12-28,2955,3250,2950,3100,11667,P05,M00P05,S03P05,U04
1256,2019-01-02,3135,3360,3115,3115,6718,M04,P00M04,S01M04,U04
1257,2019-01-03,3135,3255,3050,3155,9106,P05,M00P05,S05P05,U04
1258,2019-01-04,3025,3110,3025,3095,3956,P03,P00P03,S01P03,D04
1259,2019-01-07,3300,3300,3010,3065,14781,M01,P00M01,P10M01,U04
1260,2019-01-08,3085,3450,3070,3160,14792,P05,M00P05,S03P05,U04
1261,2019-01-09,3120,3285,3120,3220,1737,P03,P00P03,S01P03,U04
1262,2019-01-10,3300,3500,3155,3235,12627,M05,P00M05,P10M05,U04
1263,2019-01-11,3255,3325,3170,3265,4309,K00,M00K00,S05K00,U04
1264,2019-01-14,3265,3450,3205,3235,5974,M05,K00M05,S01M05,T01
1265,2019-01-15,3440,3440,3170,3245,6323,M01,M00M01,S04M01,D04
1266,2019-01-16,3200,3255,3160,3230,7168,P05,M00P05,M10P05,U04
1267,2019-01-17,3230,3250,3170,3170,2575,M03,P00M03,S08M03,U02
1268,2019-01-18,3160,3200,3100,3200,20870,P01,M00P01,S07P01,U04
1269,2019-01-21,3290,3400,3135,3400,16022,P01,P00P01,S00P01,U04
1270,2019-01-22,3450,3480,3330,3435,4993,M05,P00M05,P10M05,U04
1271,2019-01-23,3355,3480,3355,3435,5984,P03,M00P03,S05P03,D04
1272,2019-01-24,3455,3465,3390,3455,3803,K01,P00K01,S08K01,U01
1273,2019-01-25,3465,3600,3445,3550,16894,P05,K00P05,P10P05,U04
1274,2019-01-28,3550,3600,3455,3530,6243,M05,P00M05,P10M05,U04
1275,2019-01-29,3480,3530,3410,3515,5226,P05,M00P05,S03P05,D04
1276,2019-01-30,3520,3535,3465,3520,33890,K01,P00K01,S08K01,D04
1277,2019-01-31,3520,3535,3445,3535,7398,K01,K00K01,P10K01,U04
1278,2019-02-01,3535,3535,3405,3530,9854,M02,K00M02,S04M02,U04
1279,2019-02-07,3500,3700,3500,3550,7982,P04,M00P04,S04P04,D04
1280,2019-02-08,3415,3590,3415,3580,11982,P03,P00P03,S02P03,D04
1281,2019-02-11,3600,3730,3530,3585,6453,M05,P00M05,P10M05,U02
1282,2019-02-12,3530,3620,3520,3580,10141,P05,M00P05,S05P05,U02
1283,2019-02-13,3560,3635,3545,3605,13710,P05,P00P05,S08P05,U04
1284,2019-02-14,3605,3805,3585,3805,41324,P01,P00P01,P10P01,U01
1285,2019-02-15,3805,3940,3685,3940,6259,P01,P00P01,P10P01,U01
1286,2019-02-18,3940,3985,3825,3965,10596,P05,P00P05,P10P05,U01
1287,2019-02-19,3965,4065,3835,4010,22239,P05,P00P05,P10P05,U04
1288,2019-02-20,4010,4035,3900,4000,17462,M05,P00M05,P10M05,U03
1289,2019-02-21,4000,4000,3920,3990,16921,M02,M00M02,S03M02,T01
1290,2019-02-22,3990,3990,3845,3935,5991,M01,M00M01,S04M01,D04
1291,2019-02-25,3935,4000,3905,3970,21087,P05,M00P05,M10P05,U04
1292,2019-02-26,3905,3970,3850,3925,15936,P05,P00P05,S00P05,U04
1293,2019-02-27,3925,3995,3885,3970,6339,P05,P00P05,P10P05,T01
1294,2019-02-28,4030,4030,3800,3890,14469,M01,P00M01,P10M01,U01
1295,2019-03-04,3890,3990,3825,3850,13769,M05,M00M05,S07M05,U04
1296,2019-03-05,3850,3985,3815,3935,9566,P05,M00P05,M10P05,T01
1297,2019-03-06,3865,3970,3830,3900,9138,P05,P00P05,S02P05,T01
1298,2019-03-07,3910,3995,3830,3915,24507,K00,P00K00,P10K00,D04
1299,2019-03-08,3915,3975,3840,3935,4157,P05,K00P05,P10P05,D04
1300,2019-03-11,3865,3985,3860,3940,4378,P05,P00P05,S04P05,T01
1301,2019-03-12,3940,3995,3890,3940,3808,K00,P00K00,P10K00,U04
1302,2019-03-13,3915,3940,3860,3940,4522,P02,K00P02,P10P02,U04
1303,2019-03-14,3940,3950,3920,3945,4004,K01,P00K01,S04K01,U04
1304,2019-03-15,3940,3970,3900,3920,6321,M05,K00M05,S04M05,T01
1305,2019-03-18,4080,4080,3910,4010,9443,M01,M00M01,S04M01,U04
1306,2019-03-19,4055,4055,3900,4000,4308,M01,M00M01,M10M01,U04
1307,2019-03-20,4050,4050,3900,4020,4912,M02,M00M02,M10M02,U02
1308,2019-03-21,4025,4025,3915,3920,1663,M01,M00M01,M10M01,U01
1309,2019-03-22,3915,4430,3865,4130,74067,P05,M00P05,M10P05,U04
1310,2019-03-25,4200,4200,3970,3985,9167,M01,P00M01,S02M01,D04
1311,2019-03-26,3985,4180,3985,4010,1726,P04,M00P04,S03P04,T01
1312,2019-03-27,4010,4155,3850,4085,17911,P05,P00P05,S00P05,U04
1313,2019-03-28,4070,4175,3965,4055,4869,M05,P00M05,P10M05,D04
1314,2019-03-29,4045,4145,3970,4130,4041,P05,M00P05,S06P05,U04
1315,2019-04-01,4145,4145,3950,4090,12155,M02,P00M02,S02M02,U04
1316,2019-04-02,4090,4155,4040,4100,3321,K00,M00K00,S03K00,U04
1317,2019-04-03,4100,4100,4000,4030,13734,M01,K00M01,S00M01,U03
1318,2019-04-04,4030,4055,4010,4055,3902,P01,M00P01,S07P01,U04
1319,2019-04-05,4190,4190,4020,4100,3381,M01,P00M01,S00M01,T01
1320,2019-04-08,4100,4100,4025,4035,2314,M01,M00M01,S05M01,U04
1321,2019-04-09,4020,4095,3990,4040,13123,K00,M00K00,M10K00,U03
1322,2019-04-10,4100,4100,4010,4050,2828,M01,K00M01,S00M01,D04
1323,2019-04-11,4050,4070,3990,4070,19157,K01,M00K01,S05K01,U04
1324,2019-04-12,4095,4095,4020,4070,2018,M02,K00M02,S00M02,T01
1325,2019-04-15,4095,4095,3970,4070,16524,M02,M00M02,S03M02,U04
1326,2019-04-16,4070,4070,3995,3995,4808,M00,M00M00,S04M00,T01
1327,2019-04-17,4100,4100,3950,4075,6181,M02,M00M02,M10M02,U04
1328,2019-04-18,4090,4090,3985,4070,26659,M02,M00M02,M10M02,T01
1329,2019-04-19,4075,4085,3950,4085,20522,K01,M00K01,S04K01,T01
1330,2019-04-22,4085,4085,4000,4060,13480,M02,K00M02,S04M02,T01
1331,2019-04-23,4060,4060,4000,4040,2880,M02,M00M02,S04M02,U03
1332,2019-04-24,4040,4040,3990,4030,2546,M02,M00M02,M10M02,U04
1333,2019-04-25,4030,4095,3965,3995,9388,M05,M00M05,S04M05,T01
1334,2019-04-26,3995,4060,3925,3980,6577,M05,M00M05,M10M05,U03
1335,2019-04-29,3980,4085,3975,4005,2709,P05,M00P05,M10P05,U04
1336,2019-04-30,3995,4070,3980,3995,22068,K02,P00K02,S04K02,U03
1337,2019-05-02,4015,4015,3850,4015,16375,K01,K00K01,S04K01,D04
1338,2019-05-03,3955,4045,3935,4015,11492,P05,K00P05,S04P05,T01
1339,2019-05-07,3965,4030,3965,4020,9753,P03,P00P03,P10P03,D04
1340,2019-05-08,4055,4055,3990,4020,8717,M01,P00M01,P10M01,D04
1341,2019-05-09,3965,4060,3960,4035,22688,P05,M00P05,S03P05,T01
1342,2019-05-10,4050,4060,3990,4025,20706,M05,P00M05,S00M05,D04
1343,2019-05-13,3930,4070,3930,3990,32225,P03,M00P03,S03P03,U01
1344,2019-05-14,3950,4075,3800,4055,35136,P05,P00P05,S08P05,D04
1345,2019-05-15,4115,4115,3870,4095,51898,M02,P00M02,P10M02,U04
1346,2019-05-16,4095,4100,3950,4095,26177,K01,M00K01,S05K01,U04
1347,2019-05-17,4325,4325,4055,4120,11383,M01,K00M01,S04M01,U04
1348,2019-05-20,4120,4140,3985,4120,11992,K01,M00K01,S05K01,D04
1349,2019-05-21,4115,4115,3955,4095,61234,M02,K00M02,M10M02,D04
1350,2019-05-22,4095,4100,3985,4050,2083,M05,M00M05,S04M05,U04
1351,2019-05-23,4050,4050,3955,4000,6161,M01,M00M01,M10M01,D04
1352,2019-05-24,3960,4000,3925,3985,5418,P05,M00P05,M10P05,D04
1353,2019-05-27,3975,3990,3930,3980,2598,K01,P00K01,S08K01,D04
1354,2019-05-28,3980,4095,3895,3965,7845,M05,K00M05,S04M05,U02
1355,2019-05-29,4070,4070,3890,3970,10258,M01,M00M01,S04M01,D04
1356,2019-05-30,3970,3970,3905,3970,797,K01,M00K01,M10K01,D04
1357,2019-05-31,3915,4185,3915,4025,6410,P03,K00P03,M10P03,U03
1358,2019-06-03,4020,4020,3950,4000,2744,M02,P00M02,P10M02,D04
1359,2019-06-04,3920,4010,3915,4010,3932,P01,M00P01,S06P01,D04
1360,2019-06-05,3990,4000,3805,3970,4153,M05,P00M05,S00M05,U04
1361,2019-06-07,3970,4000,3935,4000,4982,P01,M00P01,S06P01,U04
1362,2019-06-10,4000,4160,3950,3965,4950,M05,P00M05,S04M05,U04
1363,2019-06-11,3965,3970,3920,3950,3549,M05,M00M05,S04M05,U04
1364,2019-06-12,3950,4040,3945,3980,1843,P05,M00P05,M10P05,T01
1365,2019-06-13,4005,4005,3895,3965,5096,M01,P00M01,S04M01,D04
1366,2019-06-14,3935,4010,3885,4000,41456,P05,M00P05,S03P05,U04
1367,2019-06-17,4000,4000,3925,3940,6112,M01,P00M01,S00M01,D04
1368,2019-06-18,3940,3980,3885,3885,6731,M03,M00M03,S03M03,U04
1369,2019-06-19,3890,4000,3855,3855,9034,M04,M00M04,M10M04,U04
1370,2019-06-20,3895,3900,3830,3890,13653,M05,M00M05,M10M05,U04
1371,2019-06-21,3890,3930,3850,3905,2958,K00,M00K00,M10K00,U04
1372,2019-06-24,4090,4090,3870,3950,3211,M01,K00M01,S04M01,T01
1373,2019-06-25,3960,3965,3780,3900,7471,M05,M00M05,S05M05,D04
1374,2019-06-26,3850,3905,3820,3900,6253,P05,M00P05,M10P05,D04
1375,2019-06-27,3885,3905,3800,3895,17367,K01,P00K01,S08K01,U04
1376,2019-06-28,3895,3895,3750,3775,21393,M01,K00M01,P10M01,U04
1377,2019-07-01,4150,4520,3940,4295,430689,P05,M00P05,S07P05,U04
1378,2019-07-02,4600,5580,4560,5580,810046,P11,P00P11,S01P11,U04
1379,2019-07-03,6300,6690,5930,6490,5336051,P05,P10P05,P10P05,U03
1380,2019-07-04,6430,6450,5820,6220,1666513,M05,P00M05,P10M05,U03
1381,2019-07-05,6240,6260,5780,5780,790784,M03,M00M03,S07M03,U04
1382,2019-07-08,5950,6560,5620,6180,2615120,P05,M00P05,M10P05,T01
1383,2019-07-09,6070,6070,5460,5500,1014189,M01,P00M01,S01M01,D04
1384,2019-07-10,5700,5790,5280,5560,802205,M05,M00M05,S07M05,U04
1385,2019-07-11,5720,6320,5320,5440,2408093,M05,M00M05,M10M05,U04
1386,2019-07-12,5580,6090,5460,5900,1904231,P05,M00P05,M10P05,T01
1387,2019-07-15,6120,7390,5900,7060,4925195,P15,P00P15,S01P15,U04
1388,2019-07-16,6950,6950,6580,6790,783220,M01,P10M01,P10M01,U03
1389,2019-07-17,6790,6850,6640,6760,348065,M05,M00M05,S06M05,D04
1390,2019-07-18,6850,7080,6640,6640,614105,M03,M00M03,M10M03,D04
1391,2019-07-19,6490,6750,5690,6040,1276010,M05,M00M05,M10M05,U03
1392,2019-07-22,6000,7440,5830,6860,7147502,P15,M00P15,M10P15,D04
1393,2019-07-23,6940,6940,6340,6400,1799509,M01,P10M01,S02M01,U04
1394,2019-07-24,6250,6470,5980,6060,1008980,M05,M00M05,S03M05,U04
1395,2019-07-25,6070,6830,6000,6180,3128281,P05,M00P05,M10P05,U04
1396,2019-07-26,6150,7240,5720,6350,4199338,P05,P00P05,S01P05,D04
1397,2019-07-29,6630,8250,6070,8250,5708379,P11,P00P11,P10P11,U04
1398,2019-07-30,8250,8750,7540,7760,4575780,M05,P10M05,P10M05,D04
1399,2019-07-31,7930,8120,6850,6880,2369395,M15,M00M15,S03M15,T01
1400,2019-08-01,6800,8500,6610,8500,6076776,P11,M10P11,M10P11,D04
1401,2019-08-02,9220,10000,8300,8600,8457168,M05,P10M05,S02M05,D04
1402,2019-08-05,8690,8980,8170,8980,3272912,P01,M00P01,S05P01,D04
1403,2019-08-06,8550,8750,7700,8010,2028808,M05,P00M05,S01M05,D04
1404,2019-08-07,8180,8490,7820,8300,1692402,P05,M00P05,S07P05,U04
1405,2019-08-08,8000,8790,7250,8190,4367247,P05,P00P05,S01P05,U04
1406,2019-08-09,8170,8330,7750,7770,1065020,M05,P00M05,P10M05,U04
1407,2019-08-12,7770,7830,7460,7800,562062,K01,M00K01,S07K01,D04
1408,2019-08-13,7680,8120,7570,7690,948941,K02,K00K02,S00K02,D04
1409,2019-08-14,7850,8300,7810,8270,2162485,P05,K00P05,P10P05,U04
1410,2019-08-16,8120,8250,7960,8010,873760,M05,P00M05,P10M05,T01
1411,2019-08-19,8160,8170,7610,7700,522046,M05,M00M05,S06M05,U04
1412,2019-08-20,7530,7590,7100,7240,664707,M05,M00M05,M10M05,U04
1413,2019-08-21,7340,7550,7100,7150,520945,M05,M00M05,M10M05,D04
1414,2019-08-22,7150,7220,6670,6720,731124,M05,M00M05,M10M05,U04
1415,2019-08-23,6970,7110,6770,6980,835930,K00,M00K00,M10K00,D04
1416,2019-08-26,6800,7580,6660,7330,1815269,P05,K00P05,S01P05,D04
1417,2019-08-27,7330,7480,7160,7460,529015,P05,P00P05,P10P05,U04
1418,2019-08-28,7460,7690,7260,7290,634390,M05,P00M05,P10M05,D04
1419,2019-08-29,7300,7380,6800,6800,572021,M03,M00M03,S07M03,U04
1420,2019-08-30,6650,6700,6330,6380,667345,M05,M00M05,M10M05,U04
1421,2019-09-02,6490,6680,6450,6510,344737,K00,M00K00,M10K00,U04
1422,2019-09-03,6530,6610,6310,6450,255987,M05,K00M05,S01M05,T01
1423,2019-09-04,6890,7650,6880,7240,2710809,P05,M00P05,S07P05,D04
1424,2019-09-05,7240,7380,6960,7290,724344,P05,P00P05,S01P05,U04
1425,2019-09-06,7310,7340,7040,7080,294524,M05,P00M05,P10M05,U04
1426,2019-09-09,7020,7190,6900,6960,246428,M05,M00M05,S07M05,T01
1427,2019-09-10,7010,7070,6800,6860,192437,M05,M00M05,M10M05,T01
1428,2019-09-11,6930,6990,6600,6990,150110,P02,M00P02,M10P02,T01
1429,2019-09-16,7010,7040,6770,6780,150462,M05,P00M05,S01M05,T01
1430,2019-09-17,6610,6790,6610,6710,124968,P03,M00P03,S07P03,D04
1431,2019-09-18,6660,6750,6600,6720,147540,P05,P00P05,S08P05,U04
1432,2019-09-19,6720,6860,6700,6830,133136,P05,P00P05,P10P05,T01
1433,2019-09-20,6830,6900,6760,6860,114471,K00,P00K00,P10K00,U01
1434,2019-09-23,6800,6880,6280,6500,269234,M05,K00M05,P10M05,D04
1435,2019-09-24,6500,6550,6350,6520,169013,K01,M00K01,S07K01,T01
1436,2019-09-25,6520,6590,6210,6210,209459,M03,K00M03,S00M03,D04
1437,2019-09-26,6320,6530,6260,6420,140086,P05,M00P05,S07P05,U04
1438,2019-09-27,6410,6550,6350,6530,95530,P05,P00P05,S01P05,D04
1439,2019-09-30,6530,6570,6270,6310,96973,M05,P00M05,P10M05,D04
1440,2019-10-01,6260,7000,6250,6620,562766,P05,M00P05,S07P05,U04
1441,2019-10-02,6620,7070,6430,6920,564224,P05,P00P05,S02P05,D04
1442,2019-10-04,8360,8990,8350,8990,5117496,P01,P00P01,P10P01,U04
1443,2019-10-07,9500,10200,9230,9240,9785736,M05,P00M05,P10M05,U04
1444,2019-10-08,9030,11200,8590,9830,14322662,P05,M00P05,S05P05,D04
1445,2019-10-10,9950,10350,9550,9840,3904680,M05,P00M05,S02M05,U04
1446,2019-10-11,9730,10100,9270,9500,2513320,M05,M00M05,S05M05,U04
1447,2019-10-14,9950,9950,9030,9160,1718777,M01,M00M01,M10M01,U04
1448,2019-10-15,9070,9430,9000,9150,1821914,P05,M00P05,M10P05,T01
1449,2019-10-16,9160,9200,8820,8950,1142827,M05,P00M05,S08M05,U04
1450,2019-10-17,9000,9080,8600,8680,933264,M05,M00M05,S07M05,D04
1451,2019-10-18,8710,8820,8490,8550,810000,M05,M00M05,M10M05,U04
1452,2019-10-21,8500,8620,8160,8240,794088,M05,M00M05,M10M05,D04
1453,2019-10-22,8310,8540,8150,8440,942487,P05,M00P05,M10P05,U04
1454,2019-10-23,8440,8460,7990,8000,693655,M05,P00M05,S01M05,D04
1455,2019-10-24,8010,8120,7810,8110,446519,P05,M00P05,S07P05,U03
1456,2019-10-25,8110,8730,7990,8160,2332688,P05,P00P05,S01P05,U04
1457,2019-10-28,8260,8350,7730,7730,681033,M03,P00M03,P10M03,U04
1458,2019-10-29,7740,7820,7410,7680,429590,M05,M00M05,S07M05,U04
1459,2019-10-30,7650,8090,7580,7700,534322,P05,M00P05,M10P05,D04
1460,2019-10-31,7710,7950,7710,7850,253235,P03,P00P03,S00P03,U04
1461,2019-11-01,7880,8320,7820,8000,930693,P05,P00P05,P10P05,T01
1462,2019-11-04,8020,8060,7600,7630,499536,M05,P00M05,P10M05,U04
1463,2019-11-05,7650,7760,7600,7690,208163,P05,M00P05,S07P05,U04
1464,2019-11-06,7860,7930,7640,7690,386429,M05,P00M05,S01M05,T01
1465,2019-11-07,7710,7750,7300,7340,384503,M05,M00M05,S03M05,D04
1466,2019-11-08,7370,7450,7250,7310,186197,M05,M00M05,M10M05,U04
1467,2019-11-11,7290,7440,7160,7430,179227,P05,M00P05,M10P05,U04
1468,2019-11-12,7430,7780,7380,7750,460018,P05,P00P05,S02P05,T01
1469,2019-11-13,7760,7920,7580,7730,394967,M05,P00M05,P10M05,U03
1470,2019-11-14,7830,7880,7710,7830,318975,K00,M00K00,S03K00,T01
1471,2019-11-15,7790,7960,7730,7950,283701,P05,K00P05,M10P05,T01
1472,2019-11-18,7660,7750,7450,7600,474521,M05,P00M05,P10M05,U04
1473,2019-11-19,7430,7580,7400,7530,209411,P05,M00P05,S07P05,U02
1474,2019-11-20,7540,7700,7060,7270,260381,M05,P00M05,S08M05,U03
1475,2019-11-21,7150,7320,7130,7190,113986,P05,M00P05,S07P05,D04
1476,2019-11-22,7100,7770,7100,7450,633564,P03,P00P03,S08P03,T01
1477,2019-11-25,7290,7380,7070,7340,229304,P05,P00P05,P10P05,U02
1478,2019-11-26,7280,7620,7280,7530,173642,P03,P00P03,P10P03,U04
1479,2019-11-27,7530,7740,7460,7550,209524,K00,P00K00,P10K00,U03
1480,2019-11-28,7550,7720,7410,7510,144207,M05,K00M05,P10M05,U03
1481,2019-11-29,7490,7740,7410,7450,121388,M05,M00M05,S04M05,U04
1482,2019-12-02,7530,7620,7450,7540,110021,K00,M00K00,M10K00,D04
1483,2019-12-03,7480,7640,7400,7500,112271,K00,K00K00,S01K00,D04
1484,2019-12-04,7510,7640,7440,7630,131630,P05,K00P05,S04P05,D04
1485,2019-12-05,7750,7790,7170,7260,370196,M05,P00M05,P10M05,U04
1486,2019-12-06,7270,7400,7170,7380,73900,P05,M00P05,S07P05,U01
1487,2019-12-09,7340,7630,7310,7470,121484,P05,P00P05,S01P05,U04
1488,2019-12-10,7450,7590,7310,7480,77949,K00,P00K00,P10K00,D04
1489,2019-12-11,7580,7660,7350,7620,138719,P05,K00P05,P10P05,T01
1490,2019-12-12,7660,7850,7600,7690,310681,K00,P00K00,P10K00,U04
1491,2019-12-13,7720,7800,7630,7640,125393,M05,K00M05,P10M05,U04
1492,2019-12-16,7640,7790,7630,7700,161680,P05,M00P05,S07P05,U03
1493,2019-12-17,7720,8300,7680,8300,1295812,P01,P00P01,S00P01,U04
1494,2019-12-18,8310,8320,8000,8030,463471,M05,P00M05,P10M05,U02
1495,2019-12-19,8100,8430,8060,8110,929230,K02,M00K02,S03K02,U01
1496,2019-12-20,8150,8290,8010,8080,240929,M05,K00M05,S01M05,U04
1497,2019-12-23,8040,8080,7520,7600,484505,M05,M00M05,S04M05,U04
1498,2019-12-24,7600,7620,7410,7460,163411,M05,M00M05,M10M05,U03
1499,2019-12-26,7420,7610,7350,7540,136383,P05,M00P05,M10P05,U01
1500,2019-12-27,7540,7740,7440,7740,172940,P01,P00P01,S00P01,U04
1501,2019-12-30,7800,7800,7600,7670,157329,M01,P00M01,P10M01,T01
1502,2020-01-02,7790,7790,7590,7710,98794,M01,M00M01,S03M01,U04
1503,2020-01-03,7830,8760,7800,8130,3903761,P05,M00P05,M10P05,U04
1504,2020-01-06,8130,8330,7850,8240,1043130,P05,P00P05,S01P05,D04
1505,2020-01-07,8290,8360,8030,8030,479693,M03,P00M03,P10M03,U04
1506,2020-01-08,8030,8030,7430,7530,595583,M01,M00M01,S07M01,T01
1507,2020-01-09,7740,7900,7650,7830,247657,P05,M00P05,M10P05,U04
1508,2020-01-10,7830,7920,7770,7880,196856,P05,P00P05,S01P05,U04
1509,2020-01-13,7870,7900,7730,7900,164329,K01,P00K01,P10K01,T01
1510,2020-01-14,7850,8240,7850,7920,620872,P04,K00P04,S04P04,U04
1511,2020-01-15,7910,8020,7820,7890,215945,M05,P00M05,S04M05,T01
1512,2020-01-16,7890,7970,7750,7810,157485,M05,M00M05,S04M05,U01
1513,2020-01-17,7810,8140,7810,7970,266717,P03,M00P03,M10P03,U04
1514,2020-01-20,7970,8020,7800,7800,209610,M03,P00M03,S02M03,U04
1515,2020-01-21,7750,7870,7610,7650,209446,M05,M00M05,S07M05,U04
1516,2020-01-22,7620,7770,7550,7720,136472,P05,M00P05,M10P05,T01
1517,2020-01-23,7720,7840,7670,7710,146785,M05,P00M05,S00M05,U02
1518,2020-01-28,7400,7450,6880,7300,263596,M05,M00M05,S03M05,D04
1519,2020-01-29,7400,7400,7150,7260,126204,M01,M00M01,M10M01,U04
1520,2020-01-30,7260,7300,7050,7120,156845,M05,M00M05,M10M05,U01
1521,2020-01-31,7020,7170,6590,6590,223022,M03,M00M03,M10M03,U03
1522,2020-02-03,6410,7000,6400,7000,266347,P01,M00P01,M10P01,D04
1523,2020-02-04,6980,7100,6860,7040,101928,P05,P00P05,S00P05,U04
1524,2020-02-05,7120,7220,7040,7070,112440,M05,P00M05,P10M05,U04
1525,2020-02-06,7090,7390,7060,7290,155817,P05,M00P05,S05P05,U04
1526,2020-02-07,7290,7470,7180,7390,112244,P05,P00P05,S01P05,U04
1527,2020-02-10,7250,7390,7210,7330,86448,P05,P00P05,P10P05,D04
1528,2020-02-11,7400,7490,7280,7370,125730,M05,P00M05,P10M05,U04
1529,2020-02-12,7400,7770,7290,7600,263473,P05,M00P05,S05P05,U02
1530,2020-02-13,7650,7650,7350,7400,138153,M01,P00M01,S01M01,U04
1531,2020-02-14,7410,7470,7290,7340,79192,M05,M00M05,S07M05,T01
1532,2020-02-17,7300,7450,7280,7450,92266,P01,M00P01,M10P01,T01
1533,2020-02-18,7450,7580,7330,7330,116688,M03,P00M03,S02M03,U03
1534,2020-02-19,7330,7390,7070,7150,162069,M05,M00M05,S03M05,T01
1535,2020-02-20,7160,7290,7040,7130,105540,M05,M00M05,M10M05,U04
1536,2020-02-21,6970,7130,6770,6820,165120,M05,M00M05,M10M05,D04
1537,2020-02-24,6530,6730,6430,6450,156355,M05,M00M05,M10M05,D04
1538,2020-02-25,6210,6820,6210,6700,107634,P03,M00P03,M10P03,D04
1539,2020-02-26,6540,6560,6390,6440,104711,M05,P00M05,S02M05,D04
1540,2020-02-27,6500,6500,6090,6100,158869,M01,M00M01,S06M01,U03
1541,2020-02-28,5910,6090,5710,5800,176779,M05,M00M05,M10M05,D04
1542,2020-03-02,5740,6180,5740,6170,112595,P03,M00P03,M10P03,T01
1543,2020-03-03,6260,6450,6030,6030,72898,M03,P00M03,S02M03,U04
1544,2020-03-04,6000,6240,5890,6170,95381,P05,M00P05,S03P05,D04
1545,2020-03-05,6300,6340,6200,6240,73720,M05,P00M05,S00M05,U04
1546,2020-03-06,6180,6240,6040,6140,64382,M05,M00M05,S05M05,D04
1547,2020-03-09,5990,6130,5660,5660,114971,M03,M00M03,M10M03,D04
1548,2020-03-10,5490,5800,5410,5730,163937,P05,M00P05,M10P05,D04
1549,2020-03-11,5730,5780,5320,5350,131615,M05,P00M05,S00M05,U04
1550,2020-03-12,5250,5400,4930,4975,174463,M05,M00M05,S07M05,D04
1551,2020-03-13,4685,4695,3900,4410,246107,M05,M00M05,M10M05,D04
1552,2020-03-16,4275,4750,4245,4245,156766,M04,M00M04,M10M04,U04
1553,2020-03-17,3660,4505,3660,4255,190163,P13,M00P13,M10P13,D04
1554,2020-03-18,4165,4350,3925,3925,153918,M03,P10M03,S00M03,U04
1555,2020-03-19,3930,4140,2910,2980,459358,M15,M00M15,S06M15,D04
1556,2020-03-20,3005,3305,3000,3280,310823,P05,M10P05,M10P05,U04
1557,2020-03-23,3095,3230,2950,3140,113686,P05,P00P05,S01P05,D04
1558,2020-03-24,3235,3700,3175,3600,210164,P15,P00P15,P10P15,T01
1559,2020-03-25,3900,3935,3705,3800,193979,M05,P10M05,P10M05,U04
1560,2020-03-26,4120,4940,3880,4375,619676,P05,M00P05,S05P05,D04
1561,2020-03-27,4645,4995,4395,4535,329120,M05,P00M05,S01M05,U04
1562,2020-03-30,4495,4980,4230,4900,296095,P05,M00P05,S05P05,D04
1563,2020-03-31,5200,5200,4855,4910,206334,M01,P00M01,S02M01,U04
1564,2020-04-01,4910,5140,4780,4805,256188,M05,M00M05,S05M05,D04
1565,2020-04-02,4805,5050,4700,4900,141501,P05,M00P05,M10P05,D04
1566,2020-04-03,4925,4980,4730,4850,129377,M05,P00M05,S00M05,U04
1567,2020-04-06,4790,5180,4790,5120,223572,P03,M00P03,S03P03,D04
1568,2020-04-07,5300,5630,5200,5400,363012,P05,P00P05,S02P05,U04
1569,2020-04-08,5520,5950,5400,5740,406205,P05,P00P05,P10P05,D04
1570,2020-04-09,5760,5940,5750,5780,180284,K02,P00K02,P10K02,U04
1571,2020-04-10,5800,5900,5500,5700,172686,M05,K00M05,P10M05,U04
1572,2020-04-13,5860,5860,5330,5330,162436,M00,M00M00,S07M00,U04
1573,2020-04-14,5370,5600,5370,5520,90051,P03,M00P03,M10P03,U04
1574,2020-04-16,5520,5770,5480,5700,148088,P05,P00P05,S01P05,D04
1575,2020-04-17,5830,5880,5670,5770,210474,M05,P00M05,P10M05,U04
1576,2020-04-20,5900,5980,5680,5710,120030,M05,M00M05,S05M05,U04
1577,2020-04-21,5710,5740,5210,5590,144498,M05,M00M05,M10M05,D04
1578,2020-04-22,5450,5550,5310,5550,100496,P01,M00P01,M10P01,D04
1579,2020-04-23,5700,5700,5470,5600,132115,M01,P00M01,S08M01,U04
1580,2020-04-24,5600,5660,5400,5420,122174,M05,M00M05,S05M05,T01
1581,2020-04-27,5430,5550,5330,5510,96222,P05,M00P05,M10P05,U04
1582,2020-04-28,5590,5590,5380,5440,80821,M01,P00M01,S01M01,U04
1583,2020-04-29,5480,5640,5420,5510,135091,P05,M00P05,S03P05,D04
1584,2020-05-04,5530,5560,5410,5490,96793,M05,P00M05,S01M05,D04
1585,2020-05-06,5510,5560,5450,5540,96635,P05,M00P05,S04P05,U04
1586,2020-05-07,5600,6380,5510,5990,875780,P05,P00P05,S04P05,U04
1587,2020-05-08,6010,6150,5910,6110,248131,P05,P00P05,P10P05,U04
1588,2020-05-11,6180,6180,5910,5950,172593,M01,P00M01,P10M01,U04
1589,2020-05-12,6010,6050,5760,5880,152958,M05,M00M05,S07M05,U04
1590,2020-05-13,5800,5950,5510,5870,146741,P05,M00P05,M10P05,D04
1591,2020-05-14,5870,6090,5770,5830,172735,M05,P00M05,S08M05,D04
1592,2020-05-15,5940,5940,5760,5800,98053,M01,M00M01,S03M01,U04
1593,2020-05-18,5810,6000,5760,5910,145106,P05,M00P05,M10P05,U04
1594,2020-05-19,6040,6050,5870,6030,163583,M05,P00M05,S01M05,U04
1595,2020-05-20,6000,7210,5950,6750,2277375,P15,M00P15,S05P15,D04
1596,2020-05-21,6770,6940,6580,6670,607056,M05,P10M05,S02M05,U04
1597,2020-05-22,6710,6740,6390,6710,267101,K01,M00K01,S03K01,D04
1598,2020-05-25,6700,6880,6640,6770,248387,P05,K00P05,M10P05,D04
1599,2020-05-26,6820,7090,6790,6900,447860,P05,P00P05,P10P05,U04
1600,2020-05-27,7040,7040,6680,6720,256421,M01,P00M01,P10M01,U03
1601,2020-05-28,6730,6790,6250,6450,234044,M05,M00M05,S07M05,U04
1602,2020-05-29,6420,6500,6260,6330,117496,M05,M00M05,M10M05,D04
1603,2020-06-01,6400,6900,6360,6840,409048,P05,M00P05,M10P05,U04
1604,2020-06-02,6840,7280,6740,6820,1312159,M05,P00M05,S01M05,U04
1605,2020-06-03,7000,7100,6800,6850,368308,M05,M00M05,S03M05,U04
1606,2020-06-04,7090,7320,6930,7240,1268753,P05,M00P05,M10P05,U04
1607,2020-06-05,7520,8680,7490,7930,10340309,P05,P00P05,S01P05,D04
1608,2020-06-08,7950,8130,7780,7980,1419110,K00,P00K00,P10K00,U04
1609,2020-06-09,7880,7930,7640,7800,738961,M05,K00M05,P10M05,U04
1610,2020-06-10,7740,7740,7490,7520,554125,M01,M00M01,S07M01,U04
1611,2020-06-11,7430,7670,7260,7310,527333,M05,M00M05,M10M05,U04
1612,2020-06-12,7000,7160,6900,7150,412129,P05,M00P05,M10P05,D04
1613,2020-06-15,7070,7220,6400,6410,648426,M05,P00M05,S08M05,U04
1614,2020-06-16,6690,6710,6550,6580,239886,M05,M00M05,S07M05,U04
1615,2020-06-17,6450,6770,6410,6690,266565,P05,M00P05,M10P05,U04
1616,2020-06-18,6690,7030,6690,6850,242948,P03,P00P03,S02P03,U02
1617,2020-06-19,7020,7850,6750,7480,3561824,P05,P00P05,P10P05,U04
1618,2020-06-22,7400,7580,7140,7450,717915,P05,P00P05,P10P05,T01
1619,2020-06-23,7470,7600,7200,7280,439642,M05,P00M05,P10M05,U04
1620,2020-06-24,7420,7760,7390,7580,1315718,P05,M00P05,S07P05,U04
1621,2020-06-25,7430,8000,7300,7730,1311313,P05,P00P05,S01P05,D04
1622,2020-06-26,8000,8000,7540,7550,688609,M01,P00M01,P10M01,U04
1623,2020-06-29,7360,7620,7300,7350,321497,M05,M00M05,S03M05,D04
1624,2020-06-30,7630,7990,7470,7760,1938904,P05,M00P05,M10P05,U04
1625,2020-07-01,7980,7990,7560,7570,814966,M05,P00M05,S01M05,U04
1626,2020-07-02,7660,7660,7420,7660,274761,K01,M00K01,S07K01,U04
1627,2020-07-03,7720,7870,7470,7600,359673,M05,K00M05,M10M05,U04
1628,2020-07-06,7610,7700,7430,7480,273940,M05,M00M05,S07M05,U04
1629,2020-07-07,7620,7620,7320,7350,265581,M01,M00M01,M10M01,U04
1630,2020-07-08,7350,7520,7330,7520,237074,P01,M00P01,M10P01,D04
1631,2020-07-09,7690,7830,7520,7610,705654,M05,P00M05,S00M05,U04
1632,2020-07-10,7620,7780,7440,7490,419534,M05,M00M05,S05M05,U04
1633,2020-07-13,7490,7630,7400,7570,235766,P05,M00P05,M10P05,U04
1634,2020-07-14,7560,7570,7400,7470,197601,M05,P00M05,S00M05,D04
1635,2020-07-15,7510,7710,7430,7640,337426,P05,M00P05,S07P05,U04
1636,2020-07-16,7690,8240,7690,8200,3028031,P03,P00P03,S01P03,U04
1637,2020-07-17,8050,8160,7850,7920,840822,M05,P00M05,P10M05,D04
1638,2020-07-20,7910,7920,7610,7730,445362,M05,M00M05,S06M05,U04
1639,2020-07-21,7710,7800,7650,7770,316326,P05,M00P05,M10P05,U04
1640,2020-07-22,7700,7740,7520,7570,344100,M05,P00M05,S00M05,D04
1641,2020-07-23,7570,7640,7400,7570,330952,K00,M00K00,S07K00,U03
1642,2020-07-24,7570,7570,7330,7350,260538,M01,K00M01,M10M01,D04
1643,2020-07-27,7460,8100,7450,7890,1686348,P05,M00P05,S07P05,D04
1644,2020-07-28,8070,8070,7730,7780,776755,M01,P00M01,S01M01,U04
1645,2020-07-29,7720,7850,7710,7790,272029,P05,M00P05,S03P05,D04
1646,2020-07-30,7950,8020,7790,8010,649147,P05,P00P05,S00P05,U04
1647,2020-07-31,7970,7990,7800,7830,327078,M05,P00M05,P10M05,U04
1648,2020-08-03,7900,8160,7830,8120,1131017,P05,M00P05,S07P05,U04
1649,2020-08-04,8270,8540,7950,7950,1803574,M03,P00M03,S01M03,U04
1650,2020-08-05,8000,8060,7800,7940,497594,M05,M00M05,S03M05,U04
1651,2020-08-06,7910,8550,7900,8370,3503725,P05,M00P05,M10P05,U04
1652,2020-08-07,8300,8310,8000,8130,754574,M05,P00M05,S02M05,U04
1653,2020-08-10,8150,8150,7900,8110,366142,M02,M00M02,S06M02,D04
1654,2020-08-11,8150,8270,8010,8080,429743,M05,M00M05,M10M05,D04
1655,2020-08-12,8080,8080,7710,7810,365537,M01,M00M01,S04M01,D04
1656,2020-08-13,7820,7990,7800,7810,195879,M05,M00M05,M10M05,U04
1657,2020-08-14,7830,7830,7610,7690,209547,M01,M00M01,M10M01,U03
1658,2020-08-18,7420,7500,6580,6890,868834,M05,M00M05,M10M05,U04
1659,2020-08-19,6890,7030,6790,6830,205197,M05,M00M05,M10M05,U04
1660,2020-08-20,6710,6970,6350,6480,331874,M05,M00M05,M10M05,D04
1661,2020-08-21,6670,6700,6300,6580,253667,M05,M00M05,M10M05,U04
1662,2020-08-24,6580,6840,6430,6780,134984,P05,M00P05,M10P05,U04
1663,2020-08-25,6780,6950,6780,6850,153988,P03,P00P03,S02P03,U04
1664,2020-08-26,6900,6960,6740,6870,126669,M05,P00M05,P10M05,U04
1665,2020-08-27,6800,6830,6620,6650,178565,M05,M00M05,S05M05,U04
1666,2020-08-28,6650,6920,6610,6830,277499,P05,M00P05,M10P05,D04
1667,2020-08-31,6800,6880,6660,6710,133725,M05,P00M05,S02M05,U04
1668,2020-09-01,6660,6950,6640,6880,221438,P05,M00P05,S06P05,U04
1669,2020-09-02,6990,7090,6880,6900,252250,M05,P00M05,S02M05,U04
1670,2020-09-03,7050,7450,6950,7380,812523,P05,M00P05,S05P05,U04
1671,2020-09-04,7010,7310,6970,7200,241719,P05,P00P05,S01P05,D04
1672,2020-09-07,7300,7300,7070,7250,340248,M02,P00M02,P10M02,D04
1673,2020-09-08,7470,7480,7200,7230,234941,M05,M00M05,S05M05,D04
1674,2020-09-09,7150,7230,7070,7140,120730,M05,M00M05,M10M05,D04
1675,2020-09-10,7170,7270,7140,7230,128588,P05,M00P05,M10P05,U04
1676,2020-09-11,7200,7230,7080,7190,90916,M05,P00M05,S01M05,D04
1677,2020-09-14,7200,7380,7190,7260,130301,P05,M00P05,S04P05,D04
1678,2020-09-15,7230,7320,7170,7240,93176,K00,P00K00,S04K00,U04
1679,2020-09-16,7240,7280,7090,7140,127459,M05,K00M05,S04M05,U04
1680,2020-09-17,7150,7150,6970,6990,133003,M01,M00M01,S07M01,D04
1681,2020-09-18,6990,7060,6850,6900,116664,M05,M00M05,M10M05,D04
1682,2020-09-21,7010,7010,6780,6790,95312,M01,M00M01,M10M01,D04
1683,2020-09-22,6670,6780,6590,6590,109298,M03,M00M03,M10M03,T01
1684,2020-09-23,6620,6990,6580,6720,77265,P05,M00P05,M10P05,U04
1685,2020-09-24,6510,6630,6460,6500,102719,M05,P00M05,S01M05,D04
1686,2020-09-25,6430,6580,6400,6410,64358,M05,M00M05,S07M05,U04
1687,2020-09-28,6410,6550,6410,6550,36925,P00,M00P00,M10P00,U04
1688,2020-09-29,6620,6670,6520,6570,34440,M05,P00M05,S02M05,U04
1689,2020-10-05,6570,6660,6470,6620,48185,P05,M00P05,S05P05,D04
1690,2020-10-06,6640,6760,6640,6720,51681,P03,P00P03,S04P03,U04
1691,2020-10-07,6720,6730,6530,6730,34003,K01,P00K01,P10K01,D04
1692,2020-10-08,6750,6780,6640,6660,44202,M05,K00M05,P10M05,U04
1693,2020-10-12,6670,6800,6610,6660,53202,M05,M00M05,S07M05,U04
1694,2020-10-13,6510,6730,6510,6640,62905,P03,M00P03,M10P03,U04
1695,2020-10-14,6570,6700,6530,6600,61448,K00,P00K00,S08K00,T01
1696,2020-10-15,6590,6590,6380,6450,80496,M01,K00M01,P10M01,D04
1697,2020-10-16,6400,6520,6350,6450,53295,P05,M00P05,S07P05,D04
1698,2020-10-19,6340,6480,6340,6390,44784,P03,P00P03,S08P03,D04
1699,2020-10-20,6300,6460,5990,6190,153639,M05,P00M05,P10M05,D04
1700,2020-10-21,6190,6260,6130,6250,32358,P05,M00P05,S07P05,U04
1701,2020-10-22,6300,6320,6180,6230,38227,M05,P00M05,S00M05,D04
1702,2020-10-23,6210,6260,6120,6180,39241,M05,M00M05,S03M05,U03
1703,2020-10-26,6180,6180,5920,5930,94380,M01,M00M01,M10M01,U04
1704,2020-10-27,5850,6230,5740,6150,122072,P05,M00P05,M10P05,D04
